frame,openface_x_17,openface_y_17,mediapipe_x_17,mediapipe_y_17,openface_x_18,openface_y_18,mediapipe_x_18,mediapipe_y_18,openface_x_19,openface_y_19,mediapipe_x_19,mediapipe_y_19,openface_x_20,openface_y_20,mediapipe_x_20,mediapipe_y_20,openface_x_21,openface_y_21,mediapipe_x_21,mediapipe_y_21,openface_x_22,openface_y_22,mediapipe_x_22,mediapipe_y_22,openface_x_23,openface_y_23,mediapipe_x_23,mediapipe_y_23,openface_x_24,openface_y_24,mediapipe_x_24,mediapipe_y_24,openface_x_25,openface_y_25,mediapipe_x_25,mediapipe_y_25,openface_x_26,openface_y_26,mediapipe_x_26,mediapipe_y_26,openface_x_27,openface_y_27,mediapipe_x_27,mediapipe_y_27,openface_x_28,openface_y_28,mediapipe_x_28,mediapipe_y_28,openface_x_29,openface_y_29,mediapipe_x_29,mediapipe_y_29,openface_x_30,openface_y_30,mediapipe_x_30,mediapipe_y_30,openface_x_31,openface_y_31,mediapipe_x_31,mediapipe_y_31,openface_x_32,openface_y_32,mediapipe_x_32,mediapipe_y_32,openface_x_33,openface_y_33,mediapipe_x_33,mediapipe_y_33,openface_x_34,openface_y_34,mediapipe_x_34,mediapipe_y_34,openface_x_35,openface_y_35,mediapipe_x_35,mediapipe_y_35,openface_x_36,openface_y_36,mediapipe_x_36,mediapipe_y_36,openface_x_37,openface_y_37,mediapipe_x_37,mediapipe_y_37,openface_x_38,openface_y_38,mediapipe_x_38,mediapipe_y_38,openface_x_39,openface_y_39,mediapipe_x_39,mediapipe_y_39,openface_x_40,openface_y_40,mediapipe_x_40,mediapipe_y_40,openface_x_41,openface_y_41,mediapipe_x_41,mediapipe_y_41,openface_x_42,openface_y_42,mediapipe_x_42,mediapipe_y_42,openface_x_43,openface_y_43,mediapipe_x_43,mediapipe_y_43,openface_x_44,openface_y_44,mediapipe_x_44,mediapipe_y_44,openface_x_45,openface_y_45,mediapipe_x_45,mediapipe_y_45,openface_x_46,openface_y_46,mediapipe_x_46,mediapipe_y_46,openface_x_47,openface_y_47,mediapipe_x_47,mediapipe_y_47,openface_x_48,openface_y_48,mediapipe_x_48,mediapipe_y_48,openface_x_49,openface_y_49,mediapipe_x_49,mediapipe_y_49,openface_x_50,openface_y_50,mediapipe_x_50,mediapipe_y_50,openface_x_51,openface_y_51,mediapipe_x_51,mediapipe_y_51,openface_x_52,openface_y_52,mediapipe_x_52,mediapipe_y_52,openface_x_53,openface_y_53,mediapipe_x_53,mediapipe_y_53,openface_x_54,openface_y_54,mediapipe_x_54,mediapipe_y_54,openface_x_55,openface_y_55,mediapipe_x_55,mediapipe_y_55,openface_x_56,openface_y_56,mediapipe_x_56,mediapipe_y_56,openface_x_57,openface_y_57,mediapipe_x_57,mediapipe_y_57,openface_x_58,openface_y_58,mediapipe_x_58,mediapipe_y_58,openface_x_59,openface_y_59,mediapipe_x_59,mediapipe_y_59,openface_x_60,openface_y_60,mediapipe_x_60,mediapipe_y_60,openface_x_61,openface_y_61,mediapipe_x_61,mediapipe_y_61,openface_x_62,openface_y_62,mediapipe_x_62,mediapipe_y_62,openface_x_63,openface_y_63,mediapipe_x_63,mediapipe_y_63,openface_x_64,openface_y_64,mediapipe_x_64,mediapipe_y_64,openface_x_65,openface_y_65,mediapipe_x_65,mediapipe_y_65,openface_x_66,openface_y_66,mediapipe_x_66,mediapipe_y_66,openface_x_67,openface_y_67,mediapipe_x_67,mediapipe_y_67
1,375.9,227.1,376.0,228.5,391.3,218.0,389.0,222.5,406.2,215.1,403.0,220.0,421.3,215.9,418.0,221.0,435.5,219.1,432.5,224.5,453.4,215.7,453.0,222.5,458.0,210.3,460.0,217.0,461.6,207.6,463.5,214.5,465.3,209.1,463.5,215.5,466.5,216.7,460.5,220.0,444.3,237.0,441.6666666666667,236.16666666666666,448.8,251.0,448.0,253.6,454.2,264.8,452.42857142857144,266.42857142857144,459.3,279.0,454.75,277.5,435.4,293.2,429.7692307692308,288.7692307692308,442.6,295.3,441.9166666666667,290.4166666666667,449.2,296.6,449.8666666666667,292.46666666666664,453.1,294.0,453.6666666666667,289.4166666666667,456.3,291.0,454.3636363636364,282.54545454545456,391.7,243.6,389.1666666666667,244.16666666666666,402.9,237.4,398.6,238.0,411.4,236.6,412.25,237.75,417.2,243.0,418.6666666666667,244.88888888888889,411.8,246.0,407.75,252.0,403.1,246.7,394.2,251.0,446.0,239.0,442.57142857142856,240.57142857142858,452.5,231.0,446.75,233.25,457.6,230.4,453.6,230.6,459.1,235.1,453.57142857142856,235.0,458.5,239.5,450.8333333333333,241.83333333333334,453.5,240.6,445.0,242.66666666666666,411.6,328.3,415.14285714285717,326.85714285714283,431.3,318.6,427.0,319.5,443.4,313.1,440.0,313.0,449.1,314.7,447.0,310.0,453.5,312.0,449.5,310.0,453.5,315.8,450.0,311.3333333333333,448.9,322.8,446.4,317.0,451.8,332.2,447.75,325.75,450.9,337.1,446.5,328.5,445.6,338.7,440.0,336.3333333333333,439.4,338.7,429.0,337.0,427.4,336.4,420.0,333.0,417.3,327.5,426.77777777777777,321.77777777777777,440.9,321.9,431.6666666666667,320.3333333333333,446.8,321.8,441.75,317.0,451.4,320.6,443.8,320.6,448.2,323.2,445.8,318.7,450.6,325.0,445.25,323.0,445.7,326.5,442.5,327.0,439.6,326.5,433.25,329.25
2,375.1,226.6,379.0,225.5,391.5,217.9,393.0,219.0,406.7,215.3,407.0,216.0,421.9,216.0,422.0,217.0,436.6,219.0,436.5,220.5,454.6,215.3,455.5,218.5,458.8,210.2,462.0,213.0,462.2,207.4,464.5,210.0,465.7,208.9,464.0,211.5,466.4,216.4,459.5,216.5,444.4,236.6,444.5,233.0,448.7,250.6,451.0,251.2,453.9,264.4,455.57142857142856,264.85714285714283,458.7,278.8,458.25,276.5,435.2,293.0,431.9230769230769,288.46153846153845,442.2,295.0,444.25,290.4166666666667,448.6,296.3,452.26666666666665,292.4,452.4,293.6,455.4166666666667,289.75,455.5,290.6,455.90909090909093,282.6363636363636,391.6,243.4,391.1666666666667,241.83333333333334,402.9,237.4,401.4,235.0,411.6,236.5,414.5,235.0,416.9,242.5,420.6666666666667,242.11111111111111,411.8,245.7,410.0,249.25,403.1,246.5,396.0,248.6,445.8,238.1,443.7142857142857,237.57142857142858,452.4,230.5,447.75,230.25,457.4,229.9,454.2,227.6,458.9,234.2,453.2857142857143,232.14285714285714,458.2,238.6,451.5,239.5,453.2,239.7,446.0,240.0,410.9,328.6,414.14285714285717,325.42857142857144,430.6,319.1,427.0,319.5,442.5,313.6,440.5,314.0,447.9,315.1,447.0,311.0,452.2,312.3,448.5,312.0,452.0,316.0,449.0,313.3333333333333,447.5,322.3,444.8,318.4,451.1,331.1,445.25,324.75,450.5,335.7,444.5,325.5,445.4,337.3,438.3333333333333,333.6666666666667,439.3,337.5,428.75,334.0,427.2,335.8,420.0,331.0,416.7,327.8,426.44444444444446,320.3333333333333,439.9,322.4,431.0,320.6666666666667,445.5,322.1,441.25,318.0,449.9,320.8,442.4,321.4,446.9,322.9,444.0,319.4,450.5,323.4,443.75,321.0,445.8,324.9,441.5,323.5,439.9,325.1,432.25,326.25
3,375.3,226.4,378.5,225.0,391.8,217.9,393.0,219.0,406.8,215.3,407.5,216.0,421.9,216.2,423.0,217.0,436.7,219.2,436.5,221.0,454.9,215.6,456.0,219.0,458.9,210.6,463.0,214.0,462.5,207.6,465.5,211.0,466.1,208.7,465.0,213.0,466.8,216.0,460.5,218.5,444.4,236.5,444.8333333333333,233.66666666666666,448.7,250.7,451.0,252.2,453.9,264.6,455.7142857142857,266.14285714285717,458.7,279.1,458.25,277.75,434.8,293.2,431.2307692307692,289.46153846153845,441.9,295.2,443.6666666666667,291.6666666666667,448.4,296.5,451.8,293.8666666666667,452.3,293.7,454.9166666666667,291.3333333333333,455.4,290.5,455.8181818181818,284.27272727272725,391.6,243.3,390.6666666666667,241.83333333333334,403.0,237.6,401.0,235.0,411.6,236.6,414.75,234.75,417.0,242.4,420.6666666666667,242.77777777777777,411.8,245.7,409.5,249.5,403.0,246.5,395.6,248.6,445.7,238.0,443.85714285714283,238.85714285714286,452.5,230.6,448.25,231.25,457.6,230.0,455.6,228.8,459.1,234.1,454.2857142857143,233.85714285714286,458.2,238.6,452.3333333333333,241.16666666666666,453.2,239.7,446.3333333333333,241.0,410.3,328.6,412.14285714285717,326.0,430.1,319.4,425.0,320.25,442.1,313.8,439.5,315.5,447.4,315.3,446.0,313.0,451.6,312.6,448.0,313.5,451.4,316.1,448.0,315.3333333333333,447.0,322.1,443.8,320.2,450.6,330.9,444.0,326.5,449.9,335.5,443.5,328.0,445.0,337.1,436.3333333333333,336.0,439.0,337.3,427.0,335.75,426.8,335.7,418.0,332.0,416.1,327.9,424.77777777777777,321.55555555555554,439.4,322.6,429.6666666666667,322.3333333333333,445.0,322.4,440.0,320.0,449.2,321.0,441.2,323.4,446.3,322.8,442.9,321.2,450.0,323.0,442.5,323.0,445.5,324.5,439.5,325.5,439.7,324.8,431.0,328.0
4,375.0,226.5,378.0,225.0,391.7,218.0,392.5,219.0,406.9,215.3,407.5,216.0,422.1,216.2,422.5,217.0,436.9,219.3,436.5,221.0,454.8,215.6,456.0,219.5,458.9,210.5,463.0,214.0,462.4,207.5,465.5,212.0,466.2,208.3,464.5,213.5,466.9,215.2,460.0,218.5,444.5,236.5,445.1666666666667,234.0,448.7,250.6,451.4,253.2,454.0,264.6,456.14285714285717,266.57142857142856,458.8,279.2,459.0,278.0,434.7,293.3,431.7692307692308,290.38461538461536,441.7,295.2,444.5,292.4166666666667,448.1,296.5,452.6,294.6,452.1,293.8,455.9166666666667,292.0833333333333,455.3,290.6,456.72727272727275,285.0,391.8,243.3,390.1666666666667,242.0,403.1,237.6,400.8,235.8,411.7,236.6,414.5,235.75,417.0,242.4,420.55555555555554,243.44444444444446,411.8,245.8,409.5,250.5,403.1,246.6,395.4,249.2,445.5,237.7,443.7142857142857,239.42857142857142,452.3,230.4,448.0,232.0,457.4,229.8,454.8,229.2,458.8,233.7,453.85714285714283,234.14285714285714,457.9,238.3,451.8333333333333,241.66666666666666,452.8,239.4,446.0,242.0,410.4,328.6,412.14285714285717,327.85714285714283,429.9,319.5,425.5,322.0,441.7,314.1,440.5,317.0,446.9,315.6,447.0,314.0,451.0,312.8,449.0,314.5,450.9,316.1,449.0,315.6666666666667,446.7,321.9,444.8,321.0,450.2,330.5,445.25,327.75,449.5,335.1,444.5,329.0,444.7,336.8,438.0,337.3333333333333,438.7,337.1,427.5,337.75,426.8,335.6,418.0,334.0,416.1,327.8,425.22222222222223,323.22222222222223,439.1,322.8,430.0,323.3333333333333,444.6,322.6,440.75,321.0,448.6,321.1,442.2,324.4,446.1,322.6,444.2,322.3,449.6,322.7,443.75,324.5,445.3,324.4,441.5,327.5,439.6,324.7,431.5,329.75
5,374.9,226.7,377.5,224.0,391.6,218.1,392.0,218.0,406.8,215.2,407.5,215.5,421.9,216.1,422.5,217.0,436.7,219.4,436.5,221.0,454.7,215.7,456.0,219.5,458.8,210.7,462.5,214.0,462.5,207.8,464.5,211.0,466.1,208.8,464.0,213.0,466.4,216.2,459.0,217.5,444.3,236.5,444.6666666666667,233.83333333333334,448.5,250.8,451.2,253.2,453.8,264.9,456.0,266.57142857142856,458.6,279.5,459.0,278.0,434.1,293.4,431.3076923076923,290.3076923076923,441.2,295.3,444.3333333333333,292.5833333333333,447.9,296.6,452.26666666666665,294.53333333333336,452.0,293.8,455.25,292.0833333333333,455.1,290.5,455.90909090909093,284.90909090909093,391.6,243.3,390.1666666666667,241.5,402.8,237.6,400.6,235.0,411.4,236.6,414.0,235.0,416.7,242.3,420.44444444444446,242.88888888888889,411.4,245.6,409.25,249.5,402.7,246.5,395.0,248.6,445.1,237.6,443.42857142857144,238.85714285714286,452.0,230.5,447.5,231.25,457.1,229.9,454.0,228.6,458.6,233.8,452.85714285714283,233.42857142857142,457.6,238.2,450.8333333333333,240.66666666666666,452.5,239.3,445.0,241.0,409.8,328.7,412.14285714285717,327.2857142857143,429.7,319.3,425.5,321.75,441.7,313.9,440.0,317.0,447.0,315.3,446.0,314.0,451.1,312.4,448.0,314.5,450.9,315.7,448.3333333333333,315.6666666666667,446.5,321.7,443.4,320.8,450.0,330.3,443.75,326.75,449.4,335.1,443.5,327.5,444.6,336.9,437.3333333333333,335.3333333333333,438.5,337.2,427.25,336.25,426.5,335.7,418.0,332.0,415.5,327.8,425.0,322.6666666666667,438.9,322.8,430.0,323.3333333333333,444.5,322.5,440.75,321.0,448.6,321.0,441.4,324.2,445.8,322.4,442.9,321.6,449.6,322.4,442.5,323.0,445.3,324.2,440.5,325.5,439.5,324.5,431.25,328.0
6,374.7,226.2,377.5,224.0,391.0,217.3,392.0,218.0,406.4,214.2,407.0,215.5,421.7,215.4,422.0,216.5,436.1,219.3,436.5,220.0,453.3,216.3,456.0,218.5,457.8,211.1,462.0,213.0,461.6,208.2,464.5,211.0,465.4,209.3,464.0,212.5,465.9,216.9,459.0,218.0,444.0,236.6,444.5,233.66666666666666,448.3,250.5,451.2,252.4,453.6,264.3,456.0,266.2857142857143,458.5,278.7,459.0,278.0,433.7,292.9,431.0769230769231,290.15384615384613,440.7,294.9,444.0,292.25,447.4,296.4,452.53333333333336,294.53333333333336,451.6,293.6,455.6666666666667,291.75,454.7,290.2,456.3636363636364,284.27272727272725,391.2,242.8,389.6666666666667,241.5,402.3,237.3,400.0,234.8,410.8,236.4,413.75,235.0,416.1,242.2,419.77777777777777,242.77777777777777,410.7,245.3,409.0,249.5,402.2,246.1,394.6,248.6,444.7,238.2,443.42857142857144,238.85714285714286,451.7,231.3,447.25,231.5,456.7,230.9,454.0,228.6,458.1,234.9,452.85714285714283,233.42857142857142,457.1,239.1,450.6666666666667,240.66666666666666,452.0,240.0,445.0,241.0,409.5,328.2,411.14285714285717,327.0,429.6,318.8,424.5,321.25,441.7,313.5,439.5,316.5,446.9,315.1,446.0,314.0,450.9,312.2,448.0,314.0,450.8,315.7,448.6666666666667,315.3333333333333,446.2,322.0,443.8,320.2,449.6,330.5,444.25,326.75,448.9,335.2,443.5,328.0,444.5,337.0,437.3333333333333,336.3333333333333,438.5,337.2,427.0,336.75,426.5,335.5,417.0,333.0,415.2,327.4,424.22222222222223,322.3333333333333,439.1,322.6,429.0,323.0,444.5,322.4,440.25,320.5,448.4,321.0,441.6,324.0,445.6,322.6,443.2,321.3,449.2,322.7,442.75,323.25,445.0,324.4,440.5,326.0,439.4,324.6,430.75,328.25
7,374.3,226.2,377.0,224.0,390.6,217.1,392.0,218.0,405.9,213.9,407.0,215.0,421.2,215.2,422.0,216.0,435.8,219.1,436.5,220.0,453.5,215.9,456.0,218.5,457.8,210.7,463.0,213.0,461.6,207.8,465.0,211.0,465.3,209.0,464.0,212.5,465.4,216.7,459.5,217.5,443.9,236.3,444.6666666666667,233.33333333333334,448.2,250.3,451.2,252.8,453.5,264.0,456.0,266.42857142857144,458.4,278.4,459.0,278.0,433.9,292.7,431.0769230769231,290.3076923076923,440.7,294.6,444.0,292.3333333333333,447.3,296.0,452.2,294.53333333333336,451.4,293.3,455.5,291.8333333333333,454.6,289.9,456.1818181818182,284.6363636363636,390.9,242.7,389.5,241.16666666666666,401.9,237.2,400.0,234.8,410.3,236.3,414.0,234.75,415.6,242.0,419.77777777777777,242.55555555555554,410.4,245.2,408.75,249.5,401.7,246.0,394.4,248.4,444.4,237.9,443.42857142857144,238.85714285714286,451.4,231.1,447.5,231.25,456.4,230.6,454.8,228.4,457.8,234.6,453.14285714285717,233.28571428571428,456.8,238.9,451.3333333333333,240.66666666666666,451.7,239.8,445.6666666666667,241.0,409.5,328.1,410.85714285714283,326.85714285714283,429.5,318.7,424.5,321.5,441.7,313.3,439.5,316.5,446.8,314.8,446.0,314.0,450.7,312.0,448.0,314.5,450.7,315.4,448.3333333333333,315.3333333333333,446.1,321.8,443.8,320.2,449.5,330.5,443.75,326.75,448.8,335.1,443.5,328.0,444.4,336.9,436.3333333333333,336.3333333333333,438.6,337.2,426.5,336.25,426.6,335.5,417.0,332.0,415.1,327.3,424.1111111111111,322.44444444444446,439.1,322.4,429.0,323.3333333333333,444.4,322.1,440.0,320.75,448.2,320.7,441.2,324.2,445.4,322.4,443.0,321.3,449.0,322.6,442.5,323.0,445.0,324.2,439.5,326.0,439.5,324.6,430.5,328.25
8,373.8,226.1,376.5,224.0,390.0,216.9,391.0,218.0,405.3,213.6,406.0,215.0,420.7,214.8,421.5,216.0,435.3,218.8,436.5,220.0,452.8,215.8,456.0,218.5,457.2,210.6,463.0,213.0,461.1,207.7,465.5,211.0,464.9,208.9,464.5,212.5,465.2,216.4,460.0,217.5,443.4,236.0,444.5,233.33333333333334,447.8,250.0,451.0,252.6,453.2,263.8,455.7142857142857,266.2857142857143,458.3,278.2,458.25,278.0,433.6,292.6,430.7692307692308,290.15384615384613,440.5,294.4,443.75,292.3333333333333,447.1,295.8,452.0,294.46666666666664,451.3,293.1,455.4166666666667,291.75,454.4,289.7,456.1818181818182,284.27272727272725,390.6,242.5,389.0,241.33333333333334,401.5,237.0,399.4,234.8,410.0,236.1,413.25,234.75,415.2,241.8,419.55555555555554,242.66666666666666,410.0,245.0,408.25,249.5,401.3,245.8,394.0,248.6,443.7,237.7,443.57142857142856,238.85714285714286,450.7,230.9,447.75,231.25,455.9,230.4,454.8,228.2,457.3,234.4,453.85714285714283,233.14285714285714,456.2,238.6,451.6666666666667,240.66666666666666,451.0,239.5,445.6666666666667,241.0,409.5,327.8,410.57142857142856,326.85714285714283,429.4,318.4,424.25,321.5,441.6,313.1,439.5,316.5,446.7,314.6,446.0,314.0,450.3,311.7,448.0,314.0,450.5,315.1,448.3333333333333,315.3333333333333,446.1,321.3,443.8,320.2,449.4,330.2,444.0,326.5,448.7,334.8,443.5,328.0,444.5,336.6,436.3333333333333,336.3333333333333,438.8,337.0,426.5,336.25,426.8,335.4,417.0,332.0,415.0,327.0,423.77777777777777,322.3333333333333,439.0,322.2,429.0,323.3333333333333,444.2,321.8,439.75,320.75,447.9,320.4,441.0,324.2,445.4,322.0,443.0,321.3,448.8,322.3,442.25,323.0,445.0,324.0,439.5,326.0,439.6,324.4,430.25,328.25
9,373.2,225.5,375.5,223.5,389.4,216.5,390.5,217.0,404.8,213.2,405.5,214.5,420.1,214.5,421.0,215.5,434.6,218.7,435.5,220.0,452.5,215.6,456.0,218.5,457.0,210.6,462.0,213.0,461.0,207.7,465.0,211.0,464.8,208.9,464.0,212.5,465.2,216.4,459.5,217.5,442.8,236.1,444.0,233.16666666666666,447.3,250.1,450.4,252.2,452.7,263.9,455.0,266.42857142857144,457.8,278.3,457.75,278.0,433.2,292.6,430.2307692307692,290.15384615384613,440.1,294.5,443.0,292.3333333333333,446.8,295.9,451.4,294.53333333333336,451.0,293.2,454.75,292.0,454.1,289.7,455.3636363636364,284.8181818181818,390.0,242.4,388.1666666666667,240.83333333333334,401.0,236.8,398.6,234.0,409.6,236.0,413.0,234.5,414.8,241.7,419.1111111111111,242.44444444444446,409.5,245.0,407.5,249.5,400.7,245.7,393.4,248.0,443.6,237.8,442.85714285714283,238.71428571428572,450.7,230.9,447.25,231.25,455.9,230.5,454.6,228.2,457.3,234.6,453.14285714285717,233.14285714285714,456.2,238.8,451.3333333333333,240.66666666666666,451.0,239.7,445.0,241.0,409.7,327.6,410.14285714285717,327.0,429.5,318.3,423.75,321.5,441.5,313.0,438.5,316.5,446.3,314.5,445.0,314.0,450.0,311.6,447.0,314.5,450.2,314.9,447.6666666666667,315.3333333333333,446.0,321.1,443.0,320.8,449.2,329.7,443.25,327.25,448.4,334.4,442.5,328.0,444.3,336.2,436.3333333333333,336.3333333333333,438.8,336.6,425.75,336.75,427.1,335.1,416.0,333.0,415.2,326.8,423.3333333333333,322.44444444444446,439.0,322.0,428.0,323.3333333333333,444.0,321.7,439.5,321.0,447.6,320.2,440.8,324.2,445.3,321.8,442.3,321.7,448.5,322.0,441.75,323.5,444.7,323.8,439.5,326.0,439.6,324.2,430.0,328.25
10,372.1,225.8,375.5,223.0,388.5,216.6,390.0,217.0,404.2,213.3,405.5,214.5,419.7,214.7,421.0,215.5,434.2,219.0,435.5,220.0,451.7,216.0,455.0,218.5,456.5,210.8,462.0,213.0,460.8,207.8,464.0,211.0,464.8,208.8,463.0,212.5,465.1,216.4,458.5,217.5,442.4,236.1,443.5,232.83333333333334,446.8,250.0,450.0,252.2,452.1,263.8,454.7142857142857,265.85714285714283,457.2,278.2,457.25,277.25,432.5,292.5,429.46153846153845,289.46153846153845,439.6,294.4,442.5,291.6666666666667,446.3,295.8,450.8,293.53333333333336,450.7,293.1,454.0,291.0833333333333,453.9,289.6,454.6363636363636,284.0,389.3,242.2,388.0,240.66666666666666,400.3,236.7,398.4,234.0,409.1,235.8,412.25,234.25,414.3,241.7,418.55555555555554,242.22222222222223,408.8,244.9,407.0,249.0,400.0,245.6,392.8,247.8,443.2,237.5,442.42857142857144,238.28571428571428,450.3,230.6,446.5,230.75,455.6,230.1,453.2,228.0,457.1,234.3,452.14285714285717,233.14285714285714,455.9,238.5,450.3333333333333,240.5,450.6,239.4,444.3333333333333,241.0,409.3,327.9,410.14285714285717,326.42857142857144,428.8,318.4,423.5,321.0,440.9,313.0,438.5,316.0,445.7,314.5,445.0,313.0,449.3,311.6,447.0,313.5,449.6,314.9,446.6666666666667,315.3333333333333,445.6,321.2,442.0,320.2,448.6,329.8,442.25,325.75,447.7,334.4,441.5,326.5,443.6,336.2,435.3333333333333,334.6666666666667,438.0,336.6,425.5,335.25,426.4,335.1,416.0,331.0,414.8,327.0,423.0,321.6666666666667,438.4,322.0,428.0,323.0,443.5,321.6,438.75,320.25,447.0,320.2,440.0,323.4,444.8,322.0,441.4,320.7,447.9,322.0,440.75,322.0,444.1,323.8,438.5,324.5,439.0,324.3,429.25,327.0
11,371.7,224.2,374.5,223.0,387.8,215.7,389.0,217.0,402.9,212.8,404.5,214.0,417.7,214.3,420.0,215.0,431.7,218.4,434.5,219.0,451.7,215.5,454.0,217.5,456.2,210.8,461.0,212.0,461.0,207.8,463.0,210.0,465.4,208.0,462.0,211.5,466.4,214.6,457.5,216.5,441.3,235.8,442.6666666666667,232.66666666666666,445.6,249.7,449.0,252.2,450.7,263.4,453.7142857142857,265.57142857142856,455.6,277.6,456.25,277.5,431.0,292.2,428.84615384615387,289.53846153846155,438.4,293.9,441.8333333333333,291.75,445.4,295.3,449.93333333333334,293.8666666666667,450.4,292.5,453.1666666666667,291.0833333333333,453.7,288.8,453.8181818181818,284.0,388.3,242.1,387.1666666666667,240.33333333333334,399.1,236.7,397.6,233.8,408.0,235.8,411.75,234.0,413.3,241.4,417.55555555555554,241.88888888888889,407.6,244.8,406.5,248.5,398.6,245.5,392.0,247.6,442.6,237.1,441.42857142857144,237.85714285714286,449.6,230.6,445.5,230.25,455.3,230.1,452.2,227.6,457.3,234.1,451.14285714285717,232.42857142857142,455.7,238.2,449.1666666666667,239.66666666666666,450.1,239.1,443.3333333333333,240.0,408.4,327.9,408.57142857142856,326.85714285714283,427.9,318.1,422.5,321.0,440.2,312.5,437.5,316.0,445.0,313.9,444.0,313.0,448.6,311.1,446.0,313.5,449.4,314.4,446.0,314.6666666666667,445.7,320.8,441.2,320.0,448.4,329.8,441.75,326.75,446.9,334.6,441.5,328.5,442.8,336.5,434.3333333333333,336.3333333333333,437.3,337.0,424.5,337.0,425.5,335.6,415.0,333.0,413.9,327.1,421.8888888888889,322.3333333333333,437.8,321.8,427.0,322.6666666666667,442.8,321.3,437.75,320.0,446.2,319.8,439.0,323.4,444.7,321.7,440.9,321.0,447.0,321.8,440.5,323.5,443.4,323.7,437.5,326.5,438.4,324.3,428.25,329.0
12,370.4,224.0,372.5,222.0,386.4,215.2,387.5,216.0,401.9,211.9,402.5,213.5,416.9,213.5,418.0,214.5,430.7,218.2,433.0,219.0,449.7,215.8,453.0,217.0,454.9,211.0,460.0,211.5,460.3,208.2,462.5,209.0,465.1,208.6,462.0,210.5,466.0,215.5,457.0,216.0,440.4,235.8,441.3333333333333,231.83333333333334,444.7,249.6,448.0,251.2,449.8,263.1,452.7142857142857,265.14285714285717,454.8,277.3,455.25,276.75,429.9,292.0,427.46153846153845,289.0,437.6,293.6,440.5,291.25,444.8,295.1,448.8666666666667,293.3333333333333,450.1,292.5,452.25,290.75,453.6,288.7,452.90909090909093,283.27272727272725,387.6,241.8,385.6666666666667,240.0,398.1,236.3,396.0,233.6,407.1,235.5,410.25,233.75,412.3,241.2,416.44444444444446,241.44444444444446,406.5,244.6,405.0,248.5,397.4,245.1,390.4,247.2,441.8,237.1,440.57142857142856,237.42857142857142,448.6,230.6,444.75,230.0,454.7,230.2,451.8,227.2,456.9,234.4,450.57142857142856,232.0,455.0,238.3,448.6666666666667,239.66666666666666,449.1,239.1,442.6666666666667,240.0,407.8,327.5,408.14285714285717,326.57142857142856,426.9,317.9,421.5,320.75,439.4,312.5,436.5,315.5,444.0,313.9,443.0,313.0,447.4,311.1,445.0,313.5,448.7,314.2,445.3333333333333,314.3333333333333,445.5,320.5,440.8,319.8,447.4,329.6,441.0,326.25,445.7,334.3,440.5,327.0,441.9,336.2,433.3333333333333,335.3333333333333,436.6,336.7,423.5,335.75,424.8,335.3,414.0,332.0,413.2,326.7,421.1111111111111,321.6666666666667,437.2,321.8,426.0,322.3333333333333,441.9,321.2,437.0,320.0,445.1,319.8,438.2,323.2,444.1,321.4,440.1,320.7,445.9,321.6,439.5,322.5,442.6,323.5,436.5,325.0,437.9,324.2,427.5,327.25
13,368.7,223.5,371.5,223.0,385.0,215.1,386.0,216.0,400.6,211.8,401.5,213.5,415.9,213.4,417.5,214.5,429.9,217.9,432.5,218.0,449.2,215.4,453.0,217.0,454.3,210.7,460.0,211.5,459.6,208.0,462.5,209.0,464.4,208.4,462.0,210.5,465.1,215.0,457.5,216.0,439.8,235.6,441.0,231.83333333333334,444.1,249.2,447.4,251.2,449.1,262.6,452.2857142857143,264.57142857142856,454.1,276.6,454.75,276.5,428.7,291.7,427.2307692307692,288.61538461538464,436.6,293.3,440.25,290.8333333333333,444.1,294.8,448.73333333333335,292.93333333333334,449.5,292.1,452.3333333333333,290.1666666666667,453.2,288.3,453.09090909090907,283.0,386.3,241.7,384.1666666666667,239.66666666666666,396.8,236.2,395.0,232.8,405.8,235.4,409.25,233.0,410.9,241.0,415.55555555555554,241.0,405.4,244.4,404.0,248.25,396.2,244.9,389.4,247.0,441.1,236.9,440.57142857142856,237.28571428571428,447.8,230.4,444.75,229.5,453.9,229.9,452.4,226.6,456.3,234.2,451.2857142857143,231.71428571428572,454.3,238.1,449.1666666666667,239.16666666666666,448.5,238.8,443.0,240.0,405.9,327.5,407.14285714285717,326.85714285714283,425.3,318.0,421.0,320.75,438.0,312.7,436.5,315.5,442.8,314.0,443.0,313.0,446.4,311.3,445.5,313.0,447.8,314.2,446.0,314.3333333333333,444.8,320.2,441.8,319.6,446.6,329.3,442.0,327.0,444.7,334.1,441.5,329.0,440.7,336.0,434.3333333333333,337.3333333333333,435.3,336.6,423.5,337.0,423.1,335.2,413.0,333.0,411.3,326.7,420.6666666666667,322.22222222222223,436.0,321.7,425.6666666666667,322.3333333333333,440.9,321.1,437.25,319.75,444.3,319.6,438.8,323.4,443.3,321.1,441.0,320.8,445.0,321.8,440.25,323.5,441.5,323.8,437.5,327.0,436.6,324.6,427.5,329.0
14,367.6,223.6,370.5,222.0,383.8,215.0,385.0,216.0,399.5,211.6,400.5,213.0,414.7,213.1,416.0,214.5,428.7,217.7,431.5,218.0,448.1,215.2,452.0,217.0,453.3,210.5,459.0,211.0,458.7,207.8,462.5,209.0,463.5,208.2,462.0,210.5,464.5,214.9,457.5,215.5,438.7,235.5,440.0,231.83333333333334,443.0,249.2,446.4,251.2,448.0,262.5,451.0,264.57142857142856,453.1,276.6,453.5,276.0,427.6,291.7,426.15384615384613,288.46153846153845,435.7,293.2,439.1666666666667,290.5,443.2,294.7,447.53333333333336,292.6666666666667,448.8,292.0,451.1666666666667,290.1666666666667,452.5,288.1,452.09090909090907,283.0,385.3,241.7,383.0,239.5,395.8,236.1,393.8,232.8,404.9,235.3,408.25,232.75,410.0,241.0,414.55555555555554,240.88888888888889,404.3,244.4,403.0,247.5,395.2,244.9,388.4,246.8,440.2,236.8,439.7142857142857,237.0,447.0,230.3,444.25,229.25,453.2,229.8,451.8,226.6,455.6,234.2,451.14285714285717,231.28571428571428,453.6,238.0,448.8333333333333,239.16666666666666,447.7,238.7,442.3333333333333,239.33333333333334,405.1,327.2,407.14285714285717,326.57142857142856,424.5,317.7,420.5,320.75,437.3,312.4,435.5,315.5,442.2,313.7,442.0,313.0,445.8,310.9,444.5,313.5,447.4,313.7,445.0,314.3333333333333,444.3,319.7,441.0,319.8,446.2,328.8,441.0,326.25,444.5,333.7,440.0,327.0,440.5,335.7,433.3333333333333,335.3333333333333,435.0,336.3,422.5,335.75,422.7,334.9,413.0,332.0,410.4,326.4,420.22222222222223,321.6666666666667,435.5,321.3,425.3333333333333,322.3333333333333,440.4,320.7,436.75,320.0,443.8,319.2,438.0,323.4,442.9,320.7,440.1,320.7,444.6,321.6,439.0,322.0,441.0,323.7,436.5,325.0,436.1,324.5,426.75,327.25
15,367.0,223.7,369.5,223.0,383.1,215.0,384.0,216.5,398.8,211.6,400.0,213.5,414.1,213.1,416.0,214.5,428.0,217.7,430.5,219.0,447.5,215.3,452.0,217.5,452.9,210.8,459.0,212.0,458.4,208.0,462.0,209.0,463.3,208.5,462.0,211.0,464.4,215.2,457.5,216.0,438.2,235.6,439.6666666666667,231.83333333333334,442.5,249.3,446.2,251.2,447.6,262.6,451.0,264.85714285714283,452.6,276.5,453.5,276.75,427.2,291.6,425.46153846153845,288.84615384615387,435.3,293.2,438.5833333333333,291.0,442.8,294.6,447.4,293.26666666666665,448.5,292.0,451.3333333333333,290.4166666666667,452.2,288.1,452.1818181818182,283.0,384.6,241.6,382.5,239.5,395.3,236.1,393.0,233.0,404.4,235.3,407.25,232.75,409.6,241.0,414.3333333333333,240.88888888888889,403.9,244.4,402.5,247.5,394.6,244.9,387.6,246.8,440.0,236.9,439.42857142857144,237.0,446.9,230.4,443.75,229.25,453.1,230.0,451.6,226.6,455.5,234.3,451.0,231.28571428571428,453.5,238.2,448.3333333333333,239.0,447.6,238.9,442.0,239.0,405.5,327.4,406.42857142857144,326.85714285714283,424.6,317.7,419.75,321.0,437.1,312.3,435.0,316.0,441.8,313.7,442.0,313.0,445.4,311.0,444.0,313.5,446.8,313.9,445.0,314.3333333333333,443.8,320.1,441.0,319.8,445.7,328.7,441.0,326.5,443.9,333.3,440.0,327.5,440.0,335.2,433.3333333333333,336.3333333333333,434.6,335.8,422.5,336.25,422.8,334.5,412.0,332.0,410.9,326.4,419.6666666666667,322.0,435.3,321.3,425.0,322.6666666666667,440.1,320.7,436.25,320.0,443.4,319.3,437.8,323.6,442.4,321.0,440.1,320.7,444.1,321.4,439.0,322.75,440.6,323.4,436.5,325.5,435.9,324.1,426.5,328.0
16,365.9,223.8,368.5,222.0,382.1,215.1,384.0,216.0,397.9,211.6,399.0,213.0,413.3,213.0,415.0,214.0,427.3,217.7,430.5,218.0,446.6,215.2,451.0,216.5,452.0,210.7,459.0,211.0,457.6,208.0,462.0,209.0,462.5,208.6,462.0,210.5,463.5,215.5,457.5,215.5,437.3,235.5,438.8333333333333,231.33333333333334,441.6,249.2,445.0,250.2,446.7,262.5,449.57142857142856,264.14285714285717,451.7,276.4,451.75,275.75,426.5,291.7,424.15384615384613,288.3076923076923,434.5,293.2,437.25,290.3333333333333,442.0,294.7,445.8,292.6,447.7,292.1,449.9166666666667,290.1666666666667,451.4,288.2,450.8181818181818,282.8181818181818,383.7,241.6,381.6666666666667,239.0,394.4,236.0,392.2,232.2,403.5,235.3,406.75,232.75,408.6,241.1,413.55555555555554,240.44444444444446,403.0,244.4,401.5,247.5,393.7,245.0,386.4,246.4,439.1,237.0,438.7142857142857,236.85714285714286,446.1,230.4,443.75,229.0,452.3,230.0,451.6,226.0,454.6,234.4,450.85714285714283,231.28571428571428,452.7,238.2,448.1666666666667,239.0,446.7,239.0,441.3333333333333,239.0,404.8,327.3,405.57142857142856,327.14285714285717,423.9,317.7,419.0,321.25,436.4,312.4,433.5,316.5,441.0,313.7,440.0,313.0,444.6,311.0,443.0,314.0,446.1,313.9,443.3333333333333,315.3333333333333,443.2,320.0,439.6,320.8,445.0,328.4,439.5,326.75,443.3,332.9,438.5,328.0,439.4,334.8,431.3333333333333,336.3333333333333,434.1,335.4,420.75,336.25,422.2,334.3,411.0,332.0,410.2,326.4,418.44444444444446,322.0,434.6,321.3,424.0,323.3333333333333,439.3,320.8,434.75,320.5,442.6,319.3,436.6,324.2,441.8,320.9,438.7,321.2,443.5,321.0,437.75,322.75,440.0,323.1,434.5,325.5,435.3,323.8,425.25,328.0
17,365.4,223.6,368.5,222.0,381.7,215.0,383.0,216.0,397.3,211.6,398.5,213.0,412.7,213.0,414.0,214.5,426.8,217.5,429.5,218.0,446.3,215.0,451.0,217.0,451.7,210.6,458.5,211.5,457.3,207.9,462.0,209.0,462.3,208.4,462.0,210.5,463.4,215.1,457.5,215.5,436.9,235.5,438.3333333333333,231.5,441.1,249.1,444.8,250.2,446.1,262.5,449.14285714285717,264.14285714285717,451.1,276.4,451.5,275.75,425.9,291.7,423.46153846153845,288.0769230769231,433.8,293.3,436.5833333333333,290.3333333333333,441.4,294.7,445.46666666666664,292.6,447.1,292.1,449.6666666666667,290.0833333333333,450.9,288.2,450.8181818181818,282.54545454545456,383.2,241.7,381.0,239.16666666666666,393.9,236.1,391.8,232.6,403.0,235.3,406.25,232.75,408.0,241.0,412.55555555555554,240.44444444444446,402.4,244.4,401.0,247.5,393.2,245.0,386.2,246.4,438.8,236.9,438.57142857142856,236.85714285714286,445.8,230.3,443.5,229.25,452.0,229.9,451.4,226.2,454.3,234.3,450.85714285714283,231.28571428571428,452.4,238.1,448.1666666666667,239.0,446.4,238.9,441.3333333333333,239.0,404.4,327.5,405.14285714285717,327.0,423.3,318.0,418.5,321.0,435.5,312.8,433.5,316.0,440.1,314.1,440.0,313.0,443.6,311.4,443.0,313.5,445.1,314.2,444.0,315.3333333333333,442.3,320.2,440.0,320.2,444.2,328.4,439.75,326.25,442.4,332.7,438.5,327.0,438.6,334.6,431.3333333333333,336.0,433.4,335.2,420.5,336.25,421.7,334.3,411.0,332.0,409.7,326.6,418.22222222222223,322.0,433.9,321.5,423.3333333333333,323.0,438.5,320.9,434.75,320.25,441.8,319.5,436.6,323.6,440.9,321.1,439.0,320.8,442.6,321.1,438.0,322.75,439.2,323.1,434.5,325.5,434.6,323.9,424.5,328.0
18,364.8,223.7,367.5,222.0,381.0,215.1,382.0,215.5,396.7,211.5,397.0,212.5,412.1,213.0,413.0,214.0,426.2,217.4,428.5,218.0,445.7,214.9,450.0,216.5,451.1,210.5,458.0,210.5,456.9,207.8,461.5,208.0,462.0,208.3,461.5,209.5,463.3,214.9,457.5,215.0,436.5,235.5,437.5,230.83333333333334,440.6,249.1,443.8,250.2,445.5,262.5,448.14285714285717,263.57142857142856,450.5,276.4,450.25,275.0,425.0,291.7,422.53846153846155,287.6923076923077,433.0,293.3,435.5833333333333,289.5833333333333,440.6,294.8,444.3333333333333,291.8,446.4,292.2,448.9166666666667,289.3333333333333,450.3,288.2,450.0,282.09090909090907,382.7,241.7,380.1666666666667,238.83333333333334,393.3,236.1,391.0,232.0,402.4,235.3,405.25,232.5,407.4,241.0,412.1111111111111,240.11111111111111,401.8,244.5,400.0,247.25,392.6,245.0,385.4,246.2,438.5,236.8,438.14285714285717,236.28571428571428,445.4,230.3,442.75,228.5,451.6,229.8,451.2,225.8,453.9,234.3,450.85714285714283,230.71428571428572,451.9,238.1,448.0,238.66666666666666,446.0,238.8,441.0,239.0,403.3,327.7,405.14285714285717,326.7142857142857,422.3,318.4,418.0,320.75,434.6,313.2,433.0,315.5,439.1,314.5,439.0,313.0,442.5,311.9,442.0,313.5,444.0,314.6,443.0,314.3333333333333,441.2,320.4,439.0,319.8,443.3,328.5,439.25,326.25,441.6,332.7,437.5,327.0,437.9,334.5,431.0,336.0,432.8,335.1,420.5,336.25,420.9,334.3,411.0,332.0,408.6,326.8,417.8888888888889,321.77777777777777,433.1,321.8,423.0,322.6666666666667,437.6,321.2,434.0,320.0,440.8,319.7,435.8,323.6,439.9,321.2,438.4,320.7,441.8,321.4,437.0,322.5,438.5,323.4,434.0,325.0,434.0,324.1,424.25,327.25
19,364.1,223.6,366.5,222.0,380.5,215.2,382.0,216.0,396.3,211.7,397.0,213.0,411.8,213.1,413.0,214.5,426.0,217.5,428.5,218.0,445.6,215.0,450.0,216.5,450.9,210.7,458.0,211.0,456.7,208.0,461.5,209.0,461.7,208.4,461.5,210.0,463.0,214.9,457.5,215.5,436.2,235.7,437.5,231.0,440.2,249.3,444.2,250.2,445.1,262.6,448.42857142857144,264.14285714285717,450.0,276.5,450.5,275.75,424.4,291.8,422.61538461538464,288.0769230769231,432.5,293.4,436.0833333333333,290.3333333333333,440.3,294.9,444.8666666666667,292.6,446.2,292.3,449.1666666666667,290.0,450.1,288.3,450.54545454545456,282.45454545454544,382.0,241.7,379.8333333333333,238.83333333333334,392.8,236.1,390.4,232.2,402.1,235.3,405.25,232.75,407.2,241.1,411.6666666666667,240.33333333333334,401.5,244.5,400.0,247.5,392.1,245.1,385.2,246.4,438.0,236.9,438.2857142857143,236.42857142857142,445.0,230.3,442.75,228.75,451.3,229.8,451.2,225.8,453.6,234.3,450.85714285714283,230.85714285714286,451.7,238.1,448.1666666666667,238.66666666666666,445.7,238.9,441.0,239.0,402.3,327.8,404.57142857142856,327.14285714285717,421.6,318.3,418.0,321.25,434.3,313.1,433.0,316.0,438.8,314.4,440.0,313.0,442.2,311.8,442.5,313.5,443.6,314.6,443.0,315.3333333333333,440.7,320.5,439.6,320.2,442.7,328.7,439.25,326.5,441.1,333.0,438.0,328.0,437.2,334.8,431.3333333333333,336.3333333333333,432.0,335.4,420.5,336.5,419.9,334.6,410.0,332.0,407.6,326.9,417.8888888888889,322.0,432.7,321.7,423.0,323.0,437.2,321.2,434.0,320.5,440.4,319.7,436.0,324.0,439.3,321.3,438.6,321.1,441.3,321.6,437.25,322.75,437.9,323.6,434.5,325.5,433.3,324.4,424.25,328.25
20,363.9,223.7,366.5,222.0,380.2,215.2,381.0,216.0,396.0,211.7,396.5,213.0,411.5,213.1,412.5,214.5,425.7,217.6,427.5,218.0,445.1,215.1,449.0,216.5,450.5,210.7,457.0,211.0,456.4,208.1,460.5,209.0,461.4,208.6,460.5,210.5,462.5,215.2,456.5,215.5,436.0,235.8,436.5,231.16666666666666,440.0,249.2,443.0,250.2,444.9,262.4,447.57142857142856,264.0,449.8,276.3,449.5,275.75,423.9,291.8,422.3076923076923,288.0,432.1,293.4,435.4166666666667,290.0833333333333,440.0,294.8,443.93333333333334,292.26666666666665,445.9,292.3,448.1666666666667,289.6666666666667,449.8,288.3,449.45454545454544,282.45454545454544,381.7,241.7,379.1666666666667,239.0,392.5,236.1,390.0,232.4,401.7,235.3,404.25,232.75,406.9,241.2,411.55555555555554,240.44444444444446,401.2,244.6,399.25,247.5,391.8,245.1,384.4,246.4,437.7,237.1,437.42857142857144,236.85714285714286,444.7,230.3,441.75,229.0,451.0,229.9,450.4,226.0,453.4,234.4,449.85714285714283,231.28571428571428,451.5,238.3,447.1666666666667,238.83333333333334,445.4,239.0,440.0,239.0,401.2,327.8,404.2857142857143,326.7142857142857,421.0,318.3,417.5,320.75,434.0,313.1,432.5,315.5,438.5,314.4,439.0,313.0,442.0,311.8,441.5,313.5,443.4,314.5,443.0,314.3333333333333,440.4,320.5,439.0,319.8,442.5,328.9,438.75,325.75,440.9,333.2,437.5,327.0,437.0,335.0,430.3333333333333,335.3333333333333,431.8,335.7,419.75,335.5,419.3,334.8,410.0,332.0,406.5,326.9,417.22222222222223,321.55555555555554,432.4,321.8,422.3333333333333,322.3333333333333,437.0,321.2,433.75,320.0,440.3,319.8,435.6,323.6,438.9,321.3,438.0,320.6,441.1,321.8,437.0,322.0,437.6,323.8,433.5,325.0,433.0,324.6,424.0,327.25
21,363.5,223.5,366.5,222.0,379.8,215.1,381.0,216.0,395.7,211.6,396.5,213.5,411.1,213.1,412.5,214.5,425.3,217.7,428.5,218.0,445.2,215.2,450.0,216.5,450.4,210.7,458.0,211.0,456.3,208.0,461.5,208.5,461.2,208.4,461.5,210.0,462.3,215.0,457.5,215.0,435.9,235.9,437.0,231.0,439.9,249.4,443.4,250.2,444.8,262.5,448.0,264.14285714285717,449.8,276.4,450.0,275.75,423.5,291.8,422.2307692307692,288.0769230769231,431.9,293.4,435.4166666666667,290.25,439.9,294.9,444.2,292.53333333333336,445.9,292.2,448.6666666666667,289.9166666666667,449.9,288.2,449.8181818181818,282.45454545454544,381.3,241.6,379.1666666666667,239.0,392.1,236.0,390.0,232.4,401.3,235.3,404.25,232.75,406.5,241.1,411.55555555555554,240.22222222222223,400.8,244.5,399.25,247.25,391.4,245.0,384.4,246.4,437.3,236.8,437.7142857142857,236.28571428571428,444.4,230.1,442.75,228.75,450.6,229.6,450.8,225.8,453.1,234.1,450.57142857142856,230.85714285714286,451.1,237.9,447.6666666666667,238.66666666666666,445.1,238.7,440.3333333333333,239.0,400.6,328.1,404.14285714285717,326.42857142857144,420.9,318.4,417.5,321.0,434.2,313.0,432.5,316.0,438.9,314.3,439.0,313.0,442.6,311.6,442.0,313.5,443.9,314.3,443.0,314.3333333333333,440.5,320.4,439.0,319.8,443.0,329.1,439.0,325.75,441.6,333.8,437.5,326.5,437.5,335.6,430.3333333333333,335.3333333333333,432.1,336.4,419.5,335.25,419.1,335.4,410.0,332.0,406.0,327.1,417.1111111111111,321.44444444444446,432.5,321.9,422.3333333333333,322.6666666666667,437.3,321.2,433.75,320.0,440.7,319.7,435.6,323.4,439.0,321.3,438.4,320.4,441.7,322.2,437.0,321.75,438.0,324.3,433.5,324.5,433.2,325.1,423.5,327.0
22,363.0,223.4,365.5,222.0,379.4,215.0,380.0,216.0,395.3,211.6,395.5,213.5,410.8,213.2,412.0,214.5,424.9,217.8,427.5,218.0,444.9,215.4,449.0,216.0,450.2,210.7,457.0,210.5,456.1,207.9,460.5,208.0,461.0,208.2,461.0,209.5,462.2,214.8,457.5,214.5,435.6,236.1,436.5,230.83333333333334,439.6,249.5,443.0,249.8,444.6,262.5,447.14285714285717,263.57142857142856,449.6,276.3,449.5,275.5,422.9,291.8,421.53846153846155,287.9230769230769,431.5,293.4,434.6666666666667,289.9166666666667,439.8,294.9,443.8,292.06666666666666,445.8,292.2,448.1666666666667,289.4166666666667,449.9,288.1,449.54545454545456,282.0,380.7,241.6,378.6666666666667,238.83333333333334,391.7,236.0,389.0,232.4,401.0,235.3,403.75,232.25,406.2,241.2,410.6666666666667,239.88888888888889,400.4,244.5,399.0,246.5,391.0,245.0,384.2,246.2,437.0,236.9,437.2857142857143,235.85714285714286,444.1,230.0,441.75,228.25,450.4,229.5,450.4,225.0,452.9,233.9,450.0,230.14285714285714,450.9,237.8,447.1666666666667,237.83333333333334,444.8,238.6,440.0,238.0,399.8,328.2,404.14285714285717,326.7142857142857,420.8,318.2,417.25,321.0,434.3,312.7,432.0,316.0,439.4,314.0,439.0,313.0,443.3,311.1,441.5,313.5,444.6,313.8,442.6666666666667,314.3333333333333,440.9,320.1,439.0,319.8,443.7,329.1,438.75,325.75,442.6,334.1,437.5,327.0,438.1,336.1,430.3333333333333,335.3333333333333,432.4,336.8,419.5,335.75,418.8,335.7,410.0,332.0,405.2,327.2,417.0,321.55555555555554,432.6,321.7,422.0,322.6666666666667,437.8,321.1,433.5,320.0,441.5,319.5,435.6,323.4,439.4,321.0,438.0,320.5,442.5,322.4,437.0,321.75,438.5,324.5,433.5,325.0,433.3,325.3,423.5,327.25
23,362.3,223.4,365.5,222.0,378.8,215.0,380.5,216.0,394.8,211.6,396.0,213.0,410.3,213.1,412.0,214.5,424.4,217.8,427.5,218.0,444.4,215.3,449.0,216.5,449.9,210.7,457.0,211.0,455.8,207.8,460.5,209.0,460.7,208.3,460.5,210.0,461.9,215.1,456.5,215.5,435.0,236.1,436.5,230.83333333333334,439.1,249.5,443.0,250.2,444.1,262.5,447.14285714285717,263.57142857142856,449.2,276.3,449.5,275.75,422.6,291.8,421.38461538461536,287.9230769230769,431.2,293.4,434.6666666666667,290.0833333333333,439.5,294.9,443.73333333333335,292.3333333333333,445.6,292.1,448.0833333333333,289.6666666666667,449.6,288.1,449.54545454545456,282.27272727272725,380.1,241.6,378.1666666666667,238.66666666666666,391.2,235.9,389.0,232.0,400.5,235.2,403.75,231.75,405.8,241.1,410.55555555555554,239.88888888888889,399.9,244.4,398.75,246.5,390.4,245.0,383.4,245.8,436.6,236.9,437.0,236.0,443.8,230.0,441.75,228.25,450.1,229.5,450.2,225.6,452.8,234.0,449.85714285714283,230.57142857142858,450.7,237.8,447.0,238.33333333333334,444.6,238.6,440.0,238.66666666666666,399.9,328.1,403.14285714285717,327.14285714285717,420.9,318.0,416.5,321.25,434.4,312.4,431.5,316.0,439.4,313.8,438.0,313.0,443.5,310.9,441.0,313.5,444.9,313.6,442.0,315.3333333333333,441.2,320.0,438.0,320.2,444.0,328.9,438.25,327.0,442.7,333.9,436.5,328.0,438.2,335.9,429.3333333333333,336.6666666666667,432.4,336.6,418.5,337.0,419.0,335.5,409.0,333.0,405.4,327.0,416.1111111111111,322.1111111111111,432.6,321.6,421.3333333333333,323.0,437.8,320.9,432.75,320.5,441.6,319.4,434.6,324.2,439.7,320.8,437.3,321.3,442.7,322.1,436.0,323.25,438.6,324.2,432.5,326.0,433.4,325.0,423.0,328.25
24,361.8,223.4,364.5,222.0,378.2,214.9,380.0,216.0,394.2,211.4,395.0,213.0,409.9,213.0,411.0,214.5,423.9,217.7,426.5,218.0,443.7,215.2,448.0,216.5,449.4,210.5,456.0,211.0,455.4,207.7,459.5,209.0,460.4,208.4,460.0,210.0,461.5,215.4,456.5,215.5,434.4,236.1,435.5,230.83333333333334,438.6,249.4,441.6,249.2,443.6,262.4,446.14285714285717,263.14285714285717,448.7,276.1,448.25,274.75,422.1,291.7,420.61538461538464,287.46153846153845,430.8,293.3,433.9166666666667,289.4166666666667,439.1,294.8,442.6666666666667,291.73333333333335,445.2,292.1,447.1666666666667,289.25,449.3,288.0,448.45454545454544,282.09090909090907,379.7,241.6,377.6666666666667,238.66666666666666,390.7,235.9,388.2,232.0,400.0,235.2,403.0,231.75,405.3,241.1,409.55555555555554,239.88888888888889,399.4,244.4,398.0,246.5,390.0,244.9,383.2,245.8,436.2,236.8,436.2857142857143,236.28571428571428,443.5,230.0,440.75,228.25,449.8,229.5,449.4,225.8,452.5,234.0,449.14285714285717,230.71428571428572,450.4,237.7,446.3333333333333,238.66666666666666,444.2,238.6,439.0,239.0,399.8,328.0,403.14285714285717,326.7142857142857,420.8,317.8,416.5,320.75,434.3,312.3,431.0,315.5,439.5,313.6,438.0,313.0,443.6,310.7,440.5,313.5,445.1,313.4,442.0,314.3333333333333,441.4,319.8,438.0,319.8,444.2,328.7,437.75,325.75,442.9,333.8,436.0,327.0,438.3,335.9,429.3333333333333,335.3333333333333,432.4,336.6,418.5,335.5,419.0,335.5,409.0,332.0,405.3,326.9,416.0,321.44444444444446,432.5,321.5,421.0,322.6666666666667,437.8,320.8,432.75,320.0,441.7,319.2,434.6,323.4,439.9,320.6,437.1,320.6,442.8,322.0,435.75,321.75,438.6,324.2,432.5,324.5,433.3,325.0,422.5,327.0
25,361.3,223.5,365.0,222.0,377.8,215.1,380.0,216.0,393.8,211.6,395.0,213.5,409.4,213.1,411.0,214.5,423.6,217.6,426.5,218.0,443.7,215.0,448.0,216.5,449.4,210.3,456.0,211.5,455.4,207.5,459.5,209.0,460.4,208.3,460.0,210.5,461.4,215.3,456.5,215.5,434.4,235.9,435.5,230.83333333333334,438.5,249.4,441.6,250.0,443.4,262.5,446.14285714285717,263.57142857142856,448.4,276.4,448.25,275.0,421.6,291.7,420.38461538461536,287.7692307692308,430.4,293.4,433.6666666666667,289.5833333333333,438.9,295.0,442.6,291.93333333333334,445.0,292.1,447.1666666666667,289.5,449.2,288.0,448.45454545454544,282.09090909090907,379.4,241.5,377.8333333333333,238.83333333333334,390.4,236.0,388.2,232.2,399.6,235.2,403.0,232.5,404.9,240.9,409.55555555555554,240.0,399.1,244.1,398.0,246.5,389.8,244.7,383.2,246.0,436.2,236.4,436.2857142857143,236.28571428571428,443.4,229.7,440.75,228.75,449.7,229.3,449.4,226.0,452.5,233.6,449.0,231.14285714285714,450.3,237.3,446.1666666666667,238.66666666666666,444.2,238.1,439.0,239.0,398.8,328.1,402.57142857142856,326.7142857142857,420.0,318.1,415.75,321.0,433.7,312.6,430.5,316.0,438.9,313.9,437.0,313.0,443.2,311.0,440.0,313.5,444.6,313.6,441.0,315.3333333333333,441.0,319.8,437.8,320.0,443.8,328.6,437.5,325.75,442.6,333.7,435.5,327.0,437.9,335.7,428.6666666666667,335.3333333333333,431.9,336.4,418.5,335.5,418.2,335.4,408.0,332.0,404.4,327.1,415.55555555555554,321.77777777777777,431.9,321.8,421.0,323.0,437.3,321.1,431.75,320.0,441.3,319.5,433.8,323.6,439.4,320.7,436.6,320.7,442.6,321.9,435.0,322.0,438.3,324.1,431.5,324.5,432.9,324.9,422.25,327.25
26,360.4,223.7,364.5,223.0,376.9,215.1,379.0,216.5,393.1,211.5,394.0,213.5,408.9,213.0,410.0,214.5,423.2,217.5,425.5,218.0,443.4,215.0,447.0,216.5,449.2,210.3,455.0,211.0,455.3,207.6,459.5,208.5,460.2,208.4,459.5,210.0,461.1,215.5,456.5,215.0,433.9,236.1,434.8333333333333,230.83333333333334,438.0,249.4,441.4,249.6,442.9,262.3,445.7142857142857,263.2857142857143,447.9,276.0,447.5,274.75,421.3,291.6,420.3076923076923,287.53846153846155,430.0,293.2,433.4166666666667,289.5,438.4,294.7,442.0,291.73333333333335,444.5,292.0,446.9166666666667,289.25,448.7,288.0,448.1818181818182,282.0,379.0,241.5,377.1666666666667,239.0,390.0,235.9,388.0,232.4,399.3,235.1,402.25,232.5,404.5,241.0,409.55555555555554,240.11111111111111,398.7,244.2,397.25,247.25,389.3,244.8,382.4,246.4,435.7,236.7,436.0,236.28571428571428,443.0,229.8,440.75,228.25,449.4,229.4,449.4,225.6,452.1,233.8,449.14285714285717,230.57142857142858,450.0,237.6,446.3333333333333,238.66666666666666,443.8,238.4,439.0,239.0,399.2,328.1,402.57142857142856,327.14285714285717,420.1,318.0,416.0,321.25,433.4,312.5,430.5,315.5,438.6,313.8,437.0,313.0,442.9,310.9,440.0,313.5,444.5,313.7,441.0,314.6666666666667,440.9,320.1,438.0,319.8,443.7,328.6,437.5,325.75,442.4,333.4,436.0,327.0,437.6,335.4,429.0,335.3333333333333,431.6,336.1,418.5,336.0,418.3,335.1,408.0,332.0,404.8,327.0,415.77777777777777,321.77777777777777,431.6,321.7,421.0,323.0,437.0,321.0,432.0,320.0,441.1,319.4,434.2,323.6,439.4,320.8,436.7,320.6,442.3,321.8,435.5,322.0,437.9,323.9,432.0,325.0,432.5,324.7,422.25,327.25
27,359.6,224.2,363.5,223.0,376.0,215.4,378.0,216.5,392.4,211.6,393.0,213.5,408.4,213.1,409.0,214.5,422.8,217.7,425.0,218.0,442.5,215.2,447.0,216.5,448.6,210.3,456.0,211.0,454.8,207.6,459.5,208.0,459.8,208.5,460.0,209.5,460.8,215.7,456.5,214.5,433.4,236.1,434.3333333333333,230.83333333333334,437.6,249.3,440.6,250.2,442.5,262.2,445.0,263.57142857142856,447.6,275.8,447.0,275.25,420.8,291.6,419.46153846153845,287.84615384615387,429.5,293.2,432.6666666666667,289.8333333333333,438.0,294.7,441.6666666666667,292.0,444.1,292.0,446.4166666666667,289.4166666666667,448.3,287.9,447.90909090909093,282.09090909090907,378.3,241.6,376.1666666666667,239.0,389.4,236.0,387.0,232.4,398.6,235.2,401.5,232.25,404.0,241.0,408.55555555555554,240.11111111111111,398.1,244.3,396.75,247.5,388.7,244.9,381.4,246.4,435.3,236.7,436.0,236.28571428571428,442.6,229.8,440.75,228.25,449.0,229.3,449.6,225.2,451.8,233.8,449.85714285714283,230.42857142857142,449.6,237.5,446.6666666666667,238.66666666666666,443.3,238.3,439.0,239.0,398.6,328.1,402.2857142857143,327.7142857142857,419.6,318.0,415.75,321.75,432.9,312.5,430.0,316.5,438.3,313.8,437.0,314.0,442.7,310.9,440.0,314.0,444.3,313.6,441.0,315.3333333333333,440.8,320.0,438.0,320.2,443.4,328.5,437.5,326.5,442.1,333.4,435.5,328.0,437.2,335.5,428.6666666666667,336.3333333333333,431.1,336.2,418.0,336.75,417.7,335.1,408.0,333.0,404.2,326.9,415.22222222222223,322.44444444444446,431.2,321.7,420.3333333333333,323.3333333333333,436.7,321.0,431.75,321.0,440.9,319.4,433.8,324.2,439.3,320.7,436.9,321.1,442.0,321.8,435.25,322.75,437.5,323.9,431.5,326.0,432.0,324.7,422.25,328.25
28,359.5,224.1,363.0,223.0,375.9,215.3,377.5,216.5,392.2,211.6,392.5,213.5,408.2,213.0,409.0,214.5,422.5,217.7,424.5,218.5,442.2,215.2,447.0,216.5,448.4,210.4,455.0,211.0,454.6,207.7,459.5,208.5,459.6,208.6,460.0,210.0,460.5,215.9,456.5,215.0,433.1,236.1,434.0,231.0,437.3,249.4,440.4,250.2,442.2,262.4,444.7142857142857,263.57142857142856,447.3,276.1,447.0,275.25,420.4,291.7,419.2307692307692,287.9230769230769,429.2,293.4,432.4166666666667,289.8333333333333,437.8,294.9,441.53333333333336,291.8666666666667,444.0,292.1,446.3333333333333,289.4166666666667,448.1,288.1,447.72727272727275,282.09090909090907,378.2,241.6,375.8333333333333,239.0,389.2,235.9,386.0,232.4,398.5,235.1,401.25,232.0,403.8,241.0,408.55555555555554,240.11111111111111,397.9,244.2,396.0,247.25,388.5,244.8,381.4,246.4,435.0,236.7,435.57142857142856,236.28571428571428,442.3,229.9,440.5,228.25,448.8,229.4,449.4,225.0,451.6,233.9,449.57142857142856,230.42857142857142,449.3,237.6,446.5,238.66666666666666,443.0,238.4,438.6666666666667,239.0,398.7,328.1,402.42857142857144,328.0,419.6,318.0,415.75,321.75,432.8,312.6,430.0,316.5,438.1,313.9,437.0,314.0,442.6,311.0,440.0,314.0,444.2,313.6,441.0,315.3333333333333,440.7,320.1,438.0,320.8,443.4,328.4,437.75,327.0,442.1,333.3,435.5,328.0,437.2,335.4,429.0,336.3333333333333,431.1,336.0,418.0,337.25,417.7,335.0,408.0,333.0,404.3,327.0,415.22222222222223,322.6666666666667,431.0,321.7,420.6666666666667,323.6666666666667,436.6,321.1,431.75,321.0,440.8,319.5,433.8,324.4,439.2,320.8,436.9,321.4,441.9,321.7,435.5,323.0,437.4,323.9,431.5,326.0,431.9,324.6,422.25,328.25
29,359.0,224.2,363.0,222.0,375.5,215.3,378.0,216.0,391.9,211.4,393.0,213.0,408.1,212.8,409.0,214.5,422.4,217.5,424.5,218.0,442.3,215.1,447.0,216.5,448.5,210.1,455.0,211.0,454.7,207.4,459.0,208.5,459.6,208.5,459.5,209.5,460.3,216.1,456.5,214.5,433.0,236.0,434.0,230.83333333333334,437.2,249.3,440.4,249.2,442.2,262.3,444.7142857142857,263.14285714285717,447.2,275.9,446.5,274.75,420.3,291.6,419.3076923076923,287.38461538461536,429.1,293.2,432.5,289.25,437.7,294.8,441.4,291.6,443.9,292.0,446.1666666666667,289.0,448.1,288.0,447.45454545454544,281.6363636363636,378.0,241.5,376.0,238.5,389.0,235.8,386.6,231.8,398.3,235.0,401.25,231.75,403.6,240.9,408.55555555555554,239.77777777777777,397.7,244.1,396.25,246.5,388.3,244.7,381.4,245.8,434.9,236.6,435.57142857142856,236.0,442.2,229.7,440.5,228.25,448.7,229.2,449.0,225.0,451.5,233.7,449.2857142857143,230.28571428571428,449.3,237.4,446.1666666666667,238.16666666666666,442.9,238.3,438.6666666666667,238.66666666666666,398.4,328.0,402.42857142857144,327.14285714285717,419.4,317.9,415.75,321.25,432.7,312.4,430.0,315.5,438.1,313.8,437.0,313.0,442.6,310.8,439.5,313.5,444.2,313.5,441.0,314.3333333333333,440.7,319.9,437.8,319.8,443.3,328.4,437.5,326.25,442.0,333.3,435.5,327.0,437.0,335.4,428.6666666666667,335.6666666666667,430.9,336.1,417.75,336.25,417.5,335.0,408.0,332.0,404.0,326.9,415.22222222222223,321.8888888888889,431.0,321.6,420.6666666666667,323.0,436.5,321.0,431.75,320.25,440.8,319.4,433.6,323.6,439.1,320.7,436.6,320.7,441.9,321.7,435.0,322.25,437.3,323.9,431.5,325.0,431.8,324.6,422.25,327.5
30,358.7,224.2,363.0,222.5,375.2,215.2,377.5,216.0,391.7,211.3,392.5,213.0,407.9,212.7,409.0,214.5,422.3,217.4,424.5,218.0,442.3,214.8,447.0,216.5,448.5,209.9,455.0,211.0,454.8,207.1,459.0,208.0,459.7,208.4,459.0,209.5,460.1,216.1,455.5,214.5,432.9,235.9,433.8333333333333,230.83333333333334,437.1,249.2,440.4,249.4,442.0,262.2,444.57142857142856,263.2857142857143,447.1,276.0,446.5,275.0,420.2,291.4,419.3076923076923,287.6923076923077,429.1,293.1,432.5,289.5833333333333,437.7,294.6,441.3333333333333,291.73333333333335,444.0,291.8,446.0833333333333,289.25,448.1,287.7,447.3636363636364,281.90909090909093,377.8,241.3,376.0,238.66666666666666,388.9,235.7,386.2,232.0,398.1,234.8,401.25,231.75,403.4,240.6,408.44444444444446,239.88888888888889,397.6,243.8,396.0,247.0,388.2,244.4,381.4,246.2,435.0,236.2,435.14285714285717,236.0,442.3,229.4,440.0,228.25,448.7,229.0,448.8,225.0,451.5,233.4,448.85714285714283,230.28571428571428,449.3,237.0,445.8333333333333,238.16666666666666,443.0,237.8,438.3333333333333,238.66666666666666,399.0,328.0,402.42857142857144,327.42857142857144,419.8,317.7,415.75,321.5,432.9,312.1,430.0,316.0,438.3,313.5,437.0,313.0,442.9,310.5,439.5,313.5,444.4,313.2,441.0,315.0,440.8,319.8,437.4,320.0,443.4,328.2,437.25,326.25,442.0,333.2,435.5,327.0,437.0,335.3,428.3333333333333,336.0,430.8,335.9,418.0,336.25,417.7,334.9,408.0,332.0,404.6,326.7,415.22222222222223,322.1111111111111,431.1,321.4,420.6666666666667,323.0,436.7,320.7,431.75,320.5,441.0,319.1,433.6,323.8,439.2,320.5,436.2,320.8,442.0,321.5,435.0,322.5,437.3,323.7,431.5,325.5,431.7,324.5,422.25,328.0
31,358.6,224.2,362.5,222.5,375.0,215.3,377.5,216.0,391.5,211.4,392.5,213.5,407.6,212.8,409.0,214.5,422.0,217.4,424.5,218.0,442.5,214.7,447.0,216.5,448.7,209.8,455.0,211.0,454.9,207.1,459.0,208.5,459.7,208.3,459.0,210.0,460.2,215.9,455.5,215.0,432.8,236.0,433.8333333333333,230.83333333333334,437.0,249.3,440.4,249.2,441.9,262.2,444.57142857142856,263.2857142857143,447.0,275.8,446.5,274.75,420.1,291.4,419.2307692307692,287.53846153846155,429.0,293.0,432.5,289.5833333333333,437.7,294.5,441.26666666666665,291.73333333333335,443.9,291.7,446.0833333333333,289.25,448.1,287.6,447.3636363636364,281.8181818181818,377.5,241.4,375.8333333333333,238.66666666666666,388.6,235.7,386.2,232.0,397.9,234.9,401.25,231.75,403.3,240.8,408.3333333333333,239.77777777777777,397.4,243.9,396.0,246.5,387.9,244.6,381.2,246.0,434.9,236.4,435.14285714285717,236.0,442.3,229.4,440.0,228.25,448.8,228.9,448.8,225.2,451.6,233.4,448.85714285714283,230.28571428571428,449.4,237.1,445.6666666666667,238.16666666666666,443.1,237.9,438.3333333333333,238.66666666666666,398.8,327.9,402.2857142857143,327.42857142857144,419.8,317.4,415.5,321.5,433.0,311.8,430.0,316.0,438.6,313.1,437.0,313.0,443.2,310.1,439.5,313.5,444.8,312.9,441.0,315.3333333333333,441.1,319.6,437.4,320.0,443.7,328.1,437.25,326.25,442.3,333.2,435.5,327.0,437.2,335.4,428.3333333333333,336.0,431.0,336.1,417.75,336.25,417.7,335.0,408.0,332.0,404.4,326.7,415.22222222222223,322.0,431.2,321.1,420.3333333333333,323.0,436.9,320.4,431.75,320.5,441.3,318.8,433.6,323.6,439.5,320.2,436.2,320.8,442.2,321.5,435.0,322.5,437.5,323.7,431.5,325.5,431.8,324.5,421.75,328.0
32,358.4,224.3,362.5,223.0,374.8,215.4,377.0,216.0,391.3,211.5,392.5,213.5,407.4,212.9,409.0,214.5,421.8,217.6,424.5,218.0,442.0,214.9,446.0,216.5,448.3,209.9,454.0,211.0,454.6,207.1,458.5,208.5,459.6,208.2,459.0,210.0,460.4,215.8,455.5,215.0,432.6,235.9,433.5,230.83333333333334,436.8,249.1,440.0,249.2,441.7,262.0,444.2857142857143,263.14285714285717,446.8,275.7,446.5,274.75,419.9,291.4,419.0,287.53846153846155,428.8,293.0,432.0833333333333,289.4166666666667,437.5,294.5,440.93333333333334,291.6666666666667,443.7,291.7,445.6666666666667,289.0,447.9,287.6,447.1818181818182,281.72727272727275,377.2,241.3,375.1666666666667,238.66666666666666,388.4,235.6,386.0,232.0,397.7,234.8,400.75,231.75,403.1,240.7,407.55555555555554,239.77777777777777,397.2,243.9,396.0,246.5,387.7,244.5,380.6,246.0,434.9,236.3,434.85714285714283,236.0,442.3,229.3,439.75,228.25,448.8,228.8,448.4,225.6,451.7,233.3,448.2857142857143,230.28571428571428,449.5,237.0,445.3333333333333,238.16666666666666,443.1,237.8,437.6666666666667,238.66666666666666,398.4,328.0,402.14285714285717,327.42857142857144,419.4,317.7,415.0,321.5,432.7,312.0,430.0,316.0,438.2,313.4,436.0,313.0,442.8,310.4,439.5,313.5,444.4,313.1,440.6666666666667,314.3333333333333,440.8,319.7,437.0,319.8,443.3,328.2,437.0,326.0,442.0,333.2,435.5,327.0,436.9,335.3,428.3333333333333,335.3333333333333,430.7,336.0,417.5,336.25,417.4,334.9,408.0,332.0,404.0,326.8,415.0,321.8888888888889,430.9,321.3,420.0,323.0,436.5,320.6,431.25,320.25,440.9,319.0,433.6,323.6,439.1,320.4,436.2,320.6,441.9,321.6,435.0,322.0,437.2,323.8,431.5,325.0,431.6,324.5,421.5,327.5
33,358.4,223.6,362.5,222.0,374.6,214.6,377.0,216.0,390.9,210.5,392.5,213.0,407.0,211.8,409.0,214.0,421.3,216.4,424.5,218.0,441.5,213.8,447.0,216.0,448.0,209.0,455.0,210.5,454.2,206.5,459.5,208.0,459.2,208.2,460.0,209.0,459.8,216.1,456.5,214.0,432.0,235.5,434.0,230.5,436.2,248.7,440.4,249.2,441.3,261.6,444.85714285714283,262.7142857142857,446.4,275.2,447.0,274.75,419.7,291.0,419.15384615384613,287.2307692307692,428.5,292.6,432.5833333333333,289.1666666666667,437.0,294.1,441.6,291.4,443.2,291.4,446.3333333333333,288.6666666666667,447.3,287.4,447.8181818181818,281.3636363636364,377.2,241.0,375.1666666666667,238.16666666666666,388.2,235.4,386.0,231.4,397.4,234.6,400.75,231.75,402.6,240.2,407.8888888888889,239.44444444444446,396.9,243.4,396.0,246.5,387.5,244.0,380.4,245.8,434.4,236.0,435.85714285714283,235.57142857142858,441.8,229.3,440.75,227.5,448.2,228.9,449.6,224.6,451.0,233.3,449.7142857142857,229.57142857142858,448.8,236.8,446.5,237.66666666666666,442.5,237.6,438.6666666666667,238.0,398.8,327.5,402.14285714285717,326.57142857142856,419.7,317.2,415.25,320.75,432.7,311.6,430.0,315.5,438.2,313.0,437.0,313.0,442.8,310.0,440.0,313.0,444.5,312.7,441.3333333333333,314.3333333333333,440.8,319.3,438.0,319.2,443.2,327.9,437.75,325.25,441.8,333.0,435.5,326.0,436.7,335.1,428.6666666666667,335.0,430.6,335.7,417.75,335.25,417.6,334.6,408.0,332.0,404.4,326.2,415.0,321.3333333333333,430.9,321.0,420.3333333333333,322.3333333333333,436.5,320.3,431.75,320.0,440.8,318.7,433.8,323.2,439.2,319.9,437.1,319.9,441.7,321.3,435.5,321.5,437.0,323.5,431.5,324.5,431.4,324.2,421.5,327.0
34,356.7,222.6,360.0,220.0,373.0,213.3,374.0,214.0,389.6,209.0,390.0,210.5,406.0,210.2,406.0,211.5,420.5,214.7,422.5,215.0,440.3,212.1,446.0,213.0,447.3,207.3,455.0,207.0,453.7,205.0,459.5,204.5,459.0,207.1,460.5,206.0,459.3,215.4,457.5,211.0,431.3,234.0,432.8333333333333,228.0,435.7,247.4,439.4,247.2,440.8,260.4,444.0,261.2857142857143,446.0,274.1,446.0,273.0,418.7,289.6,417.9230769230769,286.0769230769231,427.8,291.3,431.4166666666667,288.0,436.6,292.9,440.53333333333336,290.06666666666666,442.9,290.2,445.9166666666667,287.5833333333333,447.3,286.2,447.54545454545456,280.09090909090907,376.2,239.5,373.1666666666667,237.0,387.1,234.0,384.0,230.0,396.3,233.2,399.25,229.75,401.7,238.6,406.55555555555554,237.88888888888889,395.9,241.6,394.0,245.0,386.6,242.3,378.6,244.4,434.2,234.3,435.42857142857144,233.57142857142858,441.6,227.9,440.5,225.5,448.1,227.6,449.6,222.2,451.0,231.8,450.0,227.57142857142858,448.6,235.1,446.6666666666667,235.66666666666666,442.3,235.8,438.6666666666667,236.0,398.4,326.6,401.14285714285717,326.7142857142857,418.9,316.0,414.25,320.75,431.7,310.4,429.0,315.5,437.7,311.9,436.0,312.0,442.7,308.8,439.0,312.5,444.4,311.7,440.6666666666667,314.3333333333333,440.7,318.7,437.4,319.2,442.6,327.0,437.25,325.75,440.8,332.1,435.0,327.0,435.4,334.3,427.6666666666667,336.0,428.9,334.9,416.5,336.25,416.2,333.6,406.0,332.0,404.1,325.3,414.0,321.55555555555554,429.8,319.8,419.3333333333333,322.3333333333333,435.8,319.3,430.75,319.5,440.6,317.6,433.2,323.4,439.0,319.2,436.2,320.1,441.0,320.3,434.75,321.75,435.8,322.6,430.5,325.0,429.8,323.3,420.75,327.75
35,349.4,215.3,350.5,214.0,365.5,205.3,364.0,207.0,382.9,200.6,379.5,203.5,400.1,201.6,396.0,204.0,415.2,206.1,413.0,207.5,437.5,203.6,439.0,205.0,445.1,199.1,448.5,198.0,451.3,197.4,453.5,195.0,455.9,200.5,455.0,197.0,455.5,209.5,453.0,202.0,427.1,226.8,425.1666666666667,221.66666666666666,431.9,240.9,432.8,242.6,437.1,254.8,437.42857142857144,257.0,442.2,269.3,439.25,269.25,413.1,284.5,412.7692307692308,282.46153846153845,422.9,286.8,426.0833333333333,284.25,432.4,289.0,435.1333333333333,286.6,439.1,286.2,440.5,283.4166666666667,443.4,282.2,442.1818181818182,275.54545454545456,371.0,233.3,364.8333333333333,232.83333333333334,381.6,228.0,375.4,225.2,390.5,227.2,391.0,225.0,396.3,232.1,399.0,232.33333333333334,390.6,234.8,386.75,240.0,381.6,235.5,371.0,240.0,430.4,229.0,430.14285714285717,227.42857142857142,438.1,223.5,435.0,219.0,445.0,223.4,444.4,215.2,448.1,227.7,446.14285714285717,221.0,445.4,230.4,441.8333333333333,229.33333333333334,439.0,230.7,433.6666666666667,230.0,391.1,321.5,396.85714285714283,323.14285714285717,411.3,311.1,409.25,316.5,424.3,306.6,424.0,310.5,432.2,308.4,431.0,308.0,438.9,305.5,434.5,307.5,441.8,308.3,436.3333333333333,308.6666666666667,439.0,315.9,433.2,314.0,440.1,323.4,434.0,322.75,437.1,328.3,431.5,326.0,430.3,330.5,424.3333333333333,335.0,421.9,330.6,412.5,335.0,408.9,328.6,402.0,330.0,396.9,320.6,409.55555555555554,318.0,422.9,315.6,414.6666666666667,317.6666666666667,430.7,315.5,426.25,315.0,437.1,313.9,429.0,318.8,437.2,316.2,432.3,315.8,436.9,316.9,431.25,319.75,430.1,319.5,427.5,324.0,422.3,319.8,416.75,326.25
36,343.0,200.4,347.5,200.0,358.0,189.6,362.0,194.0,374.7,184.8,377.5,190.5,390.9,185.8,394.0,191.5,406.3,190.2,410.0,196.0,431.1,188.2,433.5,195.0,437.0,184.8,442.5,189.5,443.2,183.5,447.5,187.0,448.6,185.0,449.5,189.0,449.6,192.6,447.0,194.5,419.8,211.4,420.5,209.66666666666666,423.9,225.6,427.0,229.4,428.5,239.7,431.0,243.71428571428572,433.2,254.7,432.5,256.0,404.0,269.2,404.15384615384613,267.53846153846155,413.6,271.7,417.6666666666667,270.6666666666667,423.0,274.4,426.8,273.8666666666667,429.6,271.6,432.5833333333333,270.5833333333333,433.8,267.4,434.6363636363636,263.0,364.2,219.5,360.6666666666667,218.5,374.5,214.8,371.6,211.6,383.2,214.1,386.5,211.75,389.7,218.4,393.55555555555554,218.88888888888889,383.2,222.0,381.0,225.5,374.3,222.4,366.0,225.0,423.1,216.0,424.57142857142856,215.28571428571428,430.3,211.1,429.75,208.5,437.5,211.0,438.8,205.8,441.0,215.3,439.7142857142857,211.0,438.1,218.5,435.3333333333333,218.16666666666666,431.4,218.6,427.6666666666667,218.0,374.2,304.5,380.14285714285717,307.2857142857143,395.0,297.1,394.25,298.75,410.4,294.0,411.5,293.5,416.2,295.7,420.0,291.0,421.1,293.3,424.0,291.0,424.2,295.3,426.0,292.3333333333333,422.3,300.3,422.8,299.4,423.0,312.5,423.25,313.25,419.6,317.8,421.0,318.0,414.5,319.7,412.6666666666667,327.0,408.0,319.7,398.75,325.5,393.3,316.1,387.0,318.0,379.2,304.6,394.8888888888889,303.6666666666667,409.8,300.9,400.3333333333333,299.6666666666667,415.5,301.1,414.0,297.0,420.1,299.5,418.4,303.4,420.5,301.6,421.7,302.8,419.3,307.9,420.5,311.25,414.5,310.3,415.5,317.0,408.5,310.5,403.0,317.75
37,328.0,182.4,337.0,182.5,343.5,170.7,351.5,176.5,361.0,165.6,367.0,173.5,378.1,166.5,383.0,175.0,394.0,171.1,399.0,179.5,418.5,169.2,423.5,179.5,425.5,166.1,433.0,175.0,432.3,164.9,439.5,173.0,438.0,166.9,442.5,175.5,439.2,175.5,442.0,181.5,407.9,192.6,410.1666666666667,191.83333333333334,412.2,206.3,416.6,209.2,416.9,219.8,420.2857142857143,222.42857142857142,421.7,234.3,421.25,233.25,392.8,250.2,393.3076923076923,245.84615384615384,402.5,252.7,406.8333333333333,248.5,412.0,255.2,416.4,252.06666666666666,418.5,252.6,423.75,250.25,422.9,248.8,427.0,243.63636363636363,351.6,200.6,350.3333333333333,199.33333333333334,362.6,195.8,361.2,191.8,371.6,195.3,376.25,192.75,378.2,200.1,383.22222222222223,200.66666666666666,371.6,203.1,371.0,206.5,362.4,203.3,355.4,205.6,411.7,198.1,417.42857142857144,198.71428571428572,419.5,192.8,422.5,191.25,427.0,192.7,432.8,189.4,431.0,197.2,434.7142857142857,195.42857142857142,427.8,200.2,430.0,202.16666666666666,420.8,200.4,421.3333333333333,201.33333333333334,361.7,286.4,369.2857142857143,287.7142857142857,383.1,277.5,383.25,277.75,399.9,273.9,400.5,272.0,406.5,275.9,410.0,270.0,411.9,273.5,415.0,270.5,415.3,276.3,419.0,273.6666666666667,413.4,282.9,417.2,283.2,412.9,296.6,416.75,297.0,409.0,302.5,412.5,301.0,402.9,304.4,403.6666666666667,310.0,395.7,304.3,388.0,307.75,380.1,299.9,376.0,299.0,366.5,286.3,384.1111111111111,283.3333333333333,399.0,281.4,390.0,279.3333333333333,405.5,281.8,404.5,277.0,410.7,280.4,410.6,284.6,411.3,284.0,415.2,285.9,408.6,291.7,412.5,294.5,403.0,294.0,406.5,299.0,396.2,294.2,392.75,299.0
38,317.2,170.0,318.0,168.5,332.9,158.4,331.0,160.5,350.7,153.6,345.5,156.0,367.1,154.9,362.5,156.0,381.6,160.0,379.5,159.5,403.9,157.3,407.5,159.0,412.1,153.9,418.5,154.0,419.8,152.6,426.0,153.0,425.9,156.0,430.5,156.5,428.2,166.9,430.0,163.5,394.5,179.7,393.6666666666667,173.66666666666666,399.6,192.7,401.6,192.2,404.8,205.5,406.2857142857143,204.85714285714286,410.1,219.3,407.75,215.75,382.2,234.6,380.2307692307692,230.23076923076923,393.2,237.0,394.6666666666667,232.0,403.6,239.3,404.8666666666667,235.33333333333334,410.0,236.3,413.5833333333333,233.33333333333334,414.2,232.7,417.0,226.8181818181818,339.3,187.9,334.0,187.33333333333334,350.6,183.7,344.2,178.4,359.4,183.2,360.0,178.5,366.7,186.8,368.0,186.66666666666666,359.8,189.2,355.5,193.5,350.8,189.7,339.6,193.4,400.3,184.7,403.7142857142857,183.85714285714286,408.7,180.4,408.75,176.0,415.8,180.6,420.0,173.6,420.5,184.0,423.42857142857144,181.14285714285714,416.9,186.1,418.3333333333333,188.0,410.3,186.2,408.3333333333333,187.0,357.9,271.0,357.0,277.57142857142856,380.0,259.2,372.0,264.75,395.6,254.2,390.5,257.0,402.8,255.9,401.0,254.0,408.8,253.3,407.5,255.0,412.3,256.8,412.0,258.0,410.2,265.9,411.2,268.6,411.8,275.8,411.0,287.5,409.3,280.3,405.5,294.5,402.7,282.2,396.0,304.0,394.9,282.5,378.25,301.25,379.4,280.5,364.0,292.0,363.4,270.4,373.1111111111111,272.6666666666667,394.7,262.9,380.0,265.6666666666667,401.9,262.8,396.0,261.75,407.8,261.5,403.6,270.8,408.0,266.3,408.6,273.2,407.7,269.2,405.75,286.25,401.5,271.6,397.5,293.0,394.1,272.0,382.25,293.0
39,308.5,168.6,308.0,167.5,322.6,155.9,321.0,159.0,340.1,150.3,335.5,154.5,356.7,151.8,352.5,154.0,371.6,157.9,370.5,157.5,395.8,154.7,399.0,157.0,403.8,150.7,410.5,152.0,411.9,148.8,417.5,151.0,417.9,151.8,422.0,153.5,420.0,163.4,423.0,160.5,386.2,177.4,385.6666666666667,172.33333333333334,391.6,190.5,394.2,191.4,397.3,203.5,399.42857142857144,204.0,403.2,217.4,401.25,214.5,375.5,233.2,373.6923076923077,229.15384615384616,386.8,235.4,388.3333333333333,230.83333333333334,397.9,237.6,398.73333333333335,233.86666666666667,404.5,234.1,407.3333333333333,231.16666666666666,408.4,229.8,410.54545454545456,224.0909090909091,329.6,187.4,323.6666666666667,186.0,340.6,182.8,334.2,177.0,349.8,182.2,350.75,177.0,357.8,185.6,358.8888888888889,185.33333333333334,350.1,188.4,346.25,192.5,340.8,189.0,330.2,192.4,392.4,183.1,395.85714285714283,182.42857142857142,401.2,178.6,401.0,174.0,408.5,178.6,413.0,171.4,413.7,181.9,416.57142857142856,178.57142857142858,409.8,183.9,411.5,185.66666666666666,402.7,184.2,401.3333333333333,186.0,352.0,271.6,350.2857142857143,275.14285714285717,375.2,257.4,365.25,262.5,392.2,251.2,384.0,255.0,398.9,252.6,395.0,252.0,404.1,249.9,401.5,252.5,408.1,253.6,406.0,254.66666666666666,407.0,264.1,404.4,264.4,409.9,275.3,405.25,284.25,407.8,280.2,400.5,292.0,401.7,282.4,391.0,302.0,394.6,283.3,372.75,299.75,377.1,281.9,358.0,290.0,357.4,270.7,366.55555555555554,270.55555555555554,391.9,260.7,373.6666666666667,263.6666666666667,398.6,260.1,389.5,259.5,403.7,258.8,397.8,268.2,404.5,264.6,402.2,269.5,405.0,269.0,400.0,283.5,399.6,271.4,392.5,291.0,392.8,272.4,376.5,291.5
40,299.6,173.6,304.5,172.5,315.2,161.1,317.0,163.5,334.0,156.1,331.0,158.5,351.4,157.7,347.5,157.5,366.6,163.9,365.0,161.0,390.1,160.1,392.0,160.5,399.0,154.7,403.5,155.5,407.1,151.4,410.5,154.0,413.4,151.6,415.0,157.0,417.7,160.4,416.0,163.5,380.4,182.6,379.1666666666667,176.16666666666666,385.6,195.4,387.6,195.4,391.0,208.1,392.7142857142857,208.71428571428572,396.8,221.8,394.25,220.0,368.9,238.8,368.2307692307692,235.23076923076923,380.8,240.5,382.25,236.66666666666666,392.4,242.2,392.73333333333335,239.4,399.6,238.1,401.0833333333333,236.83333333333334,403.9,233.5,404.54545454545456,229.8181818181818,322.9,193.1,320.5,191.33333333333334,334.8,188.3,330.4,182.0,344.3,187.5,346.25,181.75,352.4,191.0,354.1111111111111,189.77777777777777,344.3,194.1,342.25,197.0,334.7,194.8,326.6,197.4,387.8,186.9,389.7142857142857,186.42857142857142,397.2,181.6,394.75,177.75,405.0,180.8,406.2,175.0,410.7,183.7,409.85714285714283,182.57142857142858,406.4,186.5,405.0,189.33333333333334,398.9,187.5,395.3333333333333,189.33333333333334,347.9,275.2,348.85714285714283,280.14285714285717,370.7,260.6,362.0,268.5,386.8,254.3,379.0,260.5,395.4,255.3,389.0,258.0,402.5,251.7,395.5,258.5,408.1,254.3,400.0,260.6666666666667,408.6,263.8,399.2,269.8,410.2,274.1,399.25,286.25,407.8,280.2,394.5,292.0,399.6,283.7,386.3333333333333,301.6666666666667,390.8,285.3,369.75,300.25,373.4,284.7,356.0,292.0,353.7,274.1,363.22222222222223,275.0,387.0,264.2,369.6666666666667,269.6666666666667,395.5,263.2,384.5,265.75,402.7,260.9,392.4,273.4,405.7,264.7,396.8,273.6,404.5,268.9,394.25,283.75,397.0,272.5,387.5,290.0,388.4,274.1,372.75,291.25
41,301.9,182.6,307.0,181.0,316.9,171.5,320.0,173.5,333.9,166.7,335.0,169.0,350.2,167.8,351.5,168.5,365.1,172.8,368.5,171.5,390.5,168.2,394.5,171.0,398.7,163.2,405.5,166.5,406.2,160.1,413.5,166.0,412.5,159.8,417.5,169.5,417.1,167.2,419.0,175.5,379.6,191.8,381.3333333333333,185.5,384.4,204.8,389.2,204.4,389.6,217.6,393.7142857142857,217.57142857142858,395.1,231.4,394.75,229.0,367.1,248.2,367.38461538461536,243.30769230769232,378.5,249.6,381.8333333333333,245.33333333333334,390.2,251.2,392.3333333333333,248.33333333333334,397.4,247.1,401.3333333333333,246.08333333333334,402.0,242.3,405.0,239.0,321.9,203.7,322.0,199.33333333333334,333.7,199.3,332.4,191.0,343.0,198.4,348.25,190.5,351.4,201.4,355.6666666666667,197.88888888888889,343.2,204.6,343.5,204.75,333.8,205.5,327.6,205.2,387.9,196.1,391.57142857142856,195.42857142857142,397.1,190.9,396.75,188.0,404.9,189.8,408.4,186.0,410.6,192.3,412.0,192.57142857142858,406.3,195.3,406.5,199.16666666666666,398.8,196.5,396.6666666666667,198.33333333333334,343.3,282.0,344.0,287.14285714285717,367.2,270.7,358.5,277.0,383.6,265.1,377.0,270.5,391.9,265.8,388.0,268.0,398.8,262.1,394.0,268.5,404.7,263.4,399.0,270.3333333333333,405.8,269.6,398.2,278.8,406.5,279.7,398.25,295.5,403.8,285.9,392.5,301.5,396.2,289.4,384.0,311.0,387.7,291.1,366.5,309.0,369.5,291.1,352.0,300.0,349.1,281.4,359.77777777777777,283.1111111111111,383.8,274.2,366.6666666666667,278.3333333333333,392.0,273.1,382.25,275.5,399.1,270.4,390.6,282.8,403.2,271.1,395.9,283.0,400.9,275.3,393.0,293.5,393.7,278.9,385.5,300.0,385.4,280.7,369.5,300.5
42,307.7,192.0,307.0,192.0,322.5,182.8,319.0,184.5,338.0,178.9,334.5,180.5,353.2,180.2,350.5,180.0,367.4,184.6,368.0,183.5,394.2,179.9,394.5,183.0,402.7,175.1,405.5,179.0,410.5,172.0,413.5,178.5,417.7,171.7,418.5,181.5,422.6,178.0,419.5,187.0,381.5,203.4,381.3333333333333,197.33333333333334,384.7,216.8,389.0,216.0,388.5,230.1,393.57142857142856,229.28571428571428,392.5,244.0,394.75,240.75,367.0,258.3,367.2307692307692,254.69230769230768,377.0,259.8,381.6666666666667,256.6666666666667,387.2,261.6,392.46666666666664,260.2,394.6,258.3,401.8333333333333,257.4166666666667,399.8,253.9,405.72727272727275,250.0909090909091,324.1,213.3,321.1666666666667,209.16666666666666,335.5,209.4,331.6,201.4,344.7,208.4,347.75,201.0,352.5,211.7,355.6666666666667,208.44444444444446,344.6,214.9,343.25,214.75,335.3,215.7,327.6,215.0,391.7,206.0,391.57142857142856,206.42857142857142,400.2,201.0,396.75,198.75,408.1,199.9,408.8,196.8,413.5,202.4,412.57142857142856,203.14285714285714,409.1,205.8,407.1666666666667,209.5,401.4,207.0,396.3333333333333,209.0,345.8,290.7,344.85714285714283,298.2857142857143,366.5,281.5,358.75,288.0,380.5,276.5,377.5,281.5,387.8,277.4,388.0,279.0,394.1,274.0,395.0,279.5,399.7,275.7,400.3333333333333,281.3333333333333,401.6,280.8,399.8,289.8,400.3,289.9,399.5,307.0,396.4,295.5,393.5,313.5,389.6,298.4,384.3333333333333,323.0,382.0,299.6,367.0,320.5,367.0,298.9,352.0,311.0,351.6,290.2,360.3333333333333,294.44444444444446,380.3,285.2,367.0,289.6666666666667,387.5,284.4,383.0,286.5,393.9,282.0,391.4,294.0,398.8,282.3,397.1,294.0,395.0,285.0,394.0,305.25,388.4,288.0,385.5,312.0,381.2,289.4,370.25,312.5
43,314.2,200.9,314.0,202.5,328.3,191.4,327.0,195.5,343.8,187.4,341.5,192.0,359.3,188.6,358.5,192.0,373.5,193.0,375.5,195.0,399.5,188.7,401.0,195.0,409.0,183.3,412.0,191.0,417.5,180.4,419.5,190.0,425.0,181.0,424.5,192.5,429.4,187.9,425.0,197.5,386.4,212.3,387.8333333333333,207.66666666666666,388.8,225.7,395.0,225.8,391.8,238.9,399.42857142857144,239.42857142857142,394.9,252.7,400.5,251.0,369.8,265.9,372.15384615384613,263.38461538461536,379.3,267.5,386.8333333333333,266.0,389.1,269.5,397.4,269.73333333333335,396.7,266.7,406.8333333333333,266.5833333333333,402.4,262.7,410.54545454545456,259.1818181818182,329.2,221.0,327.8333333333333,218.0,340.2,217.0,338.0,210.6,349.3,216.0,354.0,210.5,357.0,219.6,362.0,217.22222222222223,349.1,222.7,349.5,223.5,339.9,223.4,333.8,223.4,397.5,214.3,396.85714285714283,215.0,405.8,209.1,402.75,207.75,413.9,208.1,414.2,206.4,419.2,210.9,417.7142857142857,212.0,414.5,214.4,411.6666666666667,218.16666666666666,406.7,215.5,401.6666666666667,217.33333333333334,349.8,298.7,348.0,305.7142857142857,368.8,289.9,362.5,295.25,381.7,285.1,381.5,289.5,389.5,286.3,392.0,287.0,396.5,283.1,399.0,287.5,402.7,285.1,403.3333333333333,288.6666666666667,404.7,290.8,402.2,297.0,402.1,299.7,402.0,315.0,396.8,305.3,396.5,322.0,389.2,308.0,387.6666666666667,331.0,381.2,308.7,370.0,328.75,367.8,307.0,356.0,319.0,355.8,298.1,364.0,302.1111111111111,381.1,293.7,370.6666666666667,296.6666666666667,388.8,293.2,386.25,294.0,396.0,291.0,394.8,301.2,401.6,291.9,399.9,301.6,396.2,295.2,397.0,313.25,388.7,297.9,389.0,320.0,380.9,298.8,373.5,320.75
44,319.4,205.5,318.5,208.0,334.1,196.0,331.0,201.0,350.2,191.7,346.5,197.0,367.1,192.8,363.5,196.5,382.9,196.9,382.0,199.0,408.0,192.6,410.5,197.0,418.4,187.9,422.5,192.0,427.6,185.3,431.0,189.5,436.1,186.3,436.5,191.0,440.9,193.2,437.5,196.0,395.7,216.0,396.0,211.66666666666666,397.7,229.4,403.2,229.8,400.3,242.6,407.7142857142857,243.28571428571428,403.0,256.4,408.75,255.0,377.4,268.8,380.9230769230769,266.6923076923077,387.0,270.8,395.5,269.25,397.0,273.0,406.26666666666665,272.73333333333335,404.9,270.4,415.75,268.9166666666667,411.2,266.7,419.72727272727275,261.1818181818182,337.5,223.2,333.8333333333333,223.33333333333334,349.0,219.2,344.0,215.8,358.2,218.2,360.5,215.0,365.6,222.3,369.6666666666667,222.0,357.9,224.9,357.0,228.5,348.7,225.4,340.6,228.8,407.5,217.3,406.85714285714283,217.85714285714286,415.9,211.9,413.0,209.75,424.0,211.1,425.4,206.6,429.5,214.2,429.7142857142857,212.42857142857142,424.6,217.4,423.3333333333333,219.66666666666666,416.7,218.4,412.3333333333333,220.0,356.2,301.6,356.2857142857143,306.42857142857144,374.8,293.0,370.75,296.75,388.3,288.7,389.5,291.5,396.4,290.1,401.0,289.0,403.9,287.1,408.0,289.0,409.8,289.2,413.3333333333333,289.3333333333333,411.9,295.0,412.4,296.4,408.7,304.0,412.25,314.5,403.2,310.0,406.5,322.0,394.9,312.5,398.0,331.6666666666667,386.4,312.9,380.0,329.75,372.7,310.6,365.0,320.0,361.8,300.9,372.8888888888889,303.3333333333333,387.7,296.6,379.3333333333333,298.0,395.7,296.3,395.25,295.25,403.4,294.4,404.8,302.2,408.8,295.9,409.9,301.3,402.9,300.5,407.0,313.5,394.6,303.1,398.5,321.0,386.4,303.6,382.75,321.5
45,329.8,207.5,334.0,206.0,345.5,197.5,348.0,200.0,362.6,193.2,363.5,197.0,379.4,194.8,381.0,197.5,394.8,199.5,398.5,201.0,419.9,195.3,426.0,200.0,430.7,190.6,438.0,195.5,439.8,187.8,446.0,193.5,447.7,188.1,450.5,195.0,451.9,194.7,451.5,199.5,408.2,217.3,411.0,212.83333333333334,410.0,231.1,417.8,230.8,412.1,244.9,421.7142857142857,244.14285714285714,414.4,259.3,422.25,256.0,387.1,270.0,392.84615384615387,266.3076923076923,397.2,272.9,407.8333333333333,269.6666666666667,407.5,275.8,418.6666666666667,273.1333333333333,415.7,272.7,427.9166666666667,269.4166666666667,421.8,268.5,431.8181818181818,262.0,350.7,223.3,347.3333333333333,221.0,362.2,219.7,358.0,214.0,370.7,218.8,374.75,213.75,377.4,222.2,383.22222222222223,221.44444444444446,370.4,224.7,370.25,226.5,361.8,225.0,353.8,226.8,418.4,217.5,420.14285714285717,218.42857142857142,427.5,213.2,427.0,210.5,435.2,212.4,439.2,208.6,440.3,215.3,442.2857142857143,214.14285714285714,435.4,217.8,436.0,220.66666666666666,428.2,218.6,425.0,220.66666666666666,362.5,300.7,366.2857142857143,303.14285714285717,382.7,292.6,381.5,295.25,397.3,289.4,400.5,291.0,405.9,291.0,412.0,288.0,414.1,287.9,419.0,288.0,419.9,289.0,424.0,289.0,421.0,294.9,423.0,294.6,417.6,304.7,421.75,310.0,412.2,311.2,416.0,316.0,403.3,314.2,407.3333333333333,325.3333333333333,394.2,314.4,390.0,323.25,380.0,311.6,375.0,315.0,368.0,300.1,383.1111111111111,300.3333333333333,396.5,297.0,389.3333333333333,296.6666666666667,405.1,297.1,406.25,294.25,413.3,294.8,414.6,300.2,418.0,295.8,420.2,298.8,412.0,301.9,417.0,308.5,403.1,305.2,408.5,314.5,394.3,305.6,393.5,315.0
46,340.6,205.7,344.0,205.0,357.1,196.7,358.0,199.0,373.7,192.5,373.5,196.0,390.4,193.8,391.0,197.0,406.0,198.5,409.5,200.0,431.1,194.7,438.0,200.0,441.8,190.3,451.0,195.0,451.2,187.9,459.5,193.0,459.7,188.9,464.0,194.5,464.2,195.9,464.5,199.0,419.2,216.6,422.6666666666667,212.5,420.9,230.5,429.2,230.4,423.1,244.2,432.85714285714283,244.14285714285714,425.4,258.5,433.0,255.75,398.8,269.6,403.6923076923077,265.7692307692308,408.7,272.3,418.75,268.9166666666667,418.7,274.9,429.8,272.0,426.7,271.9,439.4166666666667,269.0,433.0,267.9,443.8181818181818,261.6363636363636,360.5,221.8,357.3333333333333,220.0,372.5,218.4,368.4,213.2,381.1,217.5,385.25,213.25,387.6,221.0,394.22222222222223,220.55555555555554,380.8,223.3,380.75,225.5,372.0,223.6,363.8,226.0,429.4,216.4,431.85714285714283,218.0,438.4,212.2,439.0,210.25,446.2,211.7,451.8,207.8,451.7,214.6,455.14285714285717,213.14285714285714,446.5,216.9,448.1666666666667,220.0,439.0,217.6,437.0,220.0,372.5,299.3,379.57142857142856,300.2857142857143,393.8,291.1,394.5,295.25,409.8,287.7,413.5,292.0,417.7,289.4,424.0,290.0,425.1,286.3,430.0,289.5,430.7,287.6,435.3333333333333,290.0,431.1,293.2,435.2,293.2,427.2,305.5,432.25,303.75,421.6,313.3,426.0,307.0,413.4,316.1,418.0,316.0,404.9,316.2,402.0,314.5,390.0,312.3,388.0,308.0,377.9,298.7,395.6666666666667,297.3333333333333,408.3,296.1,402.0,297.6666666666667,416.2,296.0,418.25,295.75,423.7,294.0,426.2,300.0,427.8,294.2,432.2,296.0,422.1,302.4,427.75,300.5,414.0,305.3,419.5,305.0,405.9,305.8,405.0,306.25
47,352.0,205.0,354.0,205.0,368.9,196.7,368.0,199.5,384.9,192.7,383.5,197.0,400.9,194.0,401.0,198.0,416.2,198.5,419.0,201.0,441.6,194.5,448.0,200.5,452.2,190.1,460.0,196.0,461.4,187.5,469.0,194.0,470.1,188.5,473.5,194.5,474.8,195.1,474.0,199.0,429.9,216.3,431.6666666666667,212.66666666666666,431.3,230.1,438.2,230.2,433.4,243.7,441.42857142857144,243.42857142857142,435.6,258.0,442.0,255.0,409.4,269.5,413.38461538461536,264.9230769230769,419.1,271.9,428.1666666666667,267.9166666666667,428.5,274.3,439.0,270.8,436.4,271.7,448.4166666666667,267.8333333333333,442.7,268.0,452.45454545454544,260.27272727272725,371.5,221.1,367.1666666666667,219.16666666666666,383.5,217.7,378.2,212.8,392.0,216.8,394.75,212.75,397.9,220.4,403.77777777777777,219.88888888888889,391.6,222.7,390.5,225.5,383.0,223.0,373.6,225.2,439.9,215.5,441.0,217.28571428571428,448.9,211.3,448.25,209.75,456.6,210.8,461.0,207.4,461.9,213.7,464.2857142857143,212.28571428571428,456.7,216.0,457.6666666666667,219.33333333333334,449.4,216.8,446.3333333333333,219.0,383.2,298.3,392.85714285714283,297.42857142857144,404.1,290.6,406.25,293.75,419.5,287.3,424.5,291.0,427.4,289.1,434.0,289.0,434.8,286.1,440.0,289.0,440.0,287.4,445.3333333333333,288.3333333333333,440.4,292.6,445.2,291.4,436.0,303.6,442.0,298.5,430.4,311.0,435.5,300.0,422.3,313.8,428.0,309.0,413.8,313.7,413.75,308.0,399.8,309.9,401.0,303.0,388.7,297.7,407.77777777777777,294.3333333333333,417.8,296.0,413.6666666666667,296.0,425.6,296.0,428.5,294.75,433.0,293.9,436.0,297.6,437.1,293.5,442.3,292.8,431.5,300.0,437.75,294.75,423.3,302.9,429.5,298.5,415.4,303.2,416.25,299.5
48,360.4,203.9,363.0,205.0,377.8,196.6,376.5,199.0,393.4,193.2,392.5,196.5,409.1,194.7,410.0,197.5,424.4,199.1,428.0,200.5,451.9,195.0,456.0,199.5,461.6,190.7,469.0,195.0,470.2,187.8,477.0,193.0,478.4,187.9,482.0,194.0,483.3,193.1,482.5,198.0,439.1,216.9,440.1666666666667,211.83333333333334,440.5,230.6,446.4,229.6,442.6,244.1,450.0,243.14285714285714,444.8,258.2,450.25,254.75,418.2,269.3,421.38461538461536,264.53846153846155,427.7,271.6,436.25,267.8333333333333,437.0,274.0,447.06666666666666,270.8,445.1,271.5,456.75,267.75,451.4,267.9,460.8181818181818,260.0,379.6,220.8,376.1666666666667,218.83333333333334,391.8,217.8,387.0,212.8,400.2,216.7,403.5,212.5,406.1,220.2,412.55555555555554,219.44444444444446,399.9,222.7,399.0,224.5,391.3,222.9,382.6,224.4,448.1,215.2,449.14285714285717,216.57142857142858,457.1,211.2,456.25,209.5,464.7,210.7,469.4,207.2,469.7,213.3,472.2857142857143,212.14285714285714,464.7,215.8,465.8333333333333,218.66666666666666,457.5,216.6,454.3333333333333,218.66666666666666,391.3,297.0,400.42857142857144,297.0,412.3,289.7,414.25,293.25,427.6,286.7,432.0,290.0,435.6,288.4,442.0,288.0,443.0,285.3,448.0,288.0,448.1,286.5,453.0,288.0,447.9,291.3,453.2,290.8,443.6,302.1,449.75,298.5,438.0,309.6,443.5,300.0,429.9,312.5,435.0,309.0,421.3,312.4,421.0,307.75,407.5,308.4,408.0,303.0,396.8,296.4,415.3333333333333,294.0,425.7,295.2,421.3333333333333,295.3333333333333,433.6,295.3,436.5,294.0,441.1,293.1,443.8,297.0,444.7,292.2,450.0,292.4,439.4,298.5,445.5,294.5,431.2,301.5,437.0,298.0,423.2,301.9,424.25,299.5
49,367.0,202.8,368.0,204.0,384.7,195.7,381.5,199.0,400.5,192.4,397.5,196.5,416.1,193.8,415.0,198.0,431.2,198.2,433.0,200.5,458.5,194.2,461.0,199.5,468.7,189.6,474.0,195.0,477.4,186.8,483.0,192.0,485.7,187.3,487.5,192.5,490.4,192.8,488.5,196.5,444.9,216.0,445.5,211.83333333333334,445.8,229.5,451.4,228.8,447.5,242.9,454.7142857142857,242.28571428571428,449.2,256.8,454.75,253.75,423.6,268.2,426.2307692307692,263.0,432.6,270.3,440.75,266.0833333333333,441.4,272.5,451.53333333333336,269.0,449.4,270.1,461.3333333333333,265.8333333333333,455.7,266.7,465.45454545454544,258.09090909090907,385.5,219.8,381.1666666666667,218.33333333333334,397.7,216.5,392.0,212.0,406.2,215.4,408.5,211.75,411.8,219.1,417.6666666666667,218.66666666666666,405.8,221.8,404.25,223.75,397.0,221.9,387.8,224.2,454.7,214.3,454.7142857142857,215.57142857142858,463.6,210.3,462.0,208.0,471.2,209.7,474.8,205.8,476.1,212.4,478.14285714285717,210.14285714285714,471.1,215.0,471.1666666666667,216.83333333333334,463.9,215.8,459.6666666666667,217.0,397.4,295.8,405.42857142857144,295.14285714285717,418.0,288.5,418.5,290.75,432.6,285.3,436.5,287.0,440.5,287.0,446.0,285.0,448.0,283.9,452.0,285.0,453.1,285.2,457.3333333333333,285.0,453.0,290.1,457.2,288.2,448.4,300.1,454.25,297.25,442.7,307.4,448.0,300.0,434.6,310.3,440.0,308.6666666666667,426.1,310.1,425.5,307.5,413.1,306.4,413.0,302.0,403.0,295.1,419.8888888888889,292.22222222222223,430.6,294.0,426.0,292.6666666666667,438.4,294.0,440.5,291.25,446.0,291.9,448.0,294.2,449.8,290.9,454.4,290.5,444.3,296.3,450.0,294.0,436.1,299.3,442.0,298.0,428.2,299.6,428.25,299.5
50,372.0,202.2,373.0,204.0,389.9,195.7,386.0,199.0,405.1,192.7,402.0,196.5,420.0,194.2,419.0,197.5,434.6,198.3,437.0,200.5,463.1,194.4,466.0,199.5,472.8,190.0,479.0,195.0,481.5,187.3,487.0,193.0,490.1,187.3,492.5,193.5,495.7,192.2,493.0,197.0,449.1,216.0,449.6666666666667,211.83333333333334,450.1,229.5,455.4,229.2,451.8,243.0,458.57142857142856,242.28571428571428,453.6,256.9,458.25,254.0,427.8,268.4,429.9230769230769,263.38461538461536,437.0,270.5,444.4166666666667,266.75,445.7,272.7,455.2,269.53333333333336,453.7,270.2,465.0,266.6666666666667,460.1,266.7,469.27272727272725,259.09090909090907,390.0,219.8,385.3333333333333,217.66666666666666,402.1,216.5,396.2,212.0,410.7,215.3,412.75,211.75,416.3,219.0,421.6666666666667,218.44444444444446,410.2,221.9,408.25,223.5,401.4,222.1,391.6,223.4,459.0,214.1,459.42857142857144,215.57142857142858,468.0,210.1,466.25,208.25,475.7,209.5,479.6,206.2,480.7,212.2,483.14285714285717,210.85714285714286,475.6,215.0,476.0,217.66666666666666,468.4,215.8,464.3333333333333,217.66666666666666,400.8,295.8,410.0,295.42857142857144,421.8,288.9,423.5,292.0,436.6,285.6,440.5,289.0,444.5,287.3,450.0,287.0,452.0,284.2,456.0,287.0,457.2,285.2,461.0,287.0,457.3,289.6,461.2,290.2,452.8,300.3,458.0,297.25,447.1,307.9,451.5,299.0,439.1,310.8,443.0,307.3333333333333,430.5,310.7,429.5,306.25,417.1,306.9,417.0,301.0,406.4,295.2,424.3333333333333,292.77777777777777,434.6,294.3,430.3333333333333,294.0,442.4,294.3,444.75,293.0,450.0,292.0,451.6,295.8,454.0,290.6,458.3,291.4,448.6,296.7,453.75,293.5,440.5,299.7,445.5,296.5,432.6,300.0,432.5,298.25
51,376.6,203.7,378.0,206.0,395.0,197.6,391.5,201.5,410.7,195.0,407.0,199.0,425.7,197.0,424.5,200.0,440.3,201.8,442.0,204.0,468.5,198.3,471.0,203.5,478.1,193.6,483.0,199.0,486.6,190.5,492.0,197.0,494.8,190.1,496.0,197.5,499.9,194.8,496.5,201.5,454.2,219.1,454.6666666666667,215.66666666666666,455.0,232.5,460.4,233.2,456.7,245.9,463.42857142857144,246.85714285714286,458.4,259.8,463.25,258.25,432.0,271.0,434.46153846153845,267.0,441.3,273.2,448.9166666666667,270.8333333333333,450.1,275.5,459.6666666666667,273.6666666666667,458.1,273.0,469.4166666666667,271.0,464.4,269.3,473.72727272727275,263.54545454545456,394.3,221.9,390.1666666666667,220.5,406.6,219.1,401.2,214.4,415.1,218.0,417.75,214.75,420.8,221.4,426.6666666666667,221.77777777777777,414.5,224.2,413.0,226.5,405.8,224.3,396.6,226.2,463.3,216.9,463.57142857142856,219.57142857142858,472.5,213.4,470.75,212.25,480.1,213.0,483.8,210.0,485.1,215.3,487.14285714285717,215.0,479.8,218.0,480.0,221.83333333333334,472.6,218.7,468.3333333333333,222.0,404.2,297.8,411.85714285714283,298.0,426.1,291.2,426.25,295.25,441.2,288.2,443.5,293.0,449.3,289.8,454.0,291.0,457.0,286.6,460.0,291.0,462.3,287.4,465.0,291.0,461.9,291.7,465.2,293.4,457.5,302.8,462.0,300.75,451.8,310.9,455.0,302.0,443.6,314.1,447.0,310.6666666666667,434.9,314.0,432.5,309.5,421.1,309.8,420.0,304.0,409.9,297.3,427.1111111111111,296.0,439.0,297.2,433.0,297.3333333333333,446.9,297.1,448.5,296.75,454.7,294.7,455.4,299.8,458.5,292.8,462.2,295.1,453.6,299.2,457.5,297.5,445.3,302.4,449.0,300.5,437.3,302.8,435.75,301.5
52,381.3,207.6,381.0,210.0,399.6,201.8,395.5,205.0,415.0,199.1,411.0,203.0,429.7,201.1,428.0,204.0,444.0,206.0,446.0,207.5,471.1,202.8,473.0,207.5,480.8,198.4,485.0,203.5,489.2,195.8,493.0,201.0,497.4,195.6,497.5,202.5,502.3,200.3,497.5,206.0,457.0,223.3,457.6666666666667,219.5,457.3,236.6,463.0,237.0,458.4,250.0,466.42857142857144,250.14285714285714,459.6,263.9,466.25,261.75,433.6,275.3,437.3076923076923,270.61538461538464,442.3,277.4,451.9166666666667,274.1666666666667,450.5,279.7,462.4,277.26666666666665,458.4,277.5,471.9166666666667,274.6666666666667,464.6,274.1,475.72727272727275,267.1818181818182,398.8,225.6,393.8333333333333,224.0,411.0,222.8,404.8,218.0,419.4,221.8,421.25,218.25,424.2,225.4,429.6666666666667,225.44444444444446,418.3,228.4,416.25,230.5,409.7,228.3,399.8,230.2,465.5,221.0,465.57142857142856,223.57142857142858,474.9,217.9,472.75,216.5,482.5,217.5,485.2,214.4,487.0,220.2,488.14285714285717,219.28571428571428,481.8,222.8,481.5,225.83333333333334,474.6,223.3,470.3333333333333,226.0,405.6,302.0,413.85714285714283,302.2857142857143,427.0,295.8,428.25,299.25,441.8,293.0,446.5,297.0,449.5,294.7,456.0,295.0,456.9,291.5,462.0,295.0,462.2,292.4,466.6666666666667,295.3333333333333,461.9,296.7,466.8,297.6,457.2,307.0,463.0,305.5,451.3,314.5,457.0,307.0,443.6,317.7,449.0,315.6666666666667,435.1,317.6,434.5,314.5,422.0,313.8,422.0,309.0,411.1,301.6,429.1111111111111,300.0,439.2,302.2,435.3333333333333,301.6666666666667,446.8,302.2,450.5,301.0,454.2,299.8,457.2,303.8,458.6,297.8,463.7,299.4,453.7,302.7,459.25,301.75,445.9,305.9,451.0,305.5,438.3,306.3,438.0,306.5
53,382.0,214.4,382.0,217.0,400.0,208.5,395.5,212.0,415.4,205.6,411.5,209.5,430.2,208.1,429.0,211.0,444.9,213.5,446.0,214.5,472.3,210.1,473.0,214.5,482.0,205.8,485.5,210.0,490.2,202.9,493.5,208.0,498.0,202.4,498.0,209.5,502.0,207.0,498.0,213.5,458.1,230.0,457.8333333333333,226.0,458.4,243.6,463.4,243.4,459.6,257.3,466.57142857142856,256.42857142857144,460.8,271.6,466.5,268.0,433.9,282.2,438.0,276.9230769230769,442.7,284.1,452.25,280.4166666666667,451.3,286.7,462.8,283.46666666666664,459.2,284.5,471.8333333333333,280.8333333333333,465.3,280.8,475.72727272727275,273.72727272727275,399.1,232.3,394.1666666666667,230.66666666666666,411.1,229.8,405.4,225.0,419.5,228.9,421.75,225.5,424.7,232.2,429.8888888888889,232.33333333333334,418.4,235.0,416.75,237.5,409.9,234.9,400.6,237.0,466.2,227.7,465.7142857142857,230.57142857142858,475.8,224.8,473.0,223.5,483.4,224.4,485.2,222.0,487.9,226.8,488.14285714285717,226.42857142857142,482.5,229.4,481.6666666666667,232.83333333333334,475.4,229.7,470.3333333333333,233.0,406.1,309.3,416.0,308.57142857142856,427.6,303.4,430.25,305.25,442.5,300.5,447.5,303.0,450.2,302.2,457.0,301.0,457.5,298.7,462.5,301.5,463.1,299.6,467.3333333333333,301.6666666666667,463.2,303.8,467.4,304.4,458.6,313.7,464.0,311.0,452.6,321.1,458.0,312.5,444.9,324.5,450.0,320.6666666666667,436.3,324.8,436.25,319.5,423.0,321.4,424.0,314.0,411.7,308.9,430.8888888888889,306.1111111111111,440.0,309.8,436.6666666666667,308.0,447.7,309.5,451.5,307.0,455.1,306.9,458.0,310.0,459.8,305.1,464.4,305.7,454.9,309.0,460.0,307.5,447.1,312.5,452.0,310.5,439.4,313.3,439.25,311.5
54,382.1,224.8,381.0,227.0,399.7,218.6,395.0,222.0,415.1,215.7,410.5,220.0,429.4,218.6,427.0,221.0,443.6,224.1,445.0,225.0,470.9,220.6,472.0,225.5,480.9,216.6,484.5,221.0,489.3,213.6,493.0,219.0,497.1,212.9,497.0,220.5,500.9,217.6,497.5,224.0,456.8,239.8,456.0,236.83333333333334,457.0,253.1,461.2,254.2,458.2,266.6,464.0,267.85714285714283,459.4,280.8,463.75,279.75,432.8,291.6,435.7692307692308,287.9230769230769,441.5,293.5,449.5,291.75,450.3,296.1,459.4,295.1333333333333,458.0,293.9,468.5833333333333,292.5,463.9,290.0,472.72727272727275,285.09090909090907,398.9,242.3,393.6666666666667,240.83333333333334,410.6,239.9,404.6,235.2,419.0,239.1,420.75,235.75,424.2,242.3,428.8888888888889,242.77777777777777,417.7,245.2,415.75,247.75,409.1,245.0,399.6,247.2,465.2,237.5,464.57142857142856,241.57142857142858,475.2,234.7,471.75,234.25,482.7,234.2,484.2,232.4,487.2,236.6,487.14285714285717,237.28571428571428,481.9,239.2,480.1666666666667,244.0,474.6,239.6,469.0,244.0,407.1,319.6,414.42857142857144,318.42857142857144,428.7,313.8,427.75,315.25,442.7,310.6,444.5,313.0,450.1,312.0,454.0,311.0,457.2,308.2,459.0,312.0,462.6,309.0,463.6666666666667,312.0,463.2,313.1,463.4,315.4,459.6,321.8,460.0,322.0,454.4,328.8,454.0,323.0,446.8,332.5,446.3333333333333,331.0,438.7,333.2,433.0,329.5,425.4,331.0,421.0,324.0,412.7,319.0,428.3333333333333,316.22222222222223,440.6,320.0,434.0,317.6666666666667,447.9,319.4,448.25,317.0,455.1,316.6,454.8,320.0,460.0,314.7,460.6,316.3,456.1,317.2,456.25,318.5,448.5,320.9,448.5,321.5,441.1,322.0,436.25,321.75
55,382.4,236.7,380.5,239.0,399.6,230.9,394.0,235.0,414.6,228.2,409.5,233.0,428.7,231.4,427.0,235.0,443.0,237.2,444.0,238.5,470.1,233.4,471.5,238.5,479.7,229.7,484.5,234.0,488.1,226.6,492.5,232.0,496.5,225.1,497.0,232.5,501.4,229.1,496.5,236.0,455.9,252.4,455.3333333333333,250.16666666666666,455.6,265.6,460.2,268.0,456.3,279.1,462.57142857142856,281.7142857142857,457.1,293.2,462.0,294.0,431.3,303.4,434.3076923076923,300.84615384615387,439.5,305.1,447.6666666666667,305.25,448.1,307.7,457.6,308.4,455.7,305.9,466.5,305.5,461.7,302.2,470.3636363636364,298.09090909090907,398.5,254.4,392.8333333333333,252.5,410.4,252.2,403.6,247.4,418.9,251.6,419.75,247.75,424.0,255.3,428.1111111111111,255.11111111111111,417.3,258.3,414.75,260.0,408.5,257.9,398.6,258.8,465.0,250.2,463.7142857142857,253.57142857142858,475.0,247.0,470.75,246.0,482.6,246.3,483.2,244.4,487.0,248.7,486.14285714285717,249.14285714285714,481.7,251.9,479.0,255.83333333333334,474.3,252.4,468.0,255.66666666666666,406.0,330.3,413.42857142857144,330.57142857142856,426.9,326.0,426.75,328.0,440.3,323.1,442.5,326.0,446.6,324.3,452.0,324.0,452.6,320.6,457.0,324.5,457.8,321.3,461.0,324.3333333333333,459.7,324.0,460.4,326.6,456.0,332.0,457.25,333.5,451.2,338.1,452.0,335.0,444.6,341.4,443.6666666666667,342.3333333333333,437.6,342.4,430.75,341.25,424.5,340.9,420.0,336.0,411.5,329.9,427.3333333333333,328.44444444444446,438.7,331.7,432.6666666666667,330.0,445.0,331.0,446.25,329.5,451.1,328.2,451.8,332.4,456.6,325.9,457.7,328.2,452.7,327.7,453.75,330.25,446.1,331.0,446.5,333.5,439.8,332.4,434.75,333.75
56,381.8,246.9,380.5,250.0,399.2,242.2,394.5,246.0,414.4,239.9,410.0,245.0,428.9,243.3,427.0,247.0,443.2,249.2,444.5,250.5,468.7,245.9,472.0,250.5,478.1,241.2,484.5,245.5,486.9,238.6,493.0,243.0,495.5,237.8,497.0,243.5,500.4,241.9,495.5,247.0,455.1,265.4,455.1666666666667,262.3333333333333,454.6,278.3,459.8,280.2,455.3,291.6,462.0,294.2857142857143,456.0,305.5,461.5,306.25,428.2,314.2,431.9230769230769,313.0,437.2,315.8,445.8333333333333,317.6666666666667,446.0,318.7,455.93333333333334,321.26666666666665,454.1,317.5,465.0833333333333,317.9166666666667,460.8,314.1,469.3636363636364,310.09090909090907,396.7,265.3,392.1666666666667,264.3333333333333,408.5,262.7,403.0,259.2,417.7,262.4,419.25,259.75,422.7,267.0,427.55555555555554,266.77777777777777,415.4,270.0,414.25,271.5,406.1,269.5,398.0,270.2,463.2,261.6,463.0,264.57142857142856,472.7,257.4,470.75,258.0,480.9,256.6,482.8,255.8,485.2,259.5,485.42857142857144,260.2857142857143,479.6,263.3,478.0,267.0,471.7,263.8,467.0,266.6666666666667,400.0,339.3,405.42857142857144,341.7142857142857,422.0,337.0,420.25,338.75,436.6,334.7,438.0,337.5,443.5,335.9,448.0,336.0,450.4,332.3,453.0,336.0,456.2,331.9,457.3333333333333,335.3333333333333,458.1,332.6,456.2,338.2,454.3,342.2,452.75,347.25,449.0,349.7,447.0,350.0,441.9,352.9,438.0,358.0,434.0,353.5,424.0,355.75,419.3,350.5,412.0,350.0,405.6,339.3,420.6666666666667,340.77777777777777,434.6,343.2,427.0,341.0,441.7,342.5,441.5,341.0,448.6,339.7,447.6,344.0,454.6,334.8,453.4,340.3,451.0,339.3,449.25,344.75,443.9,342.4,442.0,348.5,436.8,343.5,428.0,349.0
57,382.2,254.5,379.0,258.5,398.6,249.7,392.5,254.5,414.1,247.4,408.0,253.0,428.6,251.3,425.0,254.0,442.6,257.7,442.0,257.5,467.9,254.6,470.0,257.0,477.4,249.9,483.0,252.0,486.1,247.4,491.0,249.5,494.4,246.9,495.0,250.5,498.2,251.2,494.5,254.0,454.2,273.7,453.8333333333333,269.1666666666667,453.6,287.3,458.4,287.4,454.0,301.1,460.57142857142856,301.57142857142856,454.5,315.6,459.75,313.75,426.7,321.9,430.53846153846155,320.2307692307692,435.5,323.9,444.3333333333333,324.8333333333333,444.1,327.3,454.6,328.3333333333333,452.1,326.3,463.8333333333333,325.0833333333333,458.6,322.8,468.3636363636364,317.1818181818182,396.9,272.7,391.0,272.3333333333333,408.1,270.1,401.6,267.4,417.4,270.1,417.75,267.5,422.5,274.8,426.44444444444446,274.22222222222223,414.7,277.9,413.0,279.0,405.3,277.2,396.8,278.0,462.2,269.7,461.57142857142856,271.57142857142856,471.7,265.4,468.75,265.0,480.1,264.8,481.2,262.4,484.1,267.8,484.0,266.85714285714283,478.5,271.8,476.8333333333333,273.8333333333333,470.4,272.1,466.0,273.6666666666667,398.8,345.8,403.85714285714283,348.14285714285717,419.4,345.0,418.75,345.75,433.5,343.4,436.5,345.0,440.3,344.6,446.0,344.0,447.4,340.9,452.0,343.5,453.7,340.1,456.3333333333333,342.6666666666667,456.3,339.8,456.2,344.4,451.6,349.8,452.25,352.75,445.6,357.3,446.5,356.0,438.4,360.7,437.6666666666667,363.0,430.7,361.3,423.5,361.75,416.8,357.9,411.0,355.0,404.2,346.1,419.22222222222223,347.3333333333333,431.5,351.3,425.3333333333333,348.0,438.6,350.7,440.5,348.25,445.6,347.7,446.8,351.2,452.5,342.3,453.2,346.7,447.9,347.2,448.75,350.5,440.7,350.7,441.0,354.5,433.7,351.6,427.25,354.75
58,381.9,256.3,376.0,260.5,397.6,251.4,390.5,257.0,413.2,249.4,406.5,255.5,427.9,253.7,424.0,257.0,441.5,260.4,441.5,261.5,466.8,257.4,469.5,260.5,476.4,252.7,482.5,256.0,485.2,250.6,490.5,253.0,493.4,250.5,495.0,253.5,496.4,254.8,494.5,257.0,452.9,276.6,452.6666666666667,272.3333333333333,452.2,291.2,457.0,291.0,452.3,305.8,459.14285714285717,305.2857142857143,452.6,321.0,458.5,317.0,424.7,324.7,428.38461538461536,322.7692307692308,433.5,327.6,442.4166666666667,327.9166666666667,442.1,331.4,452.6,331.46666666666664,450.2,330.1,462.0,328.3333333333333,456.7,326.3,466.3636363636364,320.54545454545456,396.6,274.5,387.6666666666667,274.0,407.3,271.7,398.6,268.4,416.7,272.1,415.75,269.0,421.6,277.2,424.22222222222223,276.8888888888889,413.8,280.0,410.5,281.25,404.3,279.1,393.8,280.0,461.2,272.6,460.14285714285717,274.57142857142856,470.5,267.9,467.75,267.0,478.9,267.4,480.8,264.6,482.5,270.6,483.2857142857143,269.42857142857144,477.1,274.7,475.6666666666667,276.8333333333333,469.1,274.9,464.0,276.6666666666667,396.4,346.3,398.2857142857143,350.2857142857143,416.1,346.8,413.75,348.0,430.1,346.3,433.0,347.5,436.6,347.5,443.0,346.0,443.5,343.9,449.0,346.0,449.8,342.4,453.3333333333333,345.3333333333333,453.0,340.8,453.2,347.4,447.6,351.7,449.25,357.5,441.3,359.3,443.5,361.0,434.5,362.7,434.3333333333333,368.3333333333333,427.1,363.1,419.0,366.25,413.5,359.2,406.0,359.0,401.3,346.9,414.6666666666667,350.0,428.5,353.2,420.6666666666667,350.0,435.2,352.7,436.75,350.5,441.9,349.6,443.6,353.8,449.3,343.5,450.2,350.3,443.5,350.0,445.75,355.5,436.7,353.5,437.0,359.5,429.9,354.3,423.0,359.25
59,379.7,254.3,375.0,258.5,395.3,249.9,389.5,255.0,410.8,248.3,405.0,253.5,425.5,252.5,422.0,255.5,439.1,259.0,439.0,259.5,464.6,256.0,466.5,259.0,474.3,250.9,479.5,254.0,483.1,248.6,487.5,251.0,491.1,248.5,492.0,251.5,493.7,252.4,491.5,255.0,450.2,274.8,450.0,270.5,449.5,289.7,454.4,289.0,449.7,304.8,456.14285714285717,303.14285714285717,449.9,320.3,455.5,315.0,422.3,323.1,425.6923076923077,320.2307692307692,431.1,326.3,439.3333333333333,325.5,439.5,330.2,449.06666666666666,329.0,447.6,328.7,458.3333333333333,325.9166666666667,454.0,324.7,462.6363636363636,318.27272727272725,394.4,272.7,386.1666666666667,272.3333333333333,404.8,269.6,397.0,266.4,414.3,270.1,413.75,267.5,419.2,274.9,422.22222222222223,275.22222222222223,411.5,277.9,408.75,279.25,402.0,277.1,392.2,278.2,458.7,270.8,457.57142857142856,273.0,467.5,265.7,465.0,265.25,476.0,265.3,477.8,263.0,479.6,268.6,480.42857142857144,267.85714285714283,474.3,272.7,472.8333333333333,275.0,466.3,272.9,462.0,274.6666666666667,393.1,342.8,395.57142857142856,345.14285714285717,412.5,344.3,411.0,344.0,426.5,344.5,429.5,344.0,432.9,345.7,440.0,343.0,439.7,342.4,445.5,343.0,446.2,340.2,450.0,342.0,450.1,337.5,449.4,343.2,444.4,349.0,445.25,352.75,437.8,356.7,440.0,356.5,431.1,359.9,430.6666666666667,363.6666666666667,423.8,360.2,416.25,361.5,410.1,355.7,403.0,354.0,397.9,343.8,411.55555555555554,345.55555555555554,425.1,350.8,417.6666666666667,346.6666666666667,431.7,350.4,433.25,347.5,438.4,347.4,440.0,350.4,446.5,340.3,446.4,346.0,439.9,348.1,442.0,350.5,433.2,351.4,434.0,354.5,426.5,351.9,419.75,354.25
60,377.0,250.3,372.0,253.5,392.4,245.7,386.5,250.0,407.6,244.2,402.0,249.0,422.2,248.3,419.0,251.0,435.7,254.8,435.5,255.5,461.4,252.1,463.5,256.0,471.0,247.0,475.5,251.5,479.8,244.8,484.0,248.5,487.8,244.8,488.0,249.5,490.4,248.9,487.5,252.5,447.0,270.7,446.6666666666667,266.8333333333333,446.1,285.6,450.4,285.0,446.0,300.5,452.14285714285717,299.0,446.0,315.9,451.25,310.75,419.5,319.3,421.6923076923077,315.9230769230769,427.6,322.5,435.3333333333333,321.1666666666667,435.6,326.1,445.0,325.0,443.3,324.9,454.1666666666667,322.0,449.5,321.2,458.54545454545456,314.45454545454544,391.1,268.1,382.8333333333333,267.5,401.6,264.7,393.8,261.8,411.4,265.3,410.5,262.5,416.3,271.1,418.55555555555554,271.3333333333333,408.4,273.9,405.25,275.25,398.6,273.0,388.8,273.8,455.4,267.8,453.7142857142857,269.42857142857144,464.3,262.2,461.25,261.5,473.0,261.8,474.6,259.2,476.4,265.6,476.7142857142857,264.42857142857144,471.3,270.1,469.0,271.5,463.1,270.2,458.0,271.0,390.5,339.8,391.14285714285717,340.85714285714283,408.7,340.2,406.25,339.5,422.5,340.4,425.0,339.5,428.2,341.8,436.0,339.0,434.3,339.0,441.5,339.0,440.3,337.8,446.0,338.0,444.0,336.6,445.4,339.2,437.9,347.7,441.75,349.5,431.0,354.2,436.0,352.5,424.9,356.7,426.3333333333333,360.0,418.2,356.6,411.5,357.5,405.5,351.9,399.0,350.0,395.3,340.8,407.44444444444446,341.3333333333333,420.8,346.6,413.6666666666667,342.0,426.9,346.5,429.25,343.25,432.8,344.1,436.0,346.4,440.4,339.0,442.5,342.1,433.4,345.6,438.0,347.0,427.4,348.3,429.5,350.5,421.3,348.5,415.5,350.25
61,373.1,245.1,369.5,247.5,388.5,240.1,383.5,244.0,403.6,238.6,399.0,243.0,418.1,242.6,416.0,246.0,431.5,249.0,432.5,250.5,457.7,246.2,459.5,251.0,466.9,241.0,472.0,246.5,475.7,238.6,480.0,244.0,483.7,238.4,484.0,244.5,486.4,242.6,483.5,248.0,443.5,264.5,443.1666666666667,261.8333333333333,442.9,279.6,446.4,280.0,443.0,294.6,448.42857142857144,293.42857142857144,443.1,310.2,447.5,305.0,416.8,313.8,418.61538461538464,310.15384615384613,424.8,317.0,432.0833333333333,315.1666666666667,432.6,320.5,441.46666666666664,319.0,440.2,319.1,450.4166666666667,316.0,446.3,315.5,454.8181818181818,309.0,387.0,262.3,379.8333333333333,261.0,397.7,258.9,390.8,255.6,407.6,259.4,407.25,257.0,413.0,265.3,415.3333333333333,265.3333333333333,404.8,267.9,402.0,269.25,395.0,267.1,385.8,267.8,451.4,262.0,450.57142857142856,264.2857142857143,460.3,256.4,457.75,256.5,469.0,256.1,470.8,254.4,472.8,259.8,473.0,259.42857142857144,467.5,264.3,465.3333333333333,266.5,459.2,264.3,454.3333333333333,266.0,386.9,335.3,390.0,334.85714285714283,404.9,334.2,405.0,334.0,419.7,334.1,423.0,334.0,425.4,335.8,433.0,333.0,431.3,333.1,438.0,333.0,437.2,332.9,442.3333333333333,332.3333333333333,439.7,333.4,442.4,333.6,433.0,346.5,438.25,342.75,425.2,353.4,433.0,345.0,419.1,355.5,423.6666666666667,352.3333333333333,412.2,355.2,409.5,350.0,399.8,349.4,397.0,343.0,391.8,336.2,405.3333333333333,335.1111111111111,417.6,340.5,411.3333333333333,336.6666666666667,423.6,340.6,426.5,337.5,429.3,338.6,433.0,340.4,435.9,335.3,439.4,336.1,428.1,343.5,435.0,339.75,422.1,345.9,427.0,343.0,416.0,346.0,413.5,343.0
62,367.0,240.5,362.5,242.5,382.4,234.5,376.5,239.0,397.6,232.6,393.0,238.0,411.9,236.2,409.5,240.0,425.1,242.4,426.5,244.5,452.9,239.3,453.5,244.5,461.9,233.9,466.0,240.0,470.7,231.6,474.0,237.0,478.5,231.5,478.0,237.5,480.7,236.2,478.0,241.0,438.5,257.2,437.0,255.16666666666666,438.3,272.9,441.4,273.0,438.7,288.5,443.42857142857144,286.7142857142857,439.1,304.7,442.75,298.25,412.0,308.1,413.7692307692308,303.6923076923077,420.4,311.5,427.6666666666667,308.75,428.5,315.2,437.06666666666666,312.1333333333333,436.1,312.9,445.8333333333333,309.25,442.1,308.6,450.27272727272725,302.1818181818182,381.6,257.1,373.6666666666667,255.83333333333334,391.9,253.2,384.6,250.0,401.5,253.3,401.0,251.25,407.6,258.4,409.55555555555554,259.44444444444446,399.2,261.0,396.0,263.75,389.6,260.6,379.8,262.0,445.9,254.5,444.7142857142857,257.57142857142856,455.2,249.7,452.0,249.5,463.8,249.5,465.0,247.4,467.8,252.9,467.42857142857144,252.42857142857142,462.4,256.7,460.0,259.6666666666667,454.1,256.7,449.0,259.6666666666667,379.4,330.1,384.57142857142856,329.14285714285717,398.5,328.0,400.0,327.5,415.0,327.8,418.0,327.0,421.5,329.5,428.0,326.0,428.1,326.3,434.0,326.5,434.6,326.1,438.0,326.0,436.1,327.7,437.4,327.4,428.7,345.1,434.0,337.0,419.7,354.0,428.0,340.0,412.7,356.8,419.3333333333333,347.3333333333333,404.9,356.5,404.75,345.25,391.5,349.1,392.0,338.0,384.1,330.9,400.44444444444446,329.44444444444446,412.7,334.3,406.6666666666667,330.0,419.5,334.3,421.75,330.75,425.8,332.0,428.6,334.4,432.0,329.7,434.5,330.1,422.6,342.7,430.0,334.5,415.8,345.8,422.0,338.0,408.8,345.8,408.5,338.0
63,361.1,236.5,358.0,239.0,376.6,230.4,371.5,235.5,391.8,228.4,388.0,234.0,405.8,231.7,404.5,236.0,419.1,237.6,421.0,239.5,447.1,234.4,447.5,239.5,455.8,229.7,459.5,235.0,464.2,227.5,468.0,232.5,471.9,226.9,472.0,233.5,474.3,231.2,471.5,237.0,433.0,252.1,431.6666666666667,250.33333333333334,432.9,267.7,435.4,268.0,433.3,283.3,437.7142857142857,281.0,433.9,299.4,436.75,292.5,406.8,303.5,408.61538461538464,298.53846153846155,415.3,307.0,421.8333333333333,302.9166666666667,423.5,310.7,431.26666666666665,306.26666666666665,431.2,308.3,439.8333333333333,303.8333333333333,436.9,303.9,444.1818181818182,296.6363636363636,376.7,253.1,369.1666666666667,252.16666666666666,386.9,249.4,379.8,246.8,396.2,249.3,396.25,247.5,402.2,254.0,404.22222222222223,255.33333333333334,394.1,256.7,391.0,259.75,384.8,256.4,375.0,258.6,440.2,250.0,438.7142857142857,253.28571428571428,449.3,245.7,446.0,245.5,457.7,245.5,458.8,243.2,461.7,248.8,461.0,248.14285714285714,456.4,252.4,453.8333333333333,255.5,448.5,252.3,443.0,255.0,374.7,326.4,379.57142857142856,324.57142857142856,393.6,323.7,394.75,322.5,409.9,323.3,412.5,322.0,416.4,325.1,423.0,321.0,423.0,321.8,428.0,321.0,429.2,321.8,432.3333333333333,320.3333333333333,430.9,323.8,431.8,322.4,424.0,339.9,428.25,331.75,415.6,348.2,423.0,334.5,408.5,351.0,414.0,342.0,400.8,350.9,399.75,339.75,387.4,344.2,387.0,333.0,379.3,327.2,395.3333333333333,324.44444444444446,407.7,330.0,401.3333333333333,325.0,414.6,330.1,416.5,325.5,421.0,327.7,422.8,328.8,427.0,325.9,428.9,324.9,418.4,336.8,425.0,329.0,411.5,340.1,417.0,332.5,404.5,340.2,403.5,333.0
64,354.5,235.9,350.5,237.5,370.6,229.9,364.5,234.0,385.9,227.7,380.0,233.0,400.0,230.7,396.5,234.0,413.5,235.9,413.0,237.5,440.3,231.5,440.0,237.0,449.4,227.0,452.0,232.5,457.6,224.7,460.0,230.0,465.3,223.7,464.0,230.5,467.7,227.1,463.5,233.5,427.2,249.4,424.0,248.16666666666666,427.1,265.0,428.4,265.8,427.4,280.6,430.42857142857144,279.14285714285717,427.7,296.7,429.75,290.5,400.4,300.4,401.38461538461536,296.84615384615387,409.0,304.3,414.6666666666667,301.1666666666667,417.2,308.1,424.26666666666665,304.4,425.0,305.9,432.9166666666667,301.5833333333333,430.8,301.6,437.0,294.3636363636364,371.6,251.9,362.3333333333333,250.66666666666666,381.5,248.0,372.8,245.4,390.4,247.5,388.75,246.0,395.8,251.8,397.0,253.22222222222223,388.4,254.8,384.0,257.75,379.6,254.7,368.2,256.6,434.4,246.9,431.14285714285717,250.57142857142858,443.2,242.6,438.0,243.25,451.4,242.3,450.8,241.0,455.1,245.7,453.14285714285717,245.28571428571428,450.1,249.0,446.0,252.5,442.5,249.0,435.0,252.0,368.4,323.2,374.57142857142856,322.85714285714283,386.0,320.5,388.75,321.25,400.7,320.4,406.5,320.5,408.5,322.4,416.0,319.0,416.2,318.9,421.0,319.0,422.5,318.5,425.3333333333333,318.3333333333333,424.8,320.7,425.4,320.2,417.8,333.3,421.5,328.25,409.3,340.6,416.0,330.0,401.1,343.7,407.6666666666667,337.6666666666667,392.3,343.3,393.75,335.75,380.0,337.6,382.0,330.0,372.9,324.1,389.55555555555554,322.1111111111111,399.1,326.6,395.3333333333333,323.3333333333333,407.0,327.0,409.75,323.5,414.6,324.2,416.2,326.4,421.2,322.6,422.3,322.3,412.1,330.6,418.0,325.25,403.9,334.3,410.0,328.5,395.8,334.3,397.25,329.0
65,347.6,235.5,343.5,237.0,363.0,229.2,357.5,233.5,378.1,226.9,372.5,232.0,392.1,229.9,389.0,233.0,405.2,235.3,406.5,237.0,432.8,231.5,433.5,236.0,441.9,226.3,446.5,231.0,450.3,223.7,454.5,228.5,457.8,222.9,459.0,228.5,460.4,227.0,458.5,232.0,419.5,249.3,417.3333333333333,247.16666666666666,420.3,264.8,421.4,265.2,421.6,280.3,423.57142857142856,279.0,422.9,296.2,422.75,290.5,394.9,300.2,394.84615384615387,296.84615384615387,404.4,304.0,408.1666666666667,300.9166666666667,413.6,307.7,417.6666666666667,304.2,421.7,304.6,426.3333333333333,301.1666666666667,427.6,299.6,430.3636363636364,293.72727272727275,364.0,251.6,355.3333333333333,249.66666666666666,373.7,247.5,365.8,244.4,382.5,247.0,381.75,244.5,388.5,251.2,390.44444444444446,252.22222222222223,380.9,254.1,377.25,257.0,372.2,254.2,361.2,255.8,427.6,246.5,425.0,249.28571428571428,436.3,241.7,432.25,241.5,444.4,241.0,444.8,239.6,448.5,244.2,447.42857142857144,243.42857142857142,443.6,247.5,440.1666666666667,251.33333333333334,436.1,247.9,429.0,251.0,364.3,322.6,371.14285714285717,323.42857142857144,384.1,320.3,384.75,321.5,399.2,319.8,401.5,321.0,407.5,321.2,410.0,320.0,415.7,317.4,415.0,319.5,422.2,315.7,419.3333333333333,318.3333333333333,424.6,316.6,419.4,319.8,419.4,330.8,415.5,326.5,412.2,339.7,410.0,328.5,403.7,343.4,402.0,335.3333333333333,394.6,343.5,389.0,334.25,380.3,338.0,378.0,329.0,369.0,323.3,385.3333333333333,322.0,398.3,326.0,390.6666666666667,324.0,406.7,325.9,404.75,324.25,414.7,322.6,410.2,326.0,421.1,319.0,416.3,321.6,413.3,330.0,412.0,323.75,404.8,334.0,405.0,326.5,396.3,334.3,392.75,327.75
66,341.2,236.4,337.0,237.5,356.3,229.8,351.5,233.5,371.5,227.2,367.0,232.0,385.8,230.0,384.0,233.5,399.0,235.4,402.0,236.5,426.1,231.8,429.5,236.0,435.1,225.9,442.0,231.0,443.6,222.9,450.0,228.0,451.1,222.4,454.0,228.5,453.5,227.2,453.5,231.5,413.2,249.7,413.0,247.0,414.8,264.9,417.8,264.8,417.0,280.0,420.0,278.57142857142856,419.2,295.5,419.5,290.0,390.6,300.5,390.46153846153845,296.3076923076923,400.7,303.8,404.3333333333333,300.9166666666667,410.6,307.2,414.26666666666665,303.8666666666667,418.6,303.5,423.0,300.5833333333333,424.5,298.2,427.0,293.1818181818182,357.1,252.3,349.1666666666667,250.0,367.0,248.2,360.0,244.2,375.9,247.6,376.75,244.5,382.5,251.8,385.3333333333333,252.11111111111111,374.7,254.6,371.75,257.0,365.8,254.9,355.4,255.8,421.4,246.9,420.7142857142857,249.0,430.0,241.5,428.0,241.25,438.0,240.6,440.8,238.8,442.6,243.6,443.14285714285717,243.42857142857142,437.7,247.1,435.8333333333333,250.66666666666666,430.1,247.8,425.0,250.66666666666666,360.3,322.0,364.57142857142856,322.14285714285717,381.7,320.3,379.0,320.5,397.7,319.4,396.5,319.5,406.1,320.4,406.0,318.0,414.4,316.4,412.0,318.0,421.1,313.9,416.3333333333333,317.3333333333333,423.2,313.3,416.2,318.6,419.0,328.8,412.0,326.0,412.6,339.0,406.5,328.5,404.1,343.1,398.0,335.3333333333333,395.0,343.5,384.25,334.0,379.1,337.9,372.0,329.0,365.2,322.6,379.8888888888889,321.3333333333333,396.9,325.7,385.3333333333333,322.6666666666667,405.3,325.3,400.5,322.5,413.5,321.8,406.6,324.8,419.8,315.9,413.1,320.6,413.0,329.2,409.0,323.5,404.6,333.3,401.0,326.5,395.9,333.7,387.75,327.25
67,334.5,237.5,332.0,238.0,349.1,230.7,345.0,234.5,364.3,227.8,360.0,233.0,378.8,230.6,377.0,234.0,392.5,236.2,395.0,237.0,419.1,232.7,422.0,235.5,428.0,226.2,435.0,230.5,436.7,222.8,443.0,227.0,444.6,222.2,447.0,227.5,447.6,227.4,447.0,231.0,407.0,250.1,406.5,247.33333333333334,409.1,265.2,411.2,265.4,411.8,280.3,413.57142857142856,279.57142857142856,414.5,295.9,413.0,291.5,386.2,301.7,384.46153846153845,297.6923076923077,396.1,304.6,398.0,302.0833333333333,405.8,307.6,407.8666666666667,305.26666666666665,413.4,303.9,416.9166666666667,302.0,419.3,298.7,421.09090909090907,294.27272727272725,350.8,253.0,343.8333333333333,250.83333333333334,360.6,249.0,354.2,245.0,369.7,248.3,370.5,245.25,376.7,252.4,379.44444444444446,252.66666666666666,368.8,255.5,366.5,257.75,359.6,256.0,350.2,256.8,415.0,247.2,414.57142857142856,249.14285714285714,423.7,241.8,421.25,241.25,431.9,240.9,434.2,238.6,436.8,243.7,436.7142857142857,242.85714285714286,431.6,247.5,429.3333333333333,250.5,423.7,248.2,418.6666666666667,250.66666666666666,356.1,322.5,358.85714285714283,323.14285714285717,378.1,322.1,373.25,321.5,394.2,321.2,390.5,321.0,401.9,322.1,400.0,320.0,409.5,318.2,406.0,319.5,416.4,315.6,410.3333333333333,318.3333333333333,419.4,313.4,410.4,319.6,415.4,328.7,407.0,327.75,409.2,338.3,401.0,330.5,401.6,342.0,393.0,337.6666666666667,393.1,342.5,378.75,336.5,376.7,337.3,366.0,331.0,361.4,323.4,374.1111111111111,322.8888888888889,393.2,328.0,380.0,324.0,401.0,327.5,394.5,323.75,408.4,324.0,401.2,326.2,416.1,316.3,407.6,322.0,409.5,327.6,403.0,325.75,402.0,331.4,395.0,329.5,394.0,332.0,382.25,330.0
68,328.4,238.2,324.0,239.5,343.1,231.1,337.5,235.5,358.0,228.1,352.5,234.0,372.2,230.8,369.0,235.0,385.9,236.1,387.0,237.5,412.9,231.6,415.0,235.0,421.5,225.6,427.0,230.0,429.8,222.5,435.5,227.0,437.5,221.6,440.0,227.0,440.5,226.0,439.5,230.0,400.5,249.1,398.6666666666667,247.33333333333334,402.2,265.0,403.8,265.4,404.6,281.0,406.57142857142856,279.42857142857144,406.8,297.3,406.0,291.5,378.8,301.5,378.2307692307692,297.0,388.7,304.6,391.6666666666667,301.4166666666667,398.3,308.0,401.53333333333336,304.4,406.1,304.3,410.4166666666667,300.75,412.0,298.9,414.54545454545456,293.0,345.0,253.5,336.6666666666667,251.5,354.4,249.1,346.2,245.8,363.4,248.3,363.0,245.5,370.1,252.3,372.3333333333333,252.77777777777777,362.3,255.6,359.25,258.0,353.3,256.2,343.0,257.6,408.6,246.5,407.14285714285717,248.57142857142858,417.2,240.9,414.0,240.5,425.3,239.9,426.8,237.8,429.9,242.8,429.7142857142857,241.85714285714286,424.9,246.6,422.1666666666667,249.5,417.2,247.3,411.3333333333333,250.0,349.5,322.6,354.57142857142856,322.0,369.7,321.7,367.75,320.25,384.7,320.8,384.5,319.5,393.0,321.7,394.0,318.0,401.0,317.4,400.0,317.5,407.9,314.8,404.0,316.3333333333333,411.3,313.3,404.4,317.6,406.8,328.0,401.25,325.75,400.2,337.5,395.5,329.5,392.1,341.7,387.3333333333333,336.3333333333333,383.1,342.3,373.75,335.0,368.1,337.3,362.0,329.0,354.3,323.5,369.1111111111111,321.6666666666667,384.2,326.8,374.6666666666667,322.0,392.5,326.3,388.75,322.25,400.4,322.4,395.2,324.2,407.9,316.3,401.5,320.2,400.6,327.5,397.5,324.0,392.6,332.0,390.0,328.5,384.1,332.6,377.25,328.75
69,320.2,238.0,317.0,239.5,334.9,230.7,329.5,235.5,350.0,227.5,344.5,233.5,364.2,230.2,361.5,234.0,378.0,235.4,379.0,237.0,405.2,230.4,407.0,234.0,413.6,224.5,419.0,228.5,421.7,221.4,427.0,225.0,429.3,219.9,431.5,225.0,432.1,223.6,431.5,228.0,392.7,247.7,390.8333333333333,246.16666666666666,394.3,263.9,396.2,264.2,396.5,280.3,399.0,278.0,398.6,296.8,398.5,289.75,371.4,300.5,371.53846153846155,295.9230769230769,380.8,303.8,384.6666666666667,299.9166666666667,390.1,307.2,394.4,302.73333333333335,397.8,303.7,403.25,299.0833333333333,403.4,298.3,407.09090909090907,291.45454545454544,337.9,253.1,329.3333333333333,251.66666666666666,346.8,248.6,339.2,245.8,355.7,247.6,355.5,245.5,362.0,251.5,364.44444444444446,252.33333333333334,354.6,255.2,351.75,257.75,345.7,255.8,335.8,257.6,400.7,245.2,399.7142857142857,247.42857142857142,408.9,239.8,406.25,239.25,417.0,238.7,419.0,236.4,421.2,241.6,421.85714285714283,240.42857142857142,416.4,245.5,415.0,248.33333333333334,409.0,246.2,404.0,248.66666666666666,343.6,322.1,349.2857142857143,320.57142857142856,362.1,321.0,362.75,319.5,375.6,320.2,378.5,318.0,383.5,321.1,388.0,317.0,391.1,317.0,393.0,316.5,397.6,314.7,397.3333333333333,315.3333333333333,401.6,313.3,397.4,316.4,397.0,325.6,394.5,323.25,390.5,333.1,389.0,325.5,383.0,337.2,381.0,332.6666666666667,374.5,337.7,368.25,332.0,361.0,334.1,356.0,327.0,348.3,323.1,363.22222222222223,319.8888888888889,375.4,325.8,368.6666666666667,321.6666666666667,383.3,325.3,382.75,321.25,390.8,321.4,389.0,323.0,398.5,316.3,394.9,318.4,391.1,324.0,391.0,320.75,383.6,328.4,383.0,324.5,375.5,329.2,371.0,325.5
70,312.0,235.3,308.0,237.0,326.6,227.3,320.5,232.5,341.5,223.7,335.5,230.0,355.4,226.1,352.5,230.5,369.3,231.1,370.0,232.5,396.4,225.6,397.5,229.5,404.4,219.7,410.0,224.0,412.4,216.5,417.0,220.0,420.1,214.7,421.5,220.5,423.0,218.7,421.0,223.0,384.5,243.1,382.5,242.33333333333334,386.1,259.2,388.0,260.2,388.4,275.5,391.2857142857143,273.57142857142856,390.6,291.9,391.25,285.25,364.4,297.1,364.46153846153845,292.61538461538464,373.3,299.9,377.9166666666667,296.0833333333333,382.2,302.9,387.8666666666667,298.3333333333333,389.6,299.6,396.1666666666667,294.6666666666667,394.9,294.4,399.72727272727275,287.09090909090907,329.1,250.2,321.0,249.5,338.1,245.5,330.6,243.6,347.2,244.4,347.0,242.75,353.7,248.5,356.1111111111111,249.33333333333334,346.1,252.3,343.5,255.0,337.0,253.0,327.6,255.2,392.1,241.4,390.57142857142856,244.0,400.3,236.0,397.0,235.75,408.4,234.8,409.2,232.6,412.6,237.7,412.0,236.71428571428572,407.9,241.9,405.5,244.5,400.3,242.7,395.0,245.33333333333334,337.7,321.7,343.7142857142857,320.2857142857143,355.1,318.6,356.75,317.5,368.5,317.0,372.5,315.5,375.7,317.9,382.0,314.0,382.2,313.9,387.0,313.0,388.4,312.9,390.6666666666667,312.0,392.2,313.4,391.4,313.6,387.6,325.5,388.5,321.0,381.0,332.1,383.5,323.5,374.5,335.7,375.3333333333333,331.0,366.5,336.3,362.5,331.0,353.7,333.0,350.0,326.0,342.4,322.5,357.55555555555554,318.22222222222223,368.1,323.2,363.3333333333333,319.3333333333333,375.3,322.6,376.75,318.75,381.7,319.2,382.8,320.0,388.9,316.1,388.7,315.7,381.8,322.0,385.0,318.75,375.4,326.0,377.5,322.5,368.0,326.9,365.25,323.75
71,302.3,232.1,299.0,234.0,317.0,224.1,312.0,229.0,331.8,220.5,326.5,226.0,345.8,222.5,343.5,226.5,359.7,227.2,361.0,228.5,386.8,221.4,388.0,225.0,394.5,215.6,400.0,219.5,402.4,212.3,408.0,216.0,410.0,210.5,411.5,216.5,412.9,214.6,412.0,219.0,375.3,238.8,373.1666666666667,237.83333333333334,377.2,254.8,379.0,255.0,379.8,270.9,382.7142857142857,268.14285714285717,382.4,287.1,383.0,279.25,356.5,293.2,355.9230769230769,288.0769230769231,365.4,295.8,369.5833333333333,291.0833333333333,374.2,298.5,379.26666666666665,293.53333333333336,381.5,295.2,387.8333333333333,289.75,386.7,290.0,391.3636363636364,282.1818181818182,319.4,246.7,312.1666666666667,245.83333333333334,328.5,241.7,322.2,239.8,337.7,240.5,338.0,238.75,344.4,244.8,346.8888888888889,245.0,336.8,248.6,334.5,251.0,327.5,249.4,318.6,251.2,382.7,237.5,381.57142857142856,239.57142857142858,390.8,231.7,387.75,231.75,399.0,230.5,400.2,228.4,403.3,233.5,402.85714285714283,232.57142857142858,398.7,237.8,396.5,240.5,390.9,238.7,386.0,241.0,329.8,318.1,334.7142857142857,316.2857142857143,346.8,314.3,347.75,313.25,360.5,312.4,364.5,311.0,367.7,313.3,373.0,309.0,374.1,309.4,378.5,308.5,380.1,308.6,382.6666666666667,307.6666666666667,383.7,309.6,383.2,309.2,379.2,322.0,380.5,316.75,372.4,328.9,375.0,319.5,365.9,332.4,367.0,327.0,358.0,332.9,353.75,327.0,345.2,329.3,342.0,322.0,334.4,318.8,348.8888888888889,314.22222222222223,360.2,318.6,354.6666666666667,315.0,367.3,318.0,368.5,314.0,373.6,314.7,374.6,316.0,380.4,312.2,380.6,311.1,373.3,318.6,376.75,314.0,367.0,322.5,369.5,318.5,359.7,323.4,356.75,319.5
72,291.9,228.7,288.0,230.0,306.3,220.1,301.0,224.5,321.1,215.7,316.5,221.0,335.5,216.9,333.5,221.0,349.8,221.2,350.5,223.5,375.5,215.8,377.5,220.0,382.9,210.0,389.0,215.0,390.8,206.8,396.5,212.0,398.2,205.8,400.5,211.5,400.9,210.8,400.0,215.0,365.1,233.8,362.8333333333333,232.66666666666666,368.0,249.2,369.6,250.0,371.7,264.4,373.2857142857143,262.57142857142856,375.4,279.9,374.25,273.5,349.2,288.1,347.0,283.46153846153845,358.7,290.1,360.8333333333333,285.9166666666667,368.0,292.4,370.8,288.0,375.2,288.5,379.0,284.6666666666667,380.3,283.2,382.27272727272725,277.27272727272725,309.9,243.2,301.3333333333333,242.16666666666666,319.0,238.3,311.4,235.8,328.0,237.0,327.5,234.5,335.1,240.7,336.44444444444446,240.88888888888889,327.5,244.3,323.75,246.75,318.4,245.4,307.8,247.6,372.1,233.2,370.85714285714283,235.57142857142858,379.8,227.5,376.75,227.75,387.8,226.4,389.0,224.4,392.4,229.1,391.85714285714283,228.71428571428572,387.8,233.0,386.0,236.5,380.2,233.9,375.3333333333333,237.0,323.2,314.1,326.7142857142857,312.14285714285717,341.1,309.0,340.25,309.25,356.0,306.2,356.5,307.0,363.4,306.9,366.0,305.0,370.0,302.8,371.0,304.0,376.0,301.9,375.0,303.3333333333333,378.7,302.9,375.4,304.6,375.3,316.9,372.5,311.25,369.2,325.4,367.0,313.0,362.6,329.3,360.0,321.3333333333333,354.4,330.2,346.5,321.0,340.1,326.3,334.0,317.0,327.8,314.6,340.8888888888889,309.55555555555554,355.6,312.9,346.6666666666667,311.0,363.0,312.1,360.75,310.0,369.4,308.6,367.0,311.8,375.5,305.5,372.7,306.4,369.6,314.1,368.75,308.25,363.1,318.3,361.5,311.5,355.6,319.4,349.25,313.75
73,279.8,223.6,276.0,224.5,293.7,215.0,288.0,219.0,308.2,210.6,303.5,216.0,322.7,211.5,319.5,216.0,336.9,215.8,337.0,217.5,364.0,210.0,363.5,214.5,371.1,203.6,375.5,209.0,378.9,200.0,383.0,206.0,386.4,199.0,387.5,206.5,389.6,204.2,388.0,210.0,353.4,227.6,349.3333333333333,227.33333333333334,357.3,242.9,356.0,243.6,362.0,258.1,359.85714285714283,256.14285714285717,366.6,273.5,360.5,266.75,340.7,282.4,334.61538461538464,277.15384615384613,350.3,284.2,348.1666666666667,279.3333333333333,359.8,286.0,358.0,281.6,366.6,281.6,366.25,278.5,371.4,276.1,369.72727272727275,271.27272727272725,297.5,238.1,289.1666666666667,237.0,306.5,232.9,299.2,230.2,315.7,231.4,314.75,229.5,323.6,234.7,323.44444444444446,235.88888888888889,315.7,238.3,311.5,242.0,306.6,239.7,295.8,242.4,360.9,227.2,358.42857142857144,230.71428571428572,368.8,221.3,364.5,222.75,376.8,220.0,376.2,219.2,381.9,222.4,379.85714285714283,224.0,377.2,226.3,374.0,231.5,369.5,227.4,363.3333333333333,232.33333333333334,314.0,309.0,316.14285714285717,307.85714285714283,332.5,302.9,328.75,303.75,348.7,299.4,345.0,300.0,356.3,299.9,353.0,298.0,362.8,295.7,358.5,298.0,369.6,294.6,363.0,298.0,372.3,296.0,363.6,300.6,369.6,313.0,361.0,307.5,363.4,322.9,355.5,309.0,356.7,326.9,348.3333333333333,317.3333333333333,348.2,328.0,335.5,317.25,332.4,323.5,323.0,313.0,318.7,309.4,329.6666666666667,304.6666666666667,348.3,306.2,335.6666666666667,305.6666666666667,355.9,305.1,348.75,303.75,362.3,301.7,355.4,306.4,368.9,298.7,360.9,302.2,362.8,310.8,357.0,304.25,356.3,315.0,350.0,307.5,348.6,316.2,337.75,309.25
74,268.9,219.5,261.0,220.5,281.2,209.6,273.0,214.0,295.3,204.5,287.5,210.0,310.0,205.2,304.5,209.0,324.2,209.8,323.5,210.5,351.4,203.5,352.5,206.5,358.4,196.9,364.5,201.0,366.3,193.1,373.0,198.0,374.1,191.9,378.5,198.5,378.0,197.6,379.0,203.0,341.7,221.2,337.6666666666667,220.33333333333334,346.0,236.5,345.4,236.8,350.9,251.5,349.7142857142857,248.85714285714286,355.8,266.9,350.75,259.75,330.5,276.4,324.0,271.2307692307692,340.1,278.1,338.4166666666667,272.8333333333333,349.8,279.9,348.8666666666667,275.0,356.7,275.2,358.0,271.4166666666667,361.4,269.4,361.8181818181818,264.09090909090907,285.7,233.8,275.3333333333333,233.16666666666666,294.6,228.5,285.6,226.0,303.6,226.9,301.75,224.75,312.1,229.9,311.22222222222223,230.66666666666666,303.9,233.4,298.5,237.25,295.0,234.9,282.4,238.4,350.7,222.0,348.85714285714283,224.85714285714286,358.7,216.1,354.5,216.5,366.7,214.6,367.2,213.2,372.2,217.0,371.57142857142856,218.14285714285714,367.4,220.7,365.3333333333333,225.5,359.5,221.9,354.3333333333333,226.33333333333334,303.3,304.2,304.85714285714283,304.2857142857143,321.6,297.2,318.25,298.0,339.1,293.4,335.0,293.0,346.4,293.8,345.0,291.0,352.3,289.9,351.0,290.0,359.9,289.0,356.0,290.3333333333333,363.7,290.9,356.4,294.2,360.8,311.0,355.0,304.5,353.8,321.9,349.0,308.0,347.4,325.7,341.3333333333333,317.3333333333333,339.2,326.8,326.25,317.25,322.2,321.5,313.0,312.0,307.8,304.6,319.3333333333333,300.6666666666667,339.0,299.8,325.3333333333333,299.3333333333333,346.2,298.8,340.25,297.0,352.2,295.7,348.0,300.6,360.1,293.7,353.8,296.9,352.7,310.2,350.25,302.25,346.6,314.1,342.5,307.0,339.1,315.3,328.75,309.0
75,248.5,211.5,246.0,216.5,262.7,203.7,258.0,210.0,277.2,201.3,272.5,206.0,291.6,202.1,289.5,205.0,304.6,205.0,308.0,206.5,332.1,200.2,338.5,202.5,343.3,193.9,351.5,196.0,353.2,190.8,360.5,193.0,362.7,190.4,365.5,193.5,369.7,195.1,367.5,197.0,318.1,221.7,323.6666666666667,216.33333333333334,319.9,234.9,331.4,233.2,321.9,248.1,335.7142857142857,245.57142857142858,323.8,261.8,337.0,256.5,303.5,272.2,310.15384615384613,267.3076923076923,311.7,274.3,324.6666666666667,269.5,319.5,276.1,335.6,271.6,326.8,273.4,345.5,267.5,332.7,270.1,349.3636363636364,259.90909090909093,263.8,229.8,261.0,229.33333333333334,273.5,224.5,270.6,222.4,283.4,223.5,287.0,220.75,290.7,227.9,297.0,226.44444444444446,282.9,231.6,284.25,232.75,273.2,232.3,268.2,234.0,333.0,221.9,335.85714285714283,220.14285714285714,340.7,215.7,342.0,212.25,349.7,214.3,355.2,208.6,355.9,217.6,359.85714285714283,213.28571428571428,350.6,221.9,353.3333333333333,220.5,342.2,223.3,341.3333333333333,221.66666666666666,282.4,298.6,291.57142857142856,298.42857142857144,297.9,292.0,304.25,292.75,309.9,289.2,321.5,288.0,318.2,290.4,332.0,286.0,326.3,287.6,338.5,285.0,334.5,288.2,344.0,284.3333333333333,340.0,292.1,345.0,287.8,333.8,303.2,343.0,299.5,325.6,309.3,337.0,304.0,316.8,311.5,329.3333333333333,313.0,308.0,311.4,313.5,312.75,296.1,307.9,300.0,307.0,287.9,298.5,305.8888888888889,295.3333333333333,309.4,296.2,311.6666666666667,294.0,317.7,296.2,327.25,291.25,326.0,294.1,335.6,295.0,336.4,293.2,342.0,291.3,325.0,300.3,338.25,297.5,316.5,302.7,329.5,303.0,308.0,302.8,315.75,304.75
76,237.3,211.4,233.0,214.0,250.8,202.6,243.0,207.0,265.5,198.8,257.0,202.5,280.9,198.6,274.0,201.0,295.6,201.4,292.5,202.0,322.8,195.4,323.5,197.5,332.2,188.4,337.0,191.0,341.9,184.8,346.5,188.0,351.6,184.0,353.5,188.5,359.0,189.1,356.5,192.0,312.1,216.6,308.6666666666667,212.0,315.9,230.1,316.6,228.6,319.9,243.3,321.14285714285717,240.85714285714286,324.1,257.2,321.5,252.0,299.2,267.6,296.9230769230769,263.7692307692308,309.7,269.5,310.9166666666667,265.5,320.1,271.2,322.0,267.4,328.0,266.9,332.8333333333333,262.9166666666667,334.3,262.2,337.09090909090907,255.27272727272728,253.5,228.3,248.33333333333334,227.0,263.8,224.1,257.4,219.8,272.8,222.2,274.0,218.25,282.4,224.1,283.6666666666667,223.33333333333334,273.7,227.4,271.25,230.0,264.7,229.0,255.4,232.0,325.2,215.7,323.2857142857143,216.14285714285714,333.0,210.5,329.5,208.0,341.5,209.2,342.6,204.2,348.8,210.5,348.2857142857143,208.85714285714286,342.7,214.1,341.5,215.83333333333334,334.5,215.6,329.3333333333333,217.33333333333334,274.0,295.8,281.0,296.7142857142857,293.3,288.1,293.0,289.75,310.0,284.0,310.0,285.0,319.2,284.7,320.0,282.0,327.5,280.9,327.5,281.0,336.1,280.8,334.3333333333333,280.0,340.5,283.8,336.8,283.4,336.1,301.6,335.25,297.25,328.4,311.9,327.5,303.0,319.2,315.2,320.3333333333333,312.0,309.5,315.8,303.75,312.0,292.2,310.4,290.0,306.0,279.8,295.8,295.1111111111111,293.3333333333333,309.6,291.4,301.0,290.6666666666667,318.7,290.7,316.25,287.5,327.3,288.0,326.4,291.0,336.5,285.6,333.6,287.4,327.1,300.5,329.0,295.5,318.1,303.7,319.5,302.0,308.7,304.4,305.75,304.5
77,225.2,209.5,218.5,212.5,238.7,200.9,229.0,206.5,253.1,197.1,242.0,202.0,267.9,197.1,259.0,200.0,282.6,200.1,277.5,201.5,312.0,193.6,309.0,196.0,320.6,186.7,323.5,190.0,329.7,182.9,333.5,186.5,339.1,181.0,341.0,186.5,346.5,185.1,345.0,190.0,300.7,214.1,294.0,210.5,304.7,227.6,301.8,227.0,309.1,240.8,305.42857142857144,239.57142857142858,313.7,254.7,305.5,250.75,289.3,265.9,281.15384615384613,262.38461538461536,299.5,267.6,295.25,264.0,309.8,269.1,306.2,266.2,317.5,264.6,318.1666666666667,262.0,323.5,259.5,323.09090909090907,254.1818181818182,241.4,227.7,233.66666666666666,225.83333333333334,251.4,223.5,242.8,218.4,260.6,221.4,259.0,216.5,270.3,222.7,269.0,221.77777777777777,261.4,226.5,256.25,228.25,252.3,228.2,240.6,230.0,313.8,213.9,310.2857142857143,214.57142857142858,322.0,209.1,316.5,206.25,330.5,207.7,330.6,202.0,337.9,208.7,336.85714285714283,206.71428571428572,331.6,212.3,329.3333333333333,214.0,323.3,213.8,317.0,215.33333333333334,263.2,294.5,265.42857142857144,295.0,282.7,286.7,277.0,288.25,300.1,282.4,294.0,283.0,308.6,282.8,304.0,281.0,316.1,279.0,312.5,280.0,325.5,278.6,320.3333333333333,279.3333333333333,331.0,281.1,324.4,283.0,326.6,300.0,321.75,295.75,318.5,310.6,313.0,301.0,310.2,314.0,304.6666666666667,310.0,301.1,315.0,288.5,310.0,282.9,310.0,274.0,304.0,268.9,294.8,279.3333333333333,291.6666666666667,300.1,289.9,285.6666666666667,289.3333333333333,308.5,288.9,300.5,286.5,316.2,286.1,312.0,290.2,327.0,283.3,320.6,286.6,316.8,298.7,315.25,294.0,308.9,302.0,304.5,300.0,300.1,303.1,289.75,301.75
78,212.3,211.2,207.5,213.5,225.2,201.7,217.0,207.0,240.1,197.0,230.0,202.5,255.5,197.0,247.0,201.0,270.3,200.4,266.5,201.5,298.5,194.3,299.0,197.0,308.1,187.1,313.5,191.0,318.1,183.0,324.5,187.0,328.1,182.4,332.0,187.0,334.8,187.8,336.0,190.0,288.0,213.3,283.1666666666667,210.83333333333334,292.2,227.1,290.8,226.6,296.8,240.6,295.0,239.28571428571428,301.5,254.7,294.5,250.75,277.2,265.8,269.9230769230769,261.9230769230769,287.5,267.2,284.4166666666667,263.6666666666667,297.8,268.6,295.93333333333334,265.8,305.4,263.8,308.6666666666667,261.0,311.5,258.6,314.09090909090907,253.0909090909091,229.8,226.6,222.16666666666666,225.16666666666666,239.4,222.1,231.0,218.6,248.6,220.1,247.75,216.75,258.2,221.7,258.0,221.33333333333334,249.4,225.1,245.5,227.5,240.3,226.9,229.4,230.0,301.4,213.2,300.7142857142857,213.71428571428572,310.2,208.1,307.25,206.25,318.8,206.8,321.6,202.2,326.0,208.0,328.0,206.0,319.6,211.4,320.3333333333333,213.16666666666666,311.2,212.8,307.0,214.33333333333334,252.5,293.3,255.85714285714286,294.7142857142857,270.6,285.8,267.25,288.25,287.6,281.5,284.0,283.0,296.8,281.8,295.0,280.0,305.1,277.7,303.5,279.0,315.5,276.8,311.6666666666667,278.6666666666667,321.7,279.0,316.0,281.8,316.9,298.2,313.25,294.75,308.2,309.1,304.0,300.0,299.3,313.0,295.6666666666667,309.3333333333333,289.3,314.1,278.75,309.25,271.6,309.0,264.0,304.0,257.8,293.6,269.77777777777777,291.3333333333333,287.8,288.7,275.6666666666667,289.3333333333333,296.9,287.7,291.5,286.5,305.4,284.4,303.0,289.8,317.7,281.3,312.0,285.5,306.4,296.9,306.0,292.75,297.7,300.9,295.0,299.0,288.3,302.0,280.25,301.5
79,198.6,212.9,194.0,215.5,211.6,202.7,203.5,209.0,226.6,197.5,216.5,204.5,241.9,197.3,233.0,203.0,257.1,200.6,252.5,203.5,286.6,194.5,285.5,197.5,296.7,187.7,300.5,191.0,307.1,183.9,312.5,187.0,317.7,182.5,320.5,187.0,325.0,187.5,325.0,190.0,276.3,213.2,270.0,211.66666666666666,280.2,227.3,277.4,227.4,284.6,241.1,281.0,239.57142857142858,289.2,255.5,280.5,250.5,265.7,266.2,256.61538461538464,262.2307692307692,275.9,267.5,270.75,263.6666666666667,286.3,269.0,282.1333333333333,265.6,294.3,263.9,295.3333333333333,261.0833333333333,300.6,258.5,300.90909090909093,253.54545454545453,217.6,227.8,209.66666666666666,227.5,227.0,223.3,218.2,220.2,236.3,221.1,234.75,218.25,245.9,222.3,245.0,223.11111111111111,236.8,226.2,232.5,229.5,227.6,228.1,216.6,231.4,290.7,213.5,288.57142857142856,215.0,299.8,208.8,295.25,206.75,308.8,207.5,309.4,202.6,316.2,208.5,316.7142857142857,206.71428571428572,309.2,212.0,308.8333333333333,214.16666666666666,300.5,213.2,295.6666666666667,216.33333333333334,242.8,293.3,243.57142857142858,294.7142857142857,259.3,285.9,254.25,288.25,275.8,281.6,270.5,283.5,285.0,281.8,281.0,281.0,293.3,277.6,290.5,280.0,304.6,276.6,299.6666666666667,278.6666666666667,312.5,278.5,304.6,281.8,306.9,298.0,301.25,294.25,297.4,309.0,291.5,299.0,288.4,313.1,283.3333333333333,308.6666666666667,278.5,314.3,266.25,309.0,261.2,309.3,252.0,303.0,247.9,293.7,256.77777777777777,291.22222222222223,276.5,288.6,263.0,289.3333333333333,285.5,287.5,278.25,287.0,294.1,284.0,291.0,289.8,308.3,281.0,300.5,285.5,295.6,296.4,294.25,292.5,287.0,300.6,282.5,298.5,277.7,302.0,267.75,300.75
80,186.9,215.3,183.5,216.5,199.7,204.9,192.0,210.5,214.4,199.4,205.0,206.0,229.3,198.9,221.0,204.0,244.4,201.8,240.5,204.5,275.4,194.8,273.5,198.5,286.1,188.4,289.0,192.0,296.7,184.5,301.0,188.0,307.6,182.8,310.0,188.0,315.5,187.4,315.0,191.0,264.7,214.3,258.0,212.5,268.3,228.4,265.0,228.2,272.3,242.4,268.7142857142857,240.57142857142858,276.7,256.8,267.75,252.0,254.1,267.4,244.84615384615384,263.15384615384613,264.4,268.7,258.5833333333333,264.6666666666667,274.9,270.0,270.3333333333333,266.46666666666664,283.3,264.8,284.0833333333333,262.0,289.8,259.1,290.0,254.0,206.3,229.9,198.83333333333334,228.16666666666666,215.7,225.2,207.2,221.4,225.1,222.9,223.5,219.25,234.5,224.3,233.77777777777777,223.44444444444446,225.4,228.4,221.5,229.5,216.0,230.3,205.8,232.0,280.9,214.3,277.57142857142856,215.14285714285714,290.0,209.3,284.5,207.25,299.2,207.7,299.2,203.6,306.8,208.8,306.57142857142856,207.0,299.7,212.5,298.1666666666667,214.0,290.9,214.0,284.6666666666667,216.0,234.1,294.2,234.71428571428572,294.14285714285717,249.6,287.0,244.5,288.75,265.0,282.9,260.0,285.0,274.2,282.9,271.0,282.0,282.8,278.5,280.0,281.0,294.4,277.0,289.6666666666667,279.6666666666667,303.6,278.0,296.0,281.2,296.9,295.8,291.75,292.0,287.2,306.2,280.5,296.0,278.1,310.6,273.0,305.6666666666667,268.2,312.1,256.5,306.0,251.9,308.1,243.0,301.0,239.0,294.5,247.22222222222223,290.77777777777777,266.1,289.4,253.33333333333334,290.0,275.2,288.1,268.25,288.0,283.9,284.4,281.4,290.0,299.2,280.7,291.3,284.4,285.6,294.6,284.25,290.0,276.7,299.1,271.5,295.5,267.5,300.8,257.5,298.0
81,176.6,217.8,173.0,218.5,188.8,208.0,181.0,213.0,202.9,203.1,194.0,209.0,217.0,202.6,210.0,207.0,231.3,204.9,229.0,207.5,263.3,196.9,262.5,201.0,274.1,190.4,278.5,194.0,284.6,185.9,291.5,190.5,295.8,183.3,301.0,190.0,305.1,186.8,306.0,192.5,252.1,216.9,247.16666666666666,215.5,255.3,230.6,254.4,231.4,258.9,244.3,257.7142857142857,244.42857142857142,262.8,258.2,256.75,256.25,242.2,268.8,233.92307692307693,266.38461538461536,252.3,270.0,247.66666666666666,268.6666666666667,262.6,271.1,259.53333333333336,270.6666666666667,271.0,265.9,273.75,265.5833333333333,277.9,260.3,280.0,257.45454545454544,197.2,232.2,188.16666666666666,230.33333333333334,206.8,228.1,196.8,224.6,216.1,225.7,212.5,222.0,225.5,226.8,223.0,225.66666666666666,216.4,230.9,210.75,232.0,207.1,233.1,195.2,234.0,269.5,216.6,268.14285714285717,217.14285714285714,278.9,211.5,275.25,209.75,288.1,209.7,289.8,205.8,296.1,210.0,297.57142857142856,209.0,288.8,214.3,288.8333333333333,216.0,279.8,216.2,275.0,218.33333333333334,225.4,294.4,225.57142857142858,293.7142857142857,239.5,287.9,235.25,290.75,253.4,283.9,250.0,288.0,263.2,283.8,260.0,285.0,272.9,279.0,270.0,284.0,284.4,277.4,280.0,282.3333333333333,294.1,277.6,286.6,282.2,287.0,293.5,281.0,290.75,277.4,303.5,269.5,293.5,267.2,308.3,262.3333333333333,303.0,256.8,309.8,247.0,303.0,241.7,306.4,234.0,299.0,230.1,294.7,237.44444444444446,291.1111111111111,254.6,290.0,243.33333333333334,292.0,264.2,288.8,258.0,290.75,274.2,284.6,271.2,291.6,289.9,280.2,281.9,284.9,275.7,292.5,273.75,288.25,265.7,297.4,260.5,293.0,255.9,299.1,247.5,295.25
82,168.2,220.4,163.0,221.5,178.6,210.5,170.5,215.5,192.1,205.7,183.0,212.0,205.9,205.3,198.5,210.0,219.8,207.5,218.0,209.5,251.9,199.3,252.5,203.0,263.2,192.6,269.0,196.0,274.2,187.7,282.0,192.0,286.0,185.3,292.0,191.5,296.2,189.1,298.0,194.5,240.9,219.7,236.66666666666666,218.0,243.7,233.2,243.8,233.8,246.8,246.8,247.0,247.0,250.1,260.5,245.75,258.75,231.7,271.1,224.07692307692307,269.0769230769231,241.4,272.2,237.41666666666666,270.75,251.5,273.1,249.2,272.73333333333335,259.8,268.0,264.0,267.5,266.9,262.8,270.27272727272725,259.09090909090907,188.7,233.9,178.83333333333334,233.83333333333334,197.9,229.2,186.8,228.0,207.6,226.9,203.0,225.25,217.4,229.1,213.22222222222223,228.66666666666666,208.1,233.1,201.0,235.0,198.3,235.3,186.0,237.4,259.7,219.0,259.0,220.14285714285714,269.1,212.7,266.5,212.75,278.7,210.5,281.0,208.8,287.3,211.3,289.2857142857143,211.71428571428572,280.0,216.2,280.5,218.33333333333334,270.5,218.5,266.3333333333333,220.33333333333334,218.1,296.2,217.85714285714286,295.7142857142857,230.5,289.5,226.5,292.25,243.0,285.2,240.5,289.0,253.1,285.1,251.0,286.0,263.3,280.0,260.0,285.0,274.8,278.7,271.0,283.0,285.5,279.3,278.2,283.2,277.7,293.4,272.25,292.0,268.1,302.7,260.5,295.0,257.3,307.5,253.33333333333334,304.0,246.7,309.2,238.5,304.5,232.9,306.6,226.0,301.0,222.6,296.2,229.11111111111111,292.77777777777777,244.4,291.6,235.0,293.6666666666667,254.3,290.3,248.75,291.25,264.8,286.0,262.2,292.4,281.0,281.7,273.2,285.9,266.1,292.1,264.75,289.5,255.5,296.9,251.5,294.5,245.5,298.6,238.75,297.0
83,160.7,222.2,155.0,223.5,170.2,212.7,162.0,218.0,182.9,208.0,173.0,214.0,196.1,207.4,188.5,212.0,209.4,209.5,207.0,212.0,240.4,201.5,241.0,205.5,252.6,194.4,257.5,198.5,264.6,189.4,271.0,194.5,277.2,187.5,281.5,194.0,287.7,191.7,288.0,196.5,230.2,222.2,225.5,219.83333333333334,232.5,234.8,231.8,235.4,235.1,247.6,234.42857142857142,248.28571428571428,238.0,260.6,232.75,260.25,221.9,272.6,213.23076923076923,270.15384615384613,231.1,273.4,225.66666666666666,272.0,240.6,274.0,236.86666666666667,273.73333333333335,248.8,269.3,251.66666666666666,268.9166666666667,255.9,264.5,258.27272727272725,260.6363636363636,180.2,236.0,170.5,235.5,188.5,230.9,178.2,229.6,198.4,228.7,193.75,227.5,208.2,231.4,203.77777777777777,230.55555555555554,198.9,235.2,191.75,236.75,189.1,237.4,177.2,239.0,249.7,221.3,248.71428571428572,222.0,258.8,214.4,255.75,214.75,268.5,212.1,270.6,211.0,277.4,213.2,279.14285714285717,213.71428571428572,270.1,218.1,270.3333333333333,220.33333333333334,260.5,220.5,256.3333333333333,222.33333333333334,209.9,298.4,209.42857142857142,297.0,220.7,291.1,217.0,293.5,232.4,286.4,230.0,290.0,242.5,286.3,240.0,288.0,252.9,281.2,249.0,286.5,265.2,280.2,259.6666666666667,285.0,277.0,281.2,267.6,285.2,268.4,294.7,261.5,292.75,258.1,303.5,249.5,296.0,246.9,308.1,242.33333333333334,304.6666666666667,236.3,309.9,228.25,305.0,223.2,307.6,217.0,302.0,214.2,298.1,219.66666666666666,293.8888888888889,234.1,293.4,225.0,294.6666666666667,244.1,292.0,238.0,292.75,254.9,287.9,251.2,293.6,272.4,283.4,262.5,287.5,255.8,292.6,254.0,290.75,244.9,297.3,241.0,295.5,234.9,299.0,228.75,297.75
84,152.8,224.3,146.5,226.0,161.5,214.9,152.5,220.5,173.7,210.2,163.0,216.5,186.4,209.8,178.5,215.0,199.3,211.9,197.0,214.5,230.8,203.4,230.5,207.5,243.4,196.2,247.0,200.0,255.5,191.0,261.5,195.5,268.4,188.6,272.5,195.0,279.5,192.2,280.5,197.5,220.5,224.2,214.5,222.0,222.4,237.1,220.8,237.4,224.6,250.0,222.71428571428572,250.42857142857142,227.1,263.2,220.75,262.25,212.5,274.3,202.15384615384616,272.15384615384613,221.4,275.2,214.25,274.3333333333333,230.5,275.9,225.46666666666667,276.1333333333333,238.7,271.2,241.25,270.75,245.7,266.4,248.8181818181818,262.1818181818182,172.1,238.4,161.83333333333334,237.5,180.2,234.0,169.4,232.0,189.5,231.6,184.25,229.25,198.7,233.2,194.11111111111111,231.88888888888889,189.7,237.2,182.75,238.0,180.6,239.4,168.4,240.4,241.6,222.4,239.57142857142858,222.57142857142858,250.8,216.7,247.0,215.75,260.3,214.5,262.0,211.8,269.2,214.8,271.0,214.28571428571428,261.3,219.6,261.6666666666667,221.0,252.0,221.9,247.0,223.33333333333334,203.4,300.2,200.57142857142858,299.0,212.5,292.8,207.5,295.5,223.0,288.4,219.5,292.0,232.7,288.2,229.0,290.0,242.8,283.2,239.5,288.0,255.3,282.3,251.33333333333334,286.3333333333333,267.5,283.5,260.8,286.4,258.5,296.5,253.75,294.75,248.1,305.1,240.5,298.5,237.1,309.7,233.33333333333334,307.0,227.0,311.4,219.0,307.25,215.1,309.2,207.0,304.0,207.4,299.9,210.0,295.8888888888889,225.0,295.3,216.0,296.6666666666667,234.5,293.9,228.5,294.75,245.1,289.9,242.6,295.6,262.8,285.6,255.2,288.9,245.8,294.1,245.75,292.75,235.2,298.7,231.5,297.5,225.7,300.5,219.25,300.25
85,145.5,226.5,136.0,228.5,153.9,216.9,142.5,224.0,165.8,212.2,153.0,220.0,178.4,211.9,168.5,218.0,190.8,214.6,187.0,218.0,220.9,206.4,221.5,210.5,233.5,199.0,239.0,203.0,245.9,193.5,253.5,198.5,259.3,190.9,264.5,197.0,270.6,194.8,272.5,199.5,211.3,226.2,205.0,224.83333333333334,212.9,239.6,211.0,240.4,214.8,253.1,213.0,253.14285714285714,217.1,266.7,210.75,265.0,203.0,276.5,192.07692307692307,274.3076923076923,211.6,277.7,204.33333333333334,276.4166666666667,220.7,278.5,215.6,278.26666666666665,229.0,273.6,231.83333333333334,272.75,236.1,268.6,239.45454545454547,264.1818181818182,164.3,239.4,151.16666666666666,239.5,172.3,234.8,158.4,233.8,181.4,232.6,174.0,231.25,190.2,234.9,184.22222222222223,234.33333333333334,181.4,238.6,172.75,240.5,172.3,240.6,158.2,243.0,232.3,224.3,230.85714285714286,224.85714285714286,241.2,218.1,238.25,217.75,250.6,215.9,254.0,213.4,259.5,216.5,263.0,216.0,251.6,221.3,253.5,222.83333333333334,242.3,223.7,238.66666666666666,225.33333333333334,196.0,300.8,191.42857142857142,300.7142857142857,204.1,293.9,198.25,297.0,214.3,290.0,210.5,294.0,223.2,290.0,220.0,291.0,232.7,285.2,230.0,290.0,245.5,284.0,242.33333333333334,288.0,258.6,284.7,251.8,287.8,249.7,300.0,244.75,296.5,239.1,309.3,231.5,300.0,228.9,313.7,224.33333333333334,309.0,219.4,315.2,210.0,309.0,207.5,312.1,198.0,306.0,199.8,300.6,200.66666666666666,297.77777777777777,216.2,296.1,206.33333333333334,298.3333333333333,224.9,294.9,218.75,296.25,234.8,291.1,233.4,297.2,254.0,286.9,246.2,290.5,237.2,298.7,236.5,294.25,227.3,303.2,222.0,299.5,218.6,304.8,210.0,302.0
86,137.8,228.4,129.5,230.0,146.9,218.7,134.5,225.0,159.0,214.1,145.0,221.0,171.4,214.1,159.5,219.0,183.7,217.0,178.5,219.0,211.5,209.2,213.0,211.5,224.6,201.7,231.0,204.0,237.8,195.9,246.0,198.5,252.2,192.7,257.5,198.0,264.9,196.4,266.0,200.5,203.1,228.0,196.66666666666666,226.5,204.1,241.2,202.4,241.8,205.2,254.4,203.85714285714286,254.85714285714286,206.9,267.8,201.25,266.5,194.5,278.6,183.15384615384616,276.15384615384613,202.7,279.5,195.08333333333334,278.3333333333333,211.3,280.2,206.6,280.0,219.6,275.7,223.25,274.5,226.7,271.1,231.45454545454547,265.72727272727275,156.6,241.7,144.33333333333334,241.5,164.5,237.3,151.4,236.0,173.8,235.1,166.75,233.75,182.9,237.5,176.88888888888889,236.22222222222223,173.7,241.3,165.75,242.25,164.3,243.5,151.0,244.4,224.8,226.9,223.57142857142858,226.85714285714286,234.2,220.5,231.5,219.75,244.0,218.2,247.0,215.6,253.7,218.7,256.7142857142857,218.14285714285714,245.1,223.9,246.5,225.0,235.2,226.4,231.33333333333334,227.33333333333334,188.9,303.0,184.0,302.42857142857144,196.0,295.8,190.0,299.0,205.3,291.3,201.5,295.5,213.3,291.5,211.0,293.0,222.2,287.0,222.0,291.5,235.2,286.7,234.66666666666666,290.0,249.6,287.7,245.2,289.8,238.9,302.2,237.75,298.0,228.1,310.7,223.5,301.5,218.6,314.6,216.33333333333334,310.6666666666667,210.0,316.1,202.25,311.0,199.1,313.4,191.0,307.0,192.5,302.7,193.0,299.44444444444446,207.7,298.2,198.66666666666666,299.6666666666667,215.6,297.1,210.75,298.25,224.9,293.7,226.0,298.8,244.5,289.9,239.4,292.2,226.1,299.1,229.25,296.25,216.8,303.1,214.0,301.0,209.0,304.7,202.0,303.25
87,133.0,228.3,122.5,229.5,141.6,218.7,128.5,225.0,153.7,214.5,138.0,221.5,165.9,214.8,152.5,220.0,178.1,218.3,170.5,220.0,203.3,211.8,204.0,213.5,216.3,204.2,222.0,206.0,230.4,198.3,237.5,201.5,245.9,195.3,250.0,200.0,259.5,199.2,259.5,202.5,195.6,228.1,187.66666666666666,227.5,196.2,241.4,192.6,242.6,196.6,254.7,193.71428571428572,255.71428571428572,197.6,268.2,190.5,267.5,187.3,279.3,173.53846153846155,276.6923076923077,195.0,280.3,184.91666666666666,279.0833333333333,203.0,281.1,195.8,281.1333333333333,211.2,277.0,213.25,275.8333333333333,218.4,272.7,221.63636363636363,267.3636363636364,151.5,240.0,137.66666666666666,240.5,159.0,235.2,144.4,235.6,168.4,233.2,159.75,233.25,177.8,236.4,169.22222222222223,236.11111111111111,168.5,239.8,158.75,242.0,159.0,241.9,144.0,244.0,217.7,227.8,215.14285714285714,227.85714285714286,226.8,220.7,223.25,220.75,236.8,218.7,238.8,217.0,246.9,219.9,249.14285714285714,219.28571428571428,238.0,225.0,238.5,226.16666666666666,228.0,227.2,222.66666666666666,228.33333333333334,181.7,303.8,173.85714285714286,303.2857142857143,187.8,296.8,180.0,299.75,196.6,292.3,191.5,297.0,204.9,292.7,201.0,295.0,214.4,288.3,212.5,293.0,227.5,288.7,226.33333333333334,291.3333333333333,242.1,290.2,238.4,290.6,230.7,303.4,229.75,299.5,219.9,311.4,214.5,302.5,209.9,315.3,206.66666666666666,312.0,201.0,316.6,192.25,312.0,190.8,313.9,181.0,308.0,185.2,303.5,182.66666666666666,300.44444444444446,199.1,299.5,188.66666666666666,301.0,207.3,298.6,201.25,299.75,217.2,295.3,217.4,300.0,236.8,292.1,232.1,293.3,218.0,299.4,220.75,297.25,208.1,303.3,204.5,302.5,200.0,304.7,192.25,304.25
88,129.7,228.7,113.0,229.0,136.5,219.6,118.0,223.5,147.1,215.7,127.5,220.5,158.0,216.5,141.5,220.0,168.7,220.0,158.5,220.5,193.0,213.9,192.0,215.0,206.1,206.4,209.0,207.5,220.2,200.7,224.5,203.5,235.6,198.0,237.0,202.5,249.3,202.0,247.0,205.0,185.9,230.8,176.16666666666666,229.16666666666666,186.1,244.3,181.0,244.8,186.1,257.9,181.85714285714286,257.57142857142856,186.7,271.7,178.75,269.5,178.2,281.6,163.76923076923077,278.46153846153845,185.5,282.9,174.25,281.0,193.2,283.9,184.6,283.26666666666665,201.5,279.6,201.66666666666666,278.25,209.0,275.2,209.72727272727272,269.6363636363636,146.2,241.5,127.83333333333333,240.66666666666666,152.9,237.8,134.6,235.6,161.3,235.9,149.75,234.0,170.1,238.0,159.33333333333334,237.77777777777777,161.2,241.2,148.25,243.25,152.7,243.1,134.2,245.0,208.7,230.0,203.57142857142858,230.57142857142858,217.6,224.4,211.5,223.25,226.8,222.8,226.8,219.8,236.5,223.1,237.14285714285714,222.42857142857142,227.5,227.7,226.83333333333334,229.16666666666666,218.3,229.6,211.66666666666666,231.33333333333334,175.1,305.5,164.28571428571428,304.0,179.2,299.1,170.25,301.5,186.9,295.0,181.5,299.0,195.2,295.5,191.0,297.0,205.0,291.1,202.0,295.5,218.3,291.4,216.0,293.3333333333333,233.7,292.8,229.2,292.0,221.1,304.8,219.5,300.75,209.9,312.1,204.5,304.5,199.4,315.9,196.66666666666666,313.0,190.8,316.9,182.75,313.25,182.1,314.4,171.0,309.0,178.2,305.3,173.0,301.77777777777777,189.8,302.3,178.66666666666666,303.0,197.8,301.5,191.0,301.75,208.1,298.2,207.0,302.0,228.3,294.6,222.5,294.7,207.9,300.2,211.0,299.0,197.7,303.9,194.5,304.0,189.8,305.1,182.25,306.0
89,123.9,228.5,108.0,229.0,129.7,219.5,112.0,224.0,139.3,215.8,121.0,221.0,149.2,216.7,134.0,221.0,159.1,220.4,151.0,222.0,184.2,215.4,183.0,217.5,198.7,208.5,201.0,210.5,213.7,203.3,216.5,206.5,230.0,201.2,230.0,206.0,244.5,205.7,240.5,208.5,177.2,232.2,167.83333333333334,230.16666666666666,176.6,246.2,171.6,246.2,175.7,260.2,171.71428571428572,259.2857142857143,175.6,274.5,168.0,271.25,168.5,283.5,154.6153846153846,279.61538461538464,175.4,285.0,164.25,282.5,182.9,286.3,174.06666666666666,285.1333333333333,191.3,282.0,191.58333333333334,280.3333333333333,199.1,277.6,200.27272727272728,271.72727272727275,139.7,240.9,121.66666666666667,240.5,145.8,237.0,128.0,235.6,154.2,235.4,143.25,234.25,162.8,238.5,152.33333333333334,238.0,153.9,241.6,141.75,243.5,145.4,243.2,127.8,244.6,201.3,231.7,196.28571428571428,232.28571428571428,210.3,225.7,204.0,225.0,219.9,224.3,219.6,221.8,230.2,225.2,230.42857142857142,224.71428571428572,220.6,230.0,219.5,231.0,210.9,231.7,204.33333333333334,232.33333333333334,167.8,307.0,158.14285714285714,306.0,170.3,300.8,162.75,303.0,177.1,296.8,172.5,301.0,184.9,297.6,182.0,299.0,194.4,293.5,192.5,298.0,208.3,294.0,207.33333333333334,296.0,225.1,295.7,221.6,295.2,211.2,307.7,211.75,304.5,199.2,315.0,195.5,307.5,189.0,318.5,188.33333333333334,316.6666666666667,180.8,319.3,174.75,316.0,173.1,316.5,164.0,311.0,170.6,306.9,165.55555555555554,303.6666666666667,180.1,304.1,171.0,305.0,187.8,303.6,182.25,303.75,197.8,300.5,198.8,305.0,219.3,297.4,214.7,298.0,197.5,302.7,202.5,302.25,187.6,306.3,186.0,307.0,180.1,307.2,174.5,308.5
90,119.8,228.1,102.5,226.5,125.5,219.7,105.5,221.5,134.7,216.4,113.5,219.0,143.8,217.5,126.0,219.5,152.6,221.2,142.5,222.0,175.0,217.0,174.5,218.5,189.4,210.7,192.5,212.5,204.4,206.3,209.0,209.0,220.4,205.3,223.5,209.0,234.4,210.6,235.0,211.5,168.0,233.7,158.66666666666666,230.66666666666666,166.7,247.9,161.0,246.2,165.2,262.1,159.85714285714286,259.0,164.5,276.4,155.0,270.25,159.0,285.0,143.3846153846154,278.53846153846155,165.0,286.8,151.91666666666666,281.5,171.9,288.4,161.2,284.53333333333336,180.2,284.4,179.5,280.6666666666667,187.9,280.3,189.1818181818182,272.54545454545456,133.1,240.9,115.16666666666667,237.66666666666666,138.5,237.1,120.8,233.0,146.3,235.8,136.0,232.5,154.1,239.5,144.66666666666666,236.88888888888889,145.5,242.0,133.75,242.0,137.6,243.3,120.8,242.4,192.1,233.4,188.57142857142858,232.71428571428572,199.9,227.7,196.75,225.5,208.9,226.6,212.8,223.2,218.8,228.1,223.85714285714286,226.57142857142858,209.4,232.2,212.66666666666666,232.83333333333334,200.4,233.6,196.66666666666666,233.66666666666666,159.5,307.8,148.57142857142858,305.2857142857143,160.4,301.8,152.0,302.5,166.3,298.3,160.5,300.5,174.0,299.4,169.0,299.0,184.1,295.4,179.5,298.5,198.3,296.1,195.0,297.3333333333333,215.3,298.3,210.0,297.8,200.8,308.9,199.75,305.5,188.1,315.7,182.5,307.5,177.3,319.1,175.66666666666666,316.0,169.2,319.4,163.0,314.75,163.1,316.4,154.0,310.0,161.9,307.8,154.66666666666666,303.3333333333333,169.1,305.6,160.0,304.0,176.7,305.4,170.0,303.5,187.3,302.4,186.2,305.6,209.6,299.6,203.1,299.9,186.9,304.0,190.25,303.0,176.5,307.5,173.0,306.5,169.2,308.0,162.75,307.75
91,113.6,228.3,98.0,226.5,116.2,219.0,100.5,222.0,124.1,214.9,107.5,220.0,133.4,216.6,119.5,220.5,142.5,221.6,135.5,223.0,165.4,219.0,167.0,220.0,180.9,212.4,185.0,215.0,197.3,208.1,202.0,211.5,214.9,208.2,216.5,212.0,229.5,215.1,229.0,214.5,158.8,235.5,151.16666666666666,231.83333333333334,156.9,248.8,152.8,248.0,154.7,261.9,151.28571428571428,261.2857142857143,153.2,275.3,145.5,272.75,150.0,284.9,135.76923076923077,280.0769230769231,155.8,286.7,143.5,283.75,162.0,288.3,152.66666666666666,287.2,169.8,284.7,171.25,283.5833333333333,177.3,281.0,181.45454545454547,275.54545454545456,126.7,239.0,110.16666666666667,237.33333333333334,131.5,235.1,115.4,232.6,139.3,234.1,130.25,232.5,147.2,238.6,138.66666666666666,237.22222222222223,138.6,240.9,128.5,241.5,130.7,241.8,115.6,242.0,183.7,234.6,181.57142857142858,234.42857142857142,190.0,229.0,189.75,227.5,199.1,228.2,206.2,225.6,209.5,230.4,217.71428571428572,229.28571428571428,199.8,234.2,205.66666666666666,235.16666666666666,190.8,235.4,189.66666666666666,235.66666666666666,153.0,308.1,142.85714285714286,305.57142857142856,151.8,302.3,145.5,303.5,157.0,298.9,153.0,302.5,164.0,300.3,161.0,301.0,173.3,296.8,172.5,301.0,187.9,297.8,188.0,300.0,206.5,300.4,204.4,299.6,190.4,310.5,193.0,308.0,177.1,316.9,175.5,310.5,167.1,319.7,168.33333333333334,318.3333333333333,159.9,319.6,155.75,316.5,154.9,316.3,147.0,311.0,155.5,307.7,148.22222222222223,304.3333333333333,160.0,306.3,153.66666666666666,305.3333333333333,166.8,306.4,163.0,305.5,176.8,303.7,179.4,307.8,200.2,301.4,197.2,301.9,176.4,305.4,184.0,305.25,166.5,308.4,166.0,309.0,160.0,308.6,155.75,309.5
92,114.1,226.0,93.0,225.0,115.3,217.5,95.5,221.5,121.1,214.0,101.5,219.5,128.6,216.0,113.0,221.0,135.6,220.9,128.5,224.0,158.0,219.2,159.0,222.0,174.4,213.4,177.0,217.0,190.8,210.0,194.0,215.0,208.1,211.3,208.5,215.0,222.5,218.7,221.5,217.5,151.1,236.0,144.5,233.66666666666666,148.8,248.9,146.0,250.4,145.7,261.7,144.0,263.57142857142856,143.5,274.8,138.5,275.25,142.7,283.8,129.23076923076923,280.61538461538464,148.0,286.0,136.41666666666666,285.25,153.5,287.9,145.2,289.0,160.9,284.7,164.0,285.8333333333333,168.1,281.4,173.54545454545453,277.72727272727275,125.5,237.4,104.66666666666667,236.83333333333334,129.6,233.9,109.6,233.0,136.8,233.1,124.25,232.75,143.9,237.7,132.77777777777777,237.88888888888889,135.7,240.0,122.75,241.75,128.6,240.5,110.2,241.6,177.3,235.7,174.57142857142858,236.71428571428572,182.8,230.7,182.75,230.0,191.6,230.4,199.0,228.6,201.9,232.9,210.14285714285714,232.42857142857142,192.2,236.3,198.16666666666666,238.0,183.6,237.1,182.33333333333334,238.0,148.9,305.8,136.28571428571428,303.57142857142856,145.2,300.9,138.75,302.5,148.9,298.4,146.0,302.5,154.7,300.1,154.0,302.0,162.6,297.5,164.5,301.5,178.0,298.6,180.0,301.0,199.0,301.1,196.0,300.4,179.9,311.5,184.25,308.25,165.1,317.1,167.5,310.5,156.4,319.1,160.0,317.3333333333333,150.7,318.4,148.5,314.75,147.7,314.5,141.0,309.0,151.1,305.5,141.33333333333334,303.0,151.8,305.5,146.33333333333334,305.0,157.4,306.0,155.25,305.5,165.9,304.2,171.2,308.0,192.5,301.9,188.5,302.6,165.1,306.3,175.25,305.75,156.4,308.4,158.0,308.5,151.2,307.9,148.5,308.5
93,112.9,223.4,91.0,222.0,114.0,216.1,92.5,218.5,119.2,213.6,98.5,217.0,125.7,216.2,109.0,218.0,131.4,221.5,123.5,222.0,150.8,220.6,153.0,221.5,166.9,215.2,171.0,218.0,183.2,212.1,187.5,216.0,200.4,214.0,202.5,217.0,214.9,221.5,215.5,220.5,144.1,237.2,138.66666666666666,232.83333333333334,141.0,249.9,138.8,250.0,137.1,262.6,136.14285714285714,262.85714285714283,134.1,275.7,130.0,274.5,134.4,284.0,122.46153846153847,279.38461538461536,139.4,286.8,128.5,284.1666666666667,144.6,289.1,136.26666666666668,288.4,152.3,285.9,154.41666666666666,286.4166666666667,160.0,282.7,164.9090909090909,278.72727272727275,122.6,236.9,102.33333333333333,234.16666666666666,126.1,234.1,106.6,230.2,132.6,233.7,120.75,231.25,139.2,238.3,128.55555555555554,236.44444444444446,131.2,240.1,119.25,240.25,124.7,240.3,107.2,239.2,170.6,237.7,168.14285714285714,237.42857142857142,176.1,233.1,176.5,231.25,184.4,233.1,192.8,230.4,194.4,235.7,204.0,235.0,184.6,238.7,191.66666666666666,240.33333333333334,176.4,239.3,176.0,239.66666666666666,142.8,303.7,129.0,304.14285714285717,138.0,300.5,131.0,302.75,141.0,298.9,137.0,302.5,146.2,300.9,144.0,302.0,153.7,298.6,154.0,302.5,169.6,299.5,168.66666666666666,303.0,192.2,301.2,184.0,303.8,171.2,311.9,173.0,310.25,155.4,317.4,156.5,311.5,147.2,318.9,150.0,317.6666666666667,142.2,318.0,139.25,315.0,140.4,313.7,132.0,309.0,144.9,303.9,133.33333333333334,303.3333333333333,143.5,305.7,137.66666666666666,305.0,148.5,306.6,145.5,306.0,156.6,305.1,160.4,309.2,185.8,301.9,176.9,305.1,155.8,307.2,164.25,307.0,147.6,308.7,148.0,309.0,143.1,308.0,139.25,308.5
94,110.0,223.2,91.5,220.5,110.3,215.4,93.0,216.5,115.0,212.9,98.0,215.5,121.2,215.7,107.0,217.0,126.5,221.2,120.0,221.5,144.4,221.2,148.0,221.5,160.2,216.0,165.0,218.0,176.5,213.5,181.5,217.0,193.6,216.1,196.5,219.0,207.8,224.7,210.0,222.5,138.3,237.8,134.0,232.83333333333334,134.9,250.6,133.8,250.4,130.6,263.6,130.28571428571428,263.85714285714283,127.2,276.8,123.5,275.25,127.8,284.4,117.46153846153847,280.0,132.6,287.3,122.83333333333333,284.8333333333333,137.8,289.9,129.93333333333334,289.8666666666667,145.8,286.7,147.75,288.3333333333333,153.8,283.9,158.0909090909091,280.8181818181818,118.7,236.3,101.66666666666667,232.83333333333334,121.8,233.8,105.6,229.4,128.3,233.8,118.75,230.5,134.5,238.8,125.77777777777777,236.0,126.8,240.2,117.0,239.25,120.4,240.2,106.0,238.0,164.6,239.2,163.0,238.28571428571428,170.0,234.6,171.0,232.25,178.3,234.8,186.8,232.0,188.1,237.6,197.42857142857142,236.71428571428572,178.4,240.5,185.66666666666666,241.5,170.3,241.0,170.33333333333334,240.66666666666666,137.7,302.1,124.57142857142857,304.14285714285717,132.2,300.0,126.0,303.25,134.5,299.1,131.5,303.5,139.4,301.2,138.0,304.0,146.6,299.2,147.5,304.5,163.2,300.0,162.33333333333334,305.3333333333333,187.4,301.3,179.0,305.8,164.9,312.6,167.0,311.75,147.9,318.2,150.0,312.5,139.9,319.5,143.66666666666666,318.6666666666667,135.2,318.4,133.75,315.25,134.2,313.5,127.0,309.0,139.8,302.6,128.33333333333334,303.8888888888889,137.1,305.8,133.0,306.0,141.8,307.0,139.75,307.5,149.5,305.7,154.4,311.0,180.9,302.0,171.3,306.8,148.4,308.0,158.5,308.5,140.5,309.2,142.0,310.0,136.3,308.2,134.0,309.0
95,108.3,221.5,91.5,219.5,108.2,213.9,92.0,215.5,112.6,211.8,96.0,214.0,118.2,214.7,104.5,216.0,122.9,220.6,117.0,221.5,140.9,221.3,144.0,222.5,156.0,216.7,161.0,220.0,171.7,214.6,177.5,219.0,187.9,217.7,192.5,221.5,201.2,226.4,206.0,225.5,134.0,238.0,130.33333333333334,233.5,130.2,251.2,129.0,251.4,125.5,264.4,125.14285714285714,264.85714285714283,121.6,277.9,118.25,276.25,122.5,284.4,113.53846153846153,280.6923076923077,127.2,287.8,118.08333333333333,285.75,132.3,290.7,124.46666666666667,290.93333333333334,140.3,287.7,142.0,290.0,148.1,285.2,152.45454545454547,282.90909090909093,115.6,235.2,100.83333333333333,232.16666666666666,118.5,233.1,104.2,229.0,124.6,233.4,116.75,230.75,130.5,238.6,123.33333333333333,236.33333333333334,123.1,239.6,115.0,239.25,117.0,239.3,104.8,237.8,160.6,240.2,158.57142857142858,240.14285714285714,165.9,236.0,166.75,234.5,173.9,236.5,182.0,234.6,183.5,239.5,193.14285714285714,239.71428571428572,174.0,242.1,180.83333333333334,244.16666666666666,166.1,242.3,166.0,243.0,132.6,300.1,122.42857142857143,305.57142857142856,127.2,299.1,123.0,304.5,129.1,299.0,127.0,305.0,133.8,301.4,133.0,305.0,141.0,299.7,142.5,306.5,157.7,300.6,157.0,307.3333333333333,182.0,301.8,173.2,308.4,159.7,313.3,162.0,314.25,142.4,319.0,145.5,314.5,134.4,320.0,139.0,320.3333333333333,129.8,318.6,129.75,317.0,129.0,312.9,125.0,311.0,134.8,300.9,125.0,305.1111111111111,131.6,305.7,129.33333333333334,308.0,136.2,307.2,135.25,309.25,143.8,306.2,149.2,313.4,175.8,302.4,166.3,309.4,143.0,308.7,153.5,310.5,135.2,309.6,137.5,311.0,131.1,308.3,130.25,310.25
96,103.5,218.5,91.5,219.5,103.9,211.9,92.0,215.5,108.6,210.9,96.0,214.0,114.5,214.7,104.0,216.5,119.6,221.1,116.0,221.5,137.8,222.7,141.5,223.5,152.6,218.2,158.0,220.5,168.0,216.3,174.5,220.0,184.0,219.0,189.0,222.5,197.5,227.5,203.0,227.0,130.8,238.9,128.16666666666666,233.5,127.1,251.9,126.4,251.0,122.6,265.0,122.14285714285714,264.14285714285717,118.9,278.3,115.25,275.25,119.0,284.4,110.92307692307692,279.9230769230769,123.7,288.1,115.0,285.0,129.1,291.2,121.26666666666667,290.1333333333333,136.8,288.7,138.83333333333334,289.4166666666667,144.4,286.6,149.27272727272728,282.45454545454544,111.8,233.9,100.5,232.0,114.4,231.8,103.6,229.2,120.8,232.4,115.25,231.0,126.8,238.5,122.22222222222223,236.11111111111111,119.3,239.4,114.0,239.0,113.0,238.6,104.0,237.2,157.8,241.3,156.0,240.71428571428572,163.1,236.9,164.0,235.25,171.7,237.5,179.0,235.6,181.6,241.1,190.14285714285714,240.85714285714286,171.8,243.8,178.16666666666666,244.83333333333334,163.5,243.8,163.33333333333334,243.0,127.9,301.0,120.85714285714286,304.7142857142857,122.9,299.2,120.75,303.75,125.0,298.9,124.5,304.0,129.8,301.7,130.0,304.0,137.5,300.2,139.5,305.5,154.0,302.0,154.0,306.6666666666667,177.2,304.7,171.6,308.0,155.6,314.7,159.25,314.25,138.3,320.0,142.5,313.5,130.0,320.6,136.0,320.3333333333333,125.2,318.7,127.25,317.0,124.6,312.9,123.0,311.0,130.0,301.8,122.88888888888889,304.3333333333333,127.1,306.1,127.0,307.0,131.8,307.9,132.5,308.25,139.8,307.3,146.8,312.6,171.1,305.0,164.3,309.2,138.9,309.4,151.0,310.5,130.8,310.0,134.5,311.0,126.5,308.2,127.5,310.0
97,102.4,217.2,91.0,219.0,103.3,211.0,91.0,215.0,108.4,210.5,95.0,214.0,114.2,214.3,103.0,216.0,119.2,220.8,114.0,221.5,136.5,222.6,140.0,223.5,151.0,218.9,156.5,222.0,166.1,217.5,173.5,221.5,181.6,220.6,188.0,224.5,194.7,229.3,202.0,229.0,129.2,238.8,126.66666666666667,233.83333333333334,125.6,251.8,124.4,251.0,121.2,264.8,119.85714285714286,264.2857142857143,117.5,278.1,112.25,275.25,116.9,284.1,108.84615384615384,279.53846153846155,121.5,288.0,112.58333333333333,284.8333333333333,126.8,291.2,118.53333333333333,290.26666666666665,134.3,289.0,136.25,289.9166666666667,141.5,287.3,147.1818181818182,283.0,110.1,232.8,99.83333333333333,231.16666666666666,112.7,230.8,102.6,228.4,118.9,231.8,114.25,230.25,124.6,238.2,120.66666666666667,235.88888888888889,117.3,238.9,113.0,238.0,111.2,237.8,103.2,236.6,155.7,241.9,155.0,241.14285714285714,160.6,237.5,163.0,236.0,168.9,238.4,178.0,236.8,178.8,242.3,189.14285714285714,242.14285714285714,169.2,244.9,177.16666666666666,245.83333333333334,161.0,244.7,162.0,244.0,124.4,301.6,119.14285714285714,304.85714285714283,120.3,299.4,119.0,303.5,122.7,298.9,122.0,304.0,127.1,301.9,128.0,304.0,134.4,300.6,137.5,306.0,149.8,303.1,152.0,307.6666666666667,171.3,306.8,169.2,309.6,151.2,315.5,157.0,315.0,135.1,319.8,140.0,314.5,127.3,320.0,133.66666666666666,321.0,122.8,318.1,125.25,317.0,121.8,312.7,121.0,311.0,126.6,302.4,120.77777777777777,304.3333333333333,124.5,306.1,125.33333333333333,307.0,129.0,308.0,130.25,308.25,136.5,307.8,144.4,313.6,165.5,306.8,161.7,310.2,135.6,309.4,148.75,311.0,128.0,309.6,132.5,311.0,123.9,307.8,125.5,310.0
98,100.2,215.7,91.5,218.0,101.8,210.4,91.0,214.5,107.3,210.5,95.0,213.0,113.2,214.6,102.0,216.0,118.3,221.1,113.5,221.5,135.8,223.3,139.0,224.0,150.2,220.3,155.5,222.0,165.6,219.4,172.0,221.5,181.1,222.8,187.0,224.5,194.3,231.3,201.5,229.0,128.4,239.2,125.5,233.83333333333334,124.8,252.3,123.4,251.4,120.4,265.5,118.57142857142857,264.7142857142857,116.8,278.8,110.75,275.75,115.7,284.5,108.07692307692308,279.9230769230769,120.1,288.5,111.41666666666667,285.5833333333333,125.4,291.8,117.4,291.2,132.5,290.1,135.0,291.0,139.2,288.8,145.9090909090909,284.0,107.9,231.8,100.0,230.5,110.6,229.9,102.4,227.8,116.9,231.1,114.0,230.25,122.7,238.1,120.44444444444444,235.33333333333334,115.3,238.5,113.0,238.0,109.0,237.2,103.4,235.8,154.4,242.7,154.28571428571428,241.14285714285714,159.2,238.1,162.0,236.0,167.5,239.3,177.4,236.8,177.5,243.6,188.42857142857142,242.71428571428572,167.9,246.2,176.33333333333334,246.5,159.7,245.8,161.33333333333334,244.33333333333334,121.0,302.0,119.28571428571429,305.57142857142856,118.1,299.6,118.75,304.5,121.0,299.3,121.0,305.0,125.4,302.5,126.0,305.0,133.1,301.6,135.5,307.0,147.3,304.6,150.0,308.6666666666667,166.7,308.8,167.6,310.8,148.7,316.8,155.75,316.75,134.1,320.8,139.0,315.5,126.2,320.9,133.0,322.0,121.4,318.5,124.75,317.75,119.6,312.9,121.0,311.0,123.3,302.7,120.55555555555556,305.3333333333333,122.6,306.3,124.66666666666667,308.0,127.2,308.6,129.5,309.25,135.0,308.6,143.4,314.6,161.4,308.5,160.6,311.6,134.5,310.5,147.5,312.0,126.6,310.5,131.5,312.0,122.4,308.3,125.25,311.0
99,100.0,214.9,90.5,217.0,101.4,209.8,90.5,213.0,107.1,210.2,94.5,212.5,113.2,214.4,102.0,215.5,118.3,221.1,114.0,221.5,136.9,224.0,139.5,225.5,151.4,221.3,156.5,223.0,166.6,220.9,173.5,223.5,181.9,224.8,188.0,226.5,194.8,233.5,202.5,231.0,128.9,239.9,126.16666666666667,234.33333333333334,125.6,252.9,123.6,252.2,121.5,266.0,118.85714285714286,265.2857142857143,118.0,279.3,110.75,276.25,116.2,284.8,107.76923076923077,280.0,120.5,288.9,111.33333333333333,285.8333333333333,126.0,292.3,117.53333333333333,291.4,133.0,291.0,135.16666666666666,291.8333333333333,139.4,290.0,145.9090909090909,285.0,107.8,231.4,99.0,230.16666666666666,110.8,229.6,102.2,228.0,117.3,231.1,113.75,230.75,123.1,238.1,120.33333333333333,235.88888888888889,115.5,238.5,112.5,238.0,109.1,236.9,102.8,235.8,154.8,243.7,154.28571428571428,243.0,159.0,239.4,162.5,238.25,167.3,240.7,177.6,239.6,177.1,245.3,188.42857142857142,245.14285714285714,167.8,247.7,176.33333333333334,248.66666666666666,159.7,247.0,161.33333333333334,246.33333333333334,120.7,301.3,119.0,306.42857142857144,118.9,299.6,118.5,304.75,121.9,299.9,121.0,305.5,126.2,303.5,127.0,306.0,134.0,302.8,136.0,308.0,148.0,305.9,151.0,310.0,166.7,309.9,168.6,312.6,149.4,318.2,156.25,318.75,134.9,322.2,139.0,317.5,126.9,321.9,132.66666666666666,324.0,122.1,319.2,124.5,319.25,120.0,312.8,120.0,312.0,123.2,302.2,120.55555555555556,306.0,123.2,306.8,124.33333333333333,308.6666666666667,127.8,309.3,129.5,310.25,135.6,309.6,143.4,316.0,161.8,309.7,161.1,313.2,135.2,311.9,147.75,313.75,127.2,311.6,131.5,313.5,123.0,309.1,125.25,312.25
100,99.0,214.9,92.0,217.0,100.7,210.2,92.0,214.0,106.9,210.7,96.0,213.5,113.0,215.1,104.0,217.0,118.1,222.1,115.5,223.5,138.0,225.3,141.5,227.5,153.1,223.2,158.5,226.0,168.4,223.4,175.5,226.0,183.4,227.4,191.0,229.5,196.5,235.9,204.5,234.0,129.4,241.1,128.0,236.0,125.9,254.4,125.6,253.4,121.8,267.9,120.42857142857143,266.42857142857144,118.4,281.4,112.75,277.25,116.1,286.4,109.53846153846153,280.9230769230769,120.4,290.9,113.08333333333333,286.9166666666667,126.0,294.6,119.06666666666666,292.53333333333336,132.8,293.4,137.08333333333334,293.0,138.9,292.5,148.36363636363637,286.45454545454544,106.3,232.0,100.83333333333333,230.5,109.7,230.4,103.8,228.0,116.3,231.9,115.75,231.0,122.3,238.9,122.33333333333333,236.77777777777777,114.3,239.3,114.5,239.0,107.8,237.5,104.6,236.2,156.3,245.3,156.42857142857142,244.28571428571428,160.7,241.3,164.75,239.75,169.0,242.9,180.2,241.2,178.9,247.8,191.28571428571428,247.0,169.4,249.8,179.0,250.66666666666666,161.3,248.9,163.66666666666666,247.66666666666666,120.0,301.3,121.0,307.42857142857144,120.0,300.8,120.25,305.5,123.3,302.2,123.0,306.5,127.7,305.9,129.0,307.0,135.8,305.4,138.0,309.5,150.0,308.1,153.0,311.3333333333333,168.7,311.5,170.6,314.0,150.6,319.9,158.25,319.75,135.3,323.8,141.0,319.0,127.0,323.3,134.66666666666666,325.0,122.2,320.4,126.25,320.5,120.0,313.5,122.0,313.0,122.7,302.5,122.55555555555556,307.0,123.9,308.4,126.33333333333333,309.6666666666667,128.7,311.3,131.5,311.25,136.8,311.6,145.4,317.0,164.0,311.4,163.1,314.8,136.0,314.0,149.75,315.5,127.8,313.7,133.5,315.0,123.4,311.0,126.5,313.25
101,101.9,216.4,92.5,219.0,103.3,211.7,93.0,216.0,108.9,212.1,98.0,215.5,114.7,216.3,106.0,219.0,119.4,222.8,118.5,225.5,141.6,226.3,145.0,229.5,157.1,224.7,162.0,227.5,172.2,225.3,178.5,227.5,186.8,229.1,194.0,230.5,199.8,237.1,208.0,236.0,132.5,243.1,131.16666666666666,238.0,129.0,256.3,129.0,255.8,124.9,269.5,124.42857142857143,268.85714285714283,121.5,282.9,116.5,279.5,119.1,287.8,112.46153846153847,283.15384615384613,123.4,292.3,116.66666666666667,289.0,129.0,296.1,122.93333333333334,294.6666666666667,135.6,295.0,141.08333333333334,295.0,141.5,294.4,151.9090909090909,288.54545454545456,108.9,234.8,101.83333333333333,232.83333333333334,112.3,233.8,105.2,230.4,119.0,235.1,117.75,233.25,125.1,241.2,124.33333333333333,239.22222222222223,117.0,241.7,116.0,241.75,110.5,240.1,105.8,238.8,159.8,247.7,159.57142857142858,246.71428571428572,164.5,244.6,168.0,241.75,172.6,246.4,183.8,243.2,182.6,250.6,194.85714285714286,248.85714285714286,173.0,252.5,182.33333333333334,252.66666666666666,165.0,251.5,167.0,249.66666666666666,121.5,303.2,122.71428571428571,309.42857142857144,122.4,302.7,122.75,307.5,126.0,304.3,126.0,308.5,130.5,308.1,132.0,309.0,139.0,307.7,141.5,311.0,152.8,310.4,156.0,313.0,170.6,313.7,173.4,315.8,153.1,321.9,161.25,321.75,138.2,325.8,144.0,320.5,129.6,325.3,137.66666666666666,327.0,124.5,322.2,128.5,322.5,122.1,315.2,124.0,315.0,124.2,304.4,124.88888888888889,309.1111111111111,126.3,310.3,129.0,311.0,131.5,313.2,134.25,313.25,139.8,313.7,148.4,319.0,166.0,313.6,165.9,316.6,138.9,316.1,152.75,317.5,130.4,315.7,136.5,317.0,125.8,312.9,129.5,315.5
102,102.3,217.5,95.5,222.0,105.1,213.1,96.5,218.5,112.4,213.9,101.0,218.0,119.6,218.5,110.0,221.0,125.6,225.2,123.0,227.5,147.7,228.0,150.5,231.0,163.3,226.4,168.0,229.0,178.6,226.8,185.0,229.0,193.3,230.5,200.5,231.5,206.8,238.3,214.0,236.0,137.4,244.2,136.33333333333334,239.83333333333334,133.8,257.5,134.6,257.4,129.6,270.8,130.28571428571428,271.42857142857144,126.1,284.4,122.25,282.75,122.7,289.4,116.6923076923077,285.9230769230769,127.1,294.1,121.5,292.3333333333333,133.0,298.0,128.93333333333334,298.26666666666665,139.9,297.0,148.08333333333334,297.75,146.1,296.2,159.36363636363637,290.6363636363636,109.9,235.5,105.5,233.83333333333334,114.0,234.3,108.8,231.0,121.1,235.5,121.75,234.0,127.3,241.6,129.22222222222223,240.22222222222223,119.1,242.3,120.5,242.0,112.2,240.8,109.4,239.8,165.7,248.3,165.85714285714286,247.0,171.0,245.1,174.5,241.25,179.4,247.0,190.8,242.8,189.5,251.3,201.28571428571428,248.28571428571428,179.6,253.1,188.83333333333334,252.16666666666666,171.4,252.0,173.0,249.66666666666666,123.9,307.0,127.0,311.2857142857143,126.2,306.1,127.75,309.75,130.8,307.3,132.0,310.5,135.6,311.0,138.0,311.0,144.7,310.6,148.5,313.0,158.2,313.4,164.0,314.6666666666667,174.9,317.1,181.0,316.8,158.0,323.9,168.25,323.25,143.4,327.3,151.0,323.0,134.3,326.9,143.66666666666666,329.3333333333333,128.7,323.8,134.5,324.5,125.7,317.5,129.0,318.0,126.6,308.2,129.88888888888889,311.55555555555554,130.4,313.0,134.66666666666666,313.6666666666667,136.0,315.9,140.5,315.25,145.0,316.3,155.4,320.8,170.2,316.8,173.3,317.8,144.1,318.4,159.75,319.0,135.2,318.1,143.0,319.5,130.2,315.3,135.0,318.0
103,103.5,218.1,99.0,224.0,108.5,215.1,100.0,221.0,117.1,216.9,106.0,220.5,124.9,221.5,116.0,224.0,131.4,227.7,130.0,229.5,155.7,230.5,158.5,232.5,171.5,228.9,176.5,230.0,186.3,228.9,194.5,230.0,201.0,231.7,209.5,232.5,214.9,238.7,223.0,237.0,143.7,246.0,143.66666666666666,241.83333333333334,140.4,259.5,142.4,259.4,136.5,273.1,138.14285714285714,273.2857142857143,133.2,287.0,130.75,284.75,128.5,291.3,123.23076923076923,288.0,133.0,296.1,128.75,294.3333333333333,139.0,300.0,136.66666666666666,300.2,146.3,299.1,156.33333333333334,299.5,153.0,298.1,167.54545454545453,292.54545454545456,113.1,236.9,109.33333333333333,236.83333333333334,118.0,236.0,113.6,234.2,125.5,237.2,127.0,236.5,131.8,243.1,134.88888888888889,242.88888888888889,123.3,243.8,125.75,245.0,116.0,242.3,114.0,242.8,172.1,249.6,173.57142857142858,248.85714285714286,178.0,246.4,182.5,243.25,186.6,248.1,198.8,244.4,196.7,252.3,210.0,249.85714285714286,186.8,254.2,197.16666666666666,253.66666666666666,178.2,253.2,181.0,251.33333333333334,128.6,308.6,132.0,313.42857142857144,131.6,308.1,133.25,312.0,136.7,309.5,139.0,313.0,141.5,313.2,146.0,314.0,150.4,312.8,156.5,315.5,164.2,315.6,172.0,317.0,181.2,319.0,189.4,318.8,163.7,326.7,176.75,325.75,149.2,330.1,159.0,325.5,140.4,329.5,151.33333333333334,332.0,134.7,326.5,141.0,327.5,131.1,319.8,135.0,320.0,131.4,310.0,135.77777777777777,313.6666666666667,136.3,315.2,140.33333333333334,315.6666666666667,141.8,318.0,147.5,317.5,150.6,318.4,163.4,323.0,176.5,318.9,181.4,320.0,149.9,321.1,167.75,321.75,141.3,320.6,150.0,322.5,136.2,317.9,141.75,320.75
104,104.2,219.5,101.5,227.5,110.3,217.0,103.0,224.5,119.5,219.2,109.5,224.0,128.4,224.0,120.0,227.0,135.9,230.0,134.5,232.5,163.1,233.3,165.0,235.5,179.6,231.6,183.5,233.0,194.5,231.3,201.5,232.0,209.6,233.7,217.0,234.5,224.3,240.3,230.0,239.0,149.2,248.4,149.33333333333334,244.83333333333334,146.3,261.9,148.4,262.6,142.8,275.5,144.42857142857142,276.57142857142856,139.8,289.5,137.25,288.5,133.6,293.6,128.3846153846154,291.7692307692308,138.6,298.7,134.75,298.0,145.0,302.7,143.13333333333333,303.8666666666667,153.0,301.6,163.33333333333334,303.0,160.2,300.5,174.63636363636363,295.54545454545456,115.8,238.8,112.5,240.0,121.6,238.1,117.0,237.2,129.7,239.2,131.25,239.5,136.4,244.9,139.44444444444446,245.88888888888889,127.4,245.8,130.0,248.0,119.6,244.3,117.6,245.8,178.7,251.6,179.57142857142858,251.14285714285714,185.1,248.7,188.75,245.5,194.2,250.3,205.8,246.4,204.4,254.4,217.14285714285714,251.85714285714286,194.4,256.4,204.0,255.83333333333334,185.4,255.4,187.33333333333334,253.33333333333334,132.9,311.1,136.71428571428572,316.7142857142857,136.8,311.2,138.75,315.5,142.8,312.9,145.0,316.5,148.0,316.5,152.0,317.0,156.9,316.3,163.5,319.0,171.0,318.7,180.0,320.0,188.5,321.7,197.4,321.4,170.3,330.1,184.75,328.75,155.3,333.6,166.5,328.5,146.5,332.9,158.33333333333334,335.3333333333333,140.6,329.9,147.0,330.75,136.1,322.8,140.0,324.0,135.9,312.6,141.11111111111111,317.0,142.2,318.3,145.66666666666666,319.3333333333333,147.9,321.1,154.0,321.25,156.8,321.6,170.4,326.4,183.6,321.7,189.4,322.7,156.1,324.7,175.25,324.75,147.4,324.2,157.0,325.5,142.0,321.5,147.5,324.0
105,106.0,224.1,106.0,232.0,113.1,220.9,108.0,228.0,123.3,222.5,115.0,228.0,133.5,226.9,125.5,231.0,142.4,232.3,141.0,237.5,172.7,235.8,171.5,240.0,189.9,234.6,190.5,237.5,204.8,234.8,207.5,237.0,219.8,237.8,223.0,239.5,234.1,245.1,236.0,243.5,156.5,251.5,155.83333333333334,249.66666666666666,153.8,264.9,155.2,267.4,150.4,278.6,151.57142857142858,281.57142857142856,147.4,292.6,144.25,293.25,138.8,296.5,135.07692307692307,296.6923076923077,144.7,301.7,141.83333333333334,302.75,151.9,305.9,150.4,308.4,160.5,304.8,170.08333333333334,307.5,168.4,303.7,181.45454545454547,300.27272727272725,118.2,242.4,117.16666666666667,244.83333333333334,125.1,241.5,122.0,242.0,134.0,242.6,136.5,244.5,141.0,248.3,144.66666666666666,251.22222222222223,131.8,249.3,134.5,253.0,123.3,247.9,121.8,250.8,186.8,255.1,185.57142857142858,256.57142857142856,194.2,252.3,194.5,250.5,203.9,254.1,211.8,251.2,214.2,258.2,223.14285714285714,256.7142857142857,204.0,260.2,210.0,260.8333333333333,194.5,259.1,193.66666666666666,259.0,135.3,314.8,142.14285714285714,320.7142857142857,140.8,314.9,144.75,320.0,148.1,316.5,151.5,321.0,154.0,320.2,159.0,322.0,163.5,320.0,170.5,323.5,178.2,322.3,186.66666666666666,324.3333333333333,195.7,325.6,204.4,325.8,177.0,333.8,191.75,332.75,161.2,337.3,173.0,332.5,151.6,336.5,165.0,339.3333333333333,144.9,333.4,153.0,335.0,139.7,326.4,146.0,328.0,138.7,316.4,147.11111111111111,321.22222222222223,147.0,322.0,152.0,323.3333333333333,153.6,324.8,160.75,325.5,163.0,325.4,177.2,330.6,190.5,325.6,196.4,327.0,162.1,328.8,182.25,329.0,152.7,328.0,163.5,329.5,146.6,325.1,153.75,328.0
106,108.8,227.0,109.0,234.5,116.2,224.6,111.5,231.0,126.1,226.5,118.5,231.0,136.2,230.6,130.0,234.0,145.3,235.8,145.0,240.5,180.5,239.9,177.5,243.5,197.1,237.3,196.5,241.0,211.1,236.5,214.5,240.5,225.5,238.9,230.0,243.0,239.6,245.6,243.0,247.5,162.2,257.1,161.0,252.83333333333334,160.4,272.5,160.4,271.4,158.0,288.1,157.0,285.57142857142856,155.9,303.9,149.5,297.5,145.5,304.1,139.76923076923077,300.84615384615387,152.4,310.2,146.75,307.1666666666667,160.6,314.7,155.6,312.93333333333334,170.2,312.4,175.75,312.0,179.3,310.4,187.0,304.54545454545456,121.9,246.8,120.83333333333333,247.83333333333334,129.0,245.9,126.0,245.0,138.2,247.2,141.0,247.5,146.2,253.2,149.44444444444446,254.44444444444446,136.7,254.0,139.0,257.0,128.0,252.5,126.0,254.4,193.0,259.1,191.42857142857142,260.14285714285717,201.2,255.9,201.25,254.0,211.4,257.2,218.6,254.8,221.8,261.0,229.71428571428572,260.42857142857144,211.8,263.5,216.5,264.8333333333333,201.9,262.8,199.66666666666666,262.6666666666667,140.9,318.5,146.71428571428572,325.14285714285717,147.1,320.6,149.5,324.25,155.6,322.9,156.5,326.0,162.2,326.6,164.0,327.0,171.6,326.1,176.0,328.0,188.2,327.1,192.66666666666666,329.0,207.7,328.4,210.4,329.8,188.3,340.1,197.75,337.0,171.2,345.4,179.0,337.5,161.2,344.7,170.33333333333334,344.0,153.9,341.7,158.0,339.5,146.8,333.3,150.0,332.0,145.0,320.7,151.88888888888889,325.8888888888889,155.5,329.1,157.0,328.0,162.6,332.0,166.0,330.25,172.0,332.5,182.8,335.2,202.3,329.1,202.3,331.4,171.1,335.0,188.0,333.5,161.7,334.2,169.0,334.5,154.8,331.2,158.75,332.75
107,115.5,231.7,117.0,239.0,122.3,229.2,119.0,235.0,132.1,231.1,126.0,235.0,142.6,235.5,137.0,239.0,152.1,240.6,152.5,244.5,188.2,244.9,184.5,247.5,204.1,241.7,203.5,245.5,217.6,240.6,221.5,245.0,231.5,243.0,237.0,247.5,245.2,249.9,250.0,252.0,168.6,262.2,167.83333333333334,257.5,166.9,277.4,167.0,275.6,164.7,293.0,163.0,289.57142857142856,162.5,308.7,155.75,301.5,151.4,308.6,145.23076923076923,304.84615384615387,158.9,314.7,152.33333333333334,311.3333333333333,167.6,319.3,161.4,317.06666666666666,177.5,316.8,182.0,316.4166666666667,186.7,314.7,193.54545454545453,308.90909090909093,128.1,251.4,127.83333333333333,252.33333333333334,135.3,250.5,133.0,249.2,144.4,251.8,148.0,252.0,152.6,257.5,156.22222222222223,259.0,143.3,258.3,145.75,261.0,134.7,256.8,132.8,258.4,200.7,263.6,198.0,265.0,209.0,260.8,208.0,259.0,219.2,262.0,225.2,259.6,229.3,265.5,236.14285714285714,265.2857142857143,219.7,267.9,223.0,269.5,209.8,267.3,206.33333333333334,267.0,145.9,323.6,151.57142857142858,329.14285714285717,152.3,325.6,154.5,328.25,161.2,327.9,162.0,330.0,168.3,331.6,170.0,331.0,177.9,331.1,182.0,332.5,194.9,332.0,199.0,333.3333333333333,214.4,333.7,217.4,334.0,195.4,345.4,203.75,342.0,177.9,350.7,184.5,342.5,167.5,350.0,175.33333333333334,349.0,159.8,347.0,163.25,344.5,152.2,338.7,155.0,337.0,150.3,325.9,156.88888888888889,330.0,161.1,334.6,162.0,332.3333333333333,168.6,337.4,171.5,334.75,178.2,338.0,188.6,339.8,208.9,334.4,209.0,336.1,177.4,340.3,194.0,338.25,167.7,339.3,174.5,339.5,160.4,336.3,164.0,337.25
108,121.6,235.2,121.5,241.5,128.0,233.0,124.0,238.0,137.6,235.3,131.0,238.0,148.1,239.9,142.0,242.0,157.9,245.1,158.0,248.5,194.9,249.8,191.0,252.5,210.8,246.3,210.5,250.0,224.4,245.4,228.5,250.0,238.0,247.9,244.0,252.5,251.7,254.6,257.0,257.0,174.7,267.4,173.33333333333334,261.5,173.0,282.4,172.4,280.2,171.0,297.7,168.71428571428572,294.42857142857144,168.9,313.3,161.0,306.5,157.7,313.1,149.76923076923077,309.0,165.4,319.4,157.41666666666666,315.8333333333333,174.2,323.9,166.46666666666667,321.93333333333334,184.0,321.5,187.33333333333334,321.25,193.1,319.6,199.45454545454547,313.8181818181818,134.2,255.6,132.33333333333334,255.5,141.2,254.7,137.6,252.2,150.4,256.1,152.75,255.75,158.9,261.7,161.22222222222223,262.6666666666667,149.5,262.5,150.75,265.0,141.1,260.9,137.6,262.0,207.8,268.3,204.0,269.14285714285717,216.1,265.7,214.25,263.25,226.4,266.9,232.2,264.2,236.4,270.4,243.0,270.0,226.9,272.7,229.5,274.3333333333333,217.0,272.0,212.0,272.0,151.0,327.6,155.71428571428572,333.42857142857144,157.8,329.9,158.5,333.25,167.1,332.7,166.5,335.0,174.5,336.5,175.0,336.0,184.4,336.1,187.5,337.5,201.9,336.8,205.0,338.3333333333333,221.5,338.5,223.4,339.4,202.7,350.7,209.25,347.25,184.6,356.2,190.0,347.5,173.9,355.4,180.33333333333334,354.0,165.8,352.2,167.5,349.5,157.7,343.3,160.0,341.0,155.5,329.9,161.33333333333334,334.6666666666667,166.9,339.5,166.66666666666666,337.0,174.8,342.5,176.25,340.0,184.6,343.2,193.8,345.0,216.2,339.1,214.7,341.1,184.0,345.7,199.5,343.25,174.0,344.7,179.5,344.0,166.3,341.4,169.0,342.0
109,129.5,241.1,128.0,246.0,136.1,239.0,131.0,243.0,146.1,241.8,138.5,243.0,156.8,246.5,150.0,247.0,166.8,251.5,166.0,253.5,202.2,255.4,199.0,257.5,218.1,252.2,219.0,255.0,232.0,251.1,237.0,255.0,245.9,253.4,252.0,257.5,260.0,260.1,264.5,262.5,182.2,271.9,181.33333333333334,266.5,180.2,286.9,180.2,285.2,177.7,302.2,176.57142857142858,299.42857142857144,175.2,317.6,168.75,311.5,163.8,317.9,156.53846153846155,313.84615384615387,171.4,324.3,164.33333333333334,320.75,180.3,328.7,173.4,327.06666666666666,190.3,326.4,194.83333333333334,326.3333333333333,199.7,324.5,206.54545454545453,318.90909090909093,141.1,260.7,138.83333333333334,260.3333333333333,148.3,259.6,144.4,257.2,157.7,260.9,159.75,260.75,166.3,266.7,168.44444444444446,267.77777777777777,156.8,267.4,157.75,269.5,148.2,265.9,144.0,266.6,215.7,273.3,211.85714285714286,274.57142857142856,224.4,270.5,222.0,268.5,234.8,271.8,239.6,269.6,244.7,275.4,250.71428571428572,275.57142857142856,235.1,277.7,236.66666666666666,279.6666666666667,225.2,276.9,219.66666666666666,277.0,156.5,334.8,160.85714285714286,337.2857142857143,163.6,336.1,164.5,336.75,172.9,338.2,172.5,339.0,180.7,342.1,182.0,340.0,191.2,341.5,194.5,342.0,207.9,342.7,212.0,343.0,226.1,345.5,230.4,343.8,208.6,355.8,215.75,352.75,191.4,360.7,196.0,352.5,180.3,359.9,186.0,359.0,171.8,356.8,173.25,354.25,163.6,348.8,165.0,346.0,161.0,337.0,166.77777777777777,338.8888888888889,172.5,344.9,172.33333333333334,341.0,180.7,347.9,182.75,344.0,191.1,348.7,200.4,349.6,220.9,345.8,221.4,345.9,190.7,350.6,206.0,348.5,180.2,349.5,185.5,349.5,172.2,346.1,174.0,346.75
110,134.3,244.5,133.0,250.0,141.4,242.8,136.5,247.0,151.9,246.0,144.0,247.5,162.8,251.0,156.0,251.5,172.9,256.4,172.5,258.5,209.0,260.4,206.5,262.5,225.1,257.1,226.5,261.0,239.1,256.1,244.5,260.5,253.1,258.2,259.5,263.0,267.5,264.7,271.5,267.5,189.0,276.9,188.16666666666666,272.0,187.2,292.3,187.6,290.8,185.0,307.8,183.71428571428572,305.2857142857143,182.6,323.6,176.5,317.25,170.6,323.3,163.92307692307693,319.46153846153845,178.3,329.9,171.75,326.5,187.4,334.4,181.2,332.8,197.3,332.1,202.41666666666666,332.3333333333333,206.6,330.3,214.0,324.72727272727275,146.4,265.0,144.5,264.5,153.8,263.9,150.4,261.6,163.4,265.4,165.75,264.75,172.3,271.2,174.66666666666666,272.55555555555554,162.6,272.0,164.0,274.0,153.8,270.3,150.0,271.2,223.0,278.4,218.57142857142858,280.0,231.8,275.6,229.0,274.0,242.4,276.9,246.6,274.8,252.5,280.6,257.7142857142857,280.85714285714283,242.8,283.0,243.66666666666666,284.8333333333333,232.7,282.1,226.66666666666666,282.3333333333333,162.6,340.2,168.0,343.2857142857143,170.4,341.2,172.0,342.75,179.9,343.5,180.5,345.0,187.8,347.5,190.0,346.0,198.5,347.0,202.0,348.0,215.2,348.3,219.33333333333334,348.3333333333333,232.7,351.4,237.4,349.8,215.7,361.7,223.25,358.75,198.7,366.8,204.0,359.0,187.3,365.8,194.0,365.0,178.6,362.5,180.5,360.25,170.1,354.3,172.0,352.0,167.2,342.5,174.33333333333334,344.6666666666667,179.3,350.3,179.66666666666666,347.0,187.7,353.4,190.25,350.0,198.3,354.4,208.2,355.6,227.5,351.6,228.8,351.8,197.9,356.4,213.5,354.5,187.2,355.2,193.0,355.5,178.9,351.7,182.0,352.75
111,140.6,249.4,140.0,255.5,147.9,247.9,143.0,252.5,158.4,251.0,151.5,253.5,169.4,256.0,164.0,257.5,179.9,261.0,181.0,264.5,218.7,265.5,216.0,269.5,234.8,262.7,236.5,267.0,248.6,262.0,254.5,266.5,262.2,264.1,270.0,269.0,276.3,270.1,282.0,273.5,197.3,282.4,197.0,278.0,195.5,297.0,196.6,296.8,193.2,311.8,192.85714285714286,311.14285714285717,190.7,326.9,185.25,323.0,178.8,328.0,172.15384615384616,325.0769230769231,186.4,334.3,180.5,332.3333333333333,195.2,338.5,189.86666666666667,338.53333333333336,204.7,336.7,211.0,338.0833333333333,213.5,335.2,222.9090909090909,330.54545454545456,152.8,270.5,151.33333333333334,270.0,160.4,269.7,157.4,267.4,170.3,271.1,173.75,270.75,179.4,276.7,182.55555555555554,278.44444444444446,169.5,277.5,171.25,280.0,160.5,275.9,157.0,277.0,231.3,283.9,228.28571428571428,286.0,240.0,281.4,238.75,280.0,250.8,282.8,257.2,281.0,261.1,286.5,267.7142857142857,287.0,251.2,288.8,253.66666666666666,291.0,240.9,287.8,236.33333333333334,288.3333333333333,169.5,346.5,175.85714285714286,348.57142857142856,177.5,346.7,179.75,348.5,187.2,348.7,188.5,350.5,195.2,352.8,198.0,352.0,206.0,352.3,210.0,353.5,222.2,354.0,227.0,354.3333333333333,238.8,357.6,244.6,355.8,222.7,367.9,230.75,363.75,206.1,373.0,212.0,364.0,194.7,371.9,201.66666666666666,370.3333333333333,185.9,368.6,188.25,365.25,177.2,360.2,180.0,357.0,174.2,348.6,182.33333333333334,350.22222222222223,186.6,355.6,187.66666666666666,353.0,195.1,358.7,198.25,356.0,205.8,359.8,215.8,361.0,233.7,357.8,236.0,357.2,205.4,362.5,221.0,359.25,194.7,361.2,201.0,360.5,186.3,357.7,190.0,357.75
112,147.2,254.0,146.0,261.0,154.5,252.8,149.5,258.0,165.3,256.1,158.0,258.5,176.8,261.3,171.0,263.5,187.7,266.5,188.0,270.5,227.5,271.2,224.0,274.5,243.8,268.7,244.5,272.5,257.6,268.0,263.5,272.0,271.2,270.0,279.0,274.5,285.3,275.9,290.5,278.5,205.5,288.5,204.66666666666666,283.5,203.7,302.4,204.6,302.2,201.5,316.5,201.14285714285714,316.85714285714283,199.1,330.9,193.5,329.0,186.9,333.2,179.84615384615384,330.9230769230769,194.6,339.2,188.5,338.1666666666667,203.4,343.3,198.13333333333333,344.46666666666664,212.9,341.7,219.5,343.6666666666667,221.7,340.4,231.8181818181818,336.27272727272725,160.2,275.8,157.83333333333334,275.6666666666667,168.0,275.2,164.2,273.2,177.9,276.6,180.75,276.25,187.0,282.1,189.88888888888889,283.6666666666667,177.1,283.0,178.5,285.5,168.0,281.3,164.0,282.4,239.8,289.6,236.42857142857142,291.0,248.3,287.3,247.25,285.25,259.1,288.8,265.4,286.6,269.5,292.4,276.2857142857143,292.0,259.5,294.7,262.1666666666667,296.1666666666667,249.2,293.7,244.66666666666666,293.3333333333333,177.2,353.2,183.14285714285714,355.2857142857143,185.5,353.0,187.25,355.0,195.3,354.7,196.5,357.0,203.5,358.9,206.0,358.0,214.4,358.5,218.5,360.0,230.4,360.3,235.33333333333334,360.3333333333333,246.3,364.3,252.6,361.8,231.0,374.2,239.25,370.0,214.8,379.5,220.0,370.0,203.3,378.4,210.0,377.0,194.2,375.1,196.25,371.5,185.2,366.6,188.0,363.0,182.1,355.3,190.0,356.6666666666667,194.7,361.8,195.66666666666666,359.0,203.4,365.0,206.5,362.25,214.2,366.1,224.0,367.8,241.1,364.4,244.1,363.2,214.0,368.9,229.25,365.5,203.1,367.6,209.5,366.5,194.5,364.1,198.0,364.25
113,154.9,260.1,154.5,265.5,162.7,258.7,158.5,262.5,174.4,262.1,167.0,263.5,186.4,267.5,180.0,268.0,197.9,272.9,197.5,275.5,236.3,277.2,234.0,280.5,252.9,274.7,255.5,278.5,267.1,274.2,274.5,278.0,281.2,276.5,289.5,280.5,295.5,282.7,301.0,285.0,215.1,294.5,214.16666666666666,289.1666666666667,213.5,309.1,213.8,308.8,211.5,323.9,210.14285714285714,323.57142857142856,209.3,339.1,202.5,336.0,196.1,339.9,188.53846153846155,337.3076923076923,203.9,346.3,197.08333333333334,344.75,213.0,350.7,206.86666666666667,351.4,222.7,349.0,228.16666666666666,350.3333333333333,231.7,347.5,240.27272727272728,343.0,167.7,281.4,166.16666666666666,281.0,175.7,280.8,172.8,277.8,185.8,282.3,189.25,281.5,195.1,287.9,198.55555555555554,289.6666666666667,185.1,288.7,187.0,291.0,175.8,286.9,172.0,288.0,249.4,295.5,246.14285714285714,297.14285714285717,258.2,293.1,257.5,291.25,269.1,294.7,275.8,292.6,279.5,298.3,286.57142857142856,298.57142857142856,269.5,300.6,272.0,302.6666666666667,259.1,299.6,254.33333333333334,299.6666666666667,185.9,359.6,192.0,361.2857142857143,194.9,359.5,196.0,361.0,205.0,361.2,205.0,363.0,213.4,365.6,214.0,365.0,224.7,365.1,227.0,366.0,240.3,366.7,243.66666666666666,367.0,255.5,370.5,261.0,367.8,240.8,380.1,247.75,376.5,225.0,385.4,228.5,377.0,213.1,384.3,218.33333333333334,384.0,203.7,380.9,204.75,378.25,194.5,372.6,196.0,370.0,190.9,361.8,198.66666666666666,362.8888888888889,204.2,368.2,204.0,365.0,213.2,371.4,214.75,368.25,224.3,372.5,232.6,373.8,250.4,370.6,252.6,369.9,224.2,375.1,238.0,372.25,213.0,373.8,218.0,373.5,204.1,370.1,206.0,370.75
114,163.4,266.1,164.5,272.5,171.0,264.0,168.5,269.0,182.8,267.5,177.0,270.5,195.4,273.1,190.0,275.0,207.4,278.9,207.5,282.0,246.3,283.6,244.0,287.0,263.2,280.9,265.0,284.5,277.8,280.3,283.5,284.0,292.4,282.6,299.0,286.5,306.7,289.0,310.0,290.5,224.5,300.6,224.0,295.8333333333333,222.8,314.2,223.6,314.8,220.8,328.0,219.85714285714286,329.57142857142856,218.5,342.3,211.75,342.0,205.0,344.1,197.69230769230768,343.15384615384613,213.1,350.3,206.41666666666666,350.75,222.0,354.4,216.13333333333333,357.26666666666665,231.7,352.9,237.41666666666666,356.3333333333333,240.6,351.7,249.63636363636363,348.90909090909093,176.7,286.9,176.16666666666666,287.0,185.0,286.5,182.8,284.2,195.3,287.9,199.25,288.0,204.6,293.3,208.55555555555554,295.77777777777777,194.5,294.2,196.5,297.5,185.1,292.3,182.0,294.0,259.3,301.5,255.28571428571428,303.42857142857144,268.3,299.3,266.5,297.5,279.4,300.9,284.8,298.2,289.7,304.4,295.42857142857144,304.0,279.7,306.7,281.1666666666667,308.3333333333333,269.1,305.7,263.6666666666667,305.6666666666667,194.2,364.8,200.71428571428572,366.2857142857143,203.0,364.1,205.0,366.5,213.2,365.7,214.5,369.0,221.8,370.1,224.0,370.0,233.1,369.7,236.5,372.0,248.8,371.7,253.66666666666666,372.3333333333333,263.8,376.3,271.0,372.8,249.3,386.0,257.0,381.75,233.4,391.1,238.0,382.0,221.4,390.0,227.33333333333334,388.3333333333333,211.9,386.6,213.75,383.25,202.6,378.0,205.0,375.0,199.4,366.8,207.55555555555554,368.1111111111111,212.3,372.8,213.0,371.0,221.5,376.1,224.25,374.0,232.6,377.3,241.8,379.2,258.6,376.2,262.4,375.1,232.6,380.8,247.0,377.5,221.3,379.4,227.0,378.5,212.2,375.7,215.0,375.75
115,171.7,270.5,173.5,276.5,179.0,267.8,177.5,273.5,191.0,271.2,187.0,274.5,204.0,277.0,200.0,280.0,216.4,283.0,217.5,287.5,256.2,288.1,254.5,292.5,273.2,285.3,276.0,291.0,288.0,284.7,294.5,290.5,302.6,287.1,310.0,292.5,316.9,293.7,321.0,297.0,233.8,305.3,234.16666666666666,301.0,232.2,318.4,233.4,319.8,230.2,331.8,229.28571428571428,334.57142857142856,227.9,345.6,221.5,347.0,214.2,348.5,206.46153846153845,348.15384615384613,222.5,354.4,215.25,355.9166666666667,231.5,358.3,225.53333333333333,362.4,241.0,356.8,247.25,361.5,249.9,355.7,259.6363636363636,354.0,185.5,291.4,184.66666666666666,291.0,194.0,290.9,191.8,288.2,204.4,292.2,208.5,292.0,213.8,297.7,217.77777777777777,300.44444444444446,203.7,298.7,206.0,301.5,194.2,296.8,190.8,298.0,269.2,306.0,265.57142857142856,308.14285714285717,278.3,303.9,277.5,302.5,289.6,305.5,296.0,303.6,300.0,308.9,306.57142857142856,309.2857142857143,289.9,311.3,291.8333333333333,313.5,279.1,310.3,273.6666666666667,310.3333333333333,203.4,370.4,208.14285714285714,371.57142857142856,212.3,369.2,213.0,371.75,222.5,370.3,223.0,374.0,231.2,374.6,233.0,376.0,242.3,374.1,245.5,377.5,257.9,376.4,262.6666666666667,378.3333333333333,272.7,381.4,280.0,378.8,258.6,391.3,266.0,387.0,242.9,396.4,246.5,387.5,231.1,395.3,236.0,394.0,221.5,392.1,221.75,388.75,212.0,383.8,213.0,380.0,208.8,372.2,215.66666666666666,373.44444444444446,221.7,377.7,221.66666666666666,376.0,230.8,380.8,232.75,379.5,241.8,382.0,250.8,384.8,267.3,381.2,271.2,380.8,242.0,385.8,256.0,383.25,230.9,384.5,235.5,383.5,221.8,381.0,223.5,381.5
116,180.5,273.3,182.5,278.5,188.2,270.1,187.5,276.5,200.7,273.5,197.0,277.5,214.1,279.7,211.0,283.0,226.8,286.3,229.5,291.0,266.8,291.9,267.0,296.0,283.8,288.9,289.0,294.0,298.9,288.2,307.5,293.5,314.0,290.5,322.0,296.0,328.4,297.4,333.5,300.5,244.5,308.5,245.66666666666666,304.3333333333333,242.6,321.9,245.0,323.6,240.4,335.5,241.14285714285714,338.2857142857143,238.0,349.7,233.25,350.75,223.8,352.5,216.92307692307693,351.15384615384613,232.1,358.4,226.16666666666666,359.25,241.0,362.4,236.33333333333334,365.73333333333335,250.7,360.8,258.0,365.1666666666667,259.7,359.7,270.09090909090907,357.72727272727275,194.7,294.4,194.5,294.0,203.5,293.9,201.6,291.2,214.3,295.4,218.5,295.5,223.9,301.2,228.33333333333334,303.77777777777777,213.3,302.1,215.75,305.0,203.5,300.1,200.6,301.0,279.1,309.8,277.2857142857143,311.85714285714283,288.8,307.5,288.5,305.75,300.4,309.2,307.6,307.2,310.9,312.8,318.0,313.0,300.6,315.3,303.1666666666667,317.3333333333333,289.5,314.2,285.3333333333333,314.3333333333333,211.8,373.3,216.57142857142858,373.7142857142857,221.4,373.0,221.75,373.75,232.1,374.5,232.5,377.0,240.6,378.7,242.0,378.0,251.5,378.1,255.0,380.0,267.0,380.4,272.6666666666667,381.0,282.1,384.8,288.6,381.8,267.1,395.4,274.75,390.75,251.4,400.5,256.0,391.0,239.8,399.4,244.33333333333334,398.0,230.4,396.3,230.5,392.0,220.6,387.6,221.0,383.0,217.1,375.3,224.33333333333334,375.8888888888889,231.1,381.7,230.33333333333334,378.3333333333333,240.1,384.7,242.25,382.0,250.9,385.7,260.2,387.6,276.6,384.7,280.1,383.9,250.9,389.7,265.0,386.5,240.0,388.5,245.0,387.5,231.0,385.1,232.25,384.75
117,188.5,276.1,191.5,281.5,196.5,272.7,197.5,279.5,209.5,276.0,207.0,281.0,223.2,282.3,221.5,286.5,236.3,289.2,239.5,294.5,276.8,294.9,277.5,299.5,294.3,292.0,300.0,298.0,309.8,291.3,318.5,297.5,325.2,293.6,333.0,299.5,339.6,300.5,344.5,303.5,254.5,311.1,256.1666666666667,307.8333333333333,252.5,324.9,255.4,326.8,250.1,338.9,251.42857142857142,341.42857142857144,247.6,353.5,243.25,354.0,232.5,355.5,226.15384615384616,354.0,241.1,361.7,235.66666666666666,362.25,250.3,366.0,246.13333333333333,369.2,260.3,364.2,268.0833333333333,368.4166666666667,269.7,362.9,280.27272727272725,360.90909090909093,203.0,296.8,203.5,296.3333333333333,212.1,296.3,210.8,294.2,223.1,297.7,228.25,298.0,233.0,303.6,237.88888888888889,306.6666666666667,222.1,304.4,225.5,307.5,212.0,302.5,209.6,304.0,289.0,312.4,287.57142857142856,314.7142857142857,299.3,310.1,299.5,308.75,311.0,311.9,318.2,310.2,321.6,315.5,328.57142857142856,315.7142857142857,311.0,317.9,313.3333333333333,320.0,299.7,316.7,295.3333333333333,317.0,219.7,375.9,224.85714285714286,376.2857142857143,229.9,375.8,230.75,376.75,241.1,377.6,241.5,379.5,249.9,381.8,252.0,381.0,261.3,381.1,265.0,383.0,277.0,383.3,282.6666666666667,384.0,292.3,387.4,299.0,384.8,276.9,398.3,285.0,394.25,260.9,403.6,265.5,394.5,248.8,402.6,254.0,401.0,239.0,399.5,239.25,395.0,228.8,390.6,230.0,386.0,225.1,377.9,233.22222222222223,378.8888888888889,240.0,384.6,239.0,381.3333333333333,249.4,387.7,251.5,385.0,260.7,388.6,269.6,390.8,286.6,387.5,290.2,387.2,260.6,392.5,275.0,390.0,249.2,391.5,254.0,390.5,239.9,388.0,241.25,388.0
118,194.9,279.2,198.5,283.5,203.3,274.6,203.5,281.5,217.5,277.7,214.0,282.5,232.4,284.5,229.0,288.0,246.9,292.4,247.5,296.0,285.1,297.8,286.5,301.5,303.5,294.5,308.0,299.5,320.4,293.9,327.0,299.5,337.1,296.5,342.0,301.5,351.7,304.2,352.5,305.5,264.3,313.3,264.8333333333333,309.3333333333333,262.1,327.2,264.2,328.8,259.6,341.4,260.2857142857143,343.57142857142856,257.0,356.2,252.0,356.25,240.5,357.8,234.15384615384616,356.3076923076923,249.4,364.1,244.16666666666666,364.3333333333333,259.0,368.7,254.93333333333334,371.3333333333333,269.4,367.0,276.5833333333333,370.5,279.1,365.6,289.0,363.1818181818182,210.2,298.9,210.33333333333334,298.1666666666667,219.9,298.4,218.0,295.8,231.2,299.8,235.75,300.0,241.4,305.8,245.55555555555554,308.22222222222223,230.1,306.6,232.75,309.25,219.6,304.6,216.4,305.4,298.8,314.7,295.85714285714283,316.42857142857144,309.9,312.4,307.5,310.75,321.9,314.4,326.8,312.2,332.6,318.2,336.85714285714283,317.7142857142857,321.6,320.4,321.8333333333333,321.8333333333333,310.0,319.1,304.0,318.6666666666667,225.7,377.5,231.57142857142858,379.14285714285717,237.0,377.8,237.75,379.75,248.6,380.0,249.5,382.5,258.1,384.3,260.0,384.0,270.2,383.6,273.0,386.0,286.2,386.0,289.6666666666667,387.0,301.9,390.1,305.2,387.8,285.7,400.8,291.75,396.75,269.0,406.1,272.5,397.0,256.2,405.1,261.3333333333333,403.0,245.8,401.9,246.25,397.5,235.2,392.6,236.0,388.0,231.1,379.6,240.33333333333334,381.55555555555554,247.5,387.1,246.0,384.3333333333333,257.5,390.3,259.0,388.0,269.5,391.2,276.8,393.6,296.0,390.0,296.4,389.9,269.2,394.6,282.0,392.25,257.0,393.6,261.5,392.5,247.1,390.1,248.25,390.0
119,202.5,281.1,207.5,285.5,210.9,276.1,213.5,283.0,225.3,279.1,224.0,284.5,240.5,285.9,239.0,289.5,255.2,293.9,257.5,298.0,294.7,299.8,296.0,303.0,313.4,296.4,318.0,301.5,330.4,295.7,336.0,300.5,347.2,298.4,351.0,303.0,361.7,306.2,361.0,307.5,273.4,315.2,274.3333333333333,311.3333333333333,271.2,329.1,273.8,330.8,268.7,343.1,270.0,345.7142857142857,266.1,357.7,262.25,358.5,249.2,359.9,244.07692307692307,358.7692307692308,258.3,366.0,254.16666666666666,366.9166666666667,267.9,370.6,264.73333333333335,373.73333333333335,278.4,368.7,286.0833333333333,372.9166666666667,288.2,367.2,298.09090909090907,365.54545454545456,218.5,300.9,219.83333333333334,300.5,228.4,300.4,227.8,298.0,239.9,301.9,245.25,302.0,250.4,307.8,255.0,310.55555555555554,238.9,308.6,242.25,311.5,228.2,306.7,226.2,308.0,307.5,316.8,304.7142857142857,318.42857142857144,318.9,314.5,316.5,312.75,331.1,316.6,335.4,314.0,341.9,320.2,345.2857142857143,319.7142857142857,330.7,322.6,330.3333333333333,323.8333333333333,318.9,321.2,312.6666666666667,320.6666666666667,234.3,379.9,240.28571428571428,380.57142857142856,246.0,380.4,247.0,381.5,257.9,382.4,258.5,385.0,267.3,386.6,269.0,386.0,279.2,385.8,282.0,388.0,295.0,388.1,299.0,389.0,310.5,391.7,314.8,389.8,294.4,402.9,300.75,398.5,278.1,408.4,282.0,399.0,265.5,407.6,271.0,405.0,255.2,404.5,255.75,399.75,244.2,395.4,245.0,390.0,239.9,382.0,249.33333333333334,383.44444444444446,256.8,389.4,255.33333333333334,386.0,266.7,392.5,268.25,390.0,278.5,393.2,286.4,395.6,304.4,391.8,306.2,391.7,278.2,396.8,291.25,394.25,266.3,396.0,271.0,395.0,256.4,392.6,257.75,392.25
120,210.0,282.4,215.0,286.0,218.8,277.5,221.5,283.5,233.4,280.5,232.0,285.0,248.4,287.1,247.0,290.5,263.0,294.8,266.0,298.0,304.1,301.0,304.5,303.5,322.7,297.7,326.5,302.0,339.7,297.1,345.0,301.5,356.3,299.9,359.0,304.0,370.7,307.7,369.5,308.5,281.9,316.0,282.6666666666667,312.0,279.7,330.6,282.6,331.8,277.2,345.3,278.85714285714283,346.7142857142857,274.5,360.5,271.0,359.25,257.0,361.9,252.6153846153846,359.7692307692308,266.2,368.2,262.8333333333333,367.6666666666667,276.0,372.9,273.46666666666664,374.4,286.7,370.9,294.5833333333333,373.75,296.8,369.2,306.54545454545456,366.54545454545456,225.7,302.1,226.83333333333334,301.8333333333333,235.8,301.4,235.2,299.2,247.6,302.8,252.75,303.0,258.4,309.0,262.6666666666667,311.6666666666667,246.6,309.7,249.75,312.5,235.6,308.0,233.4,309.0,315.9,318.2,313.14285714285717,319.57142857142856,327.9,315.7,324.75,313.75,340.1,317.9,343.8,315.2,351.1,321.7,353.42857142857144,321.14285714285717,339.7,324.1,338.8333333333333,325.3333333333333,327.7,322.6,321.3333333333333,322.0,241.6,381.4,247.85714285714286,382.7142857142857,253.8,382.2,255.0,383.5,265.8,384.3,266.5,386.5,275.5,388.4,277.0,388.0,287.8,387.7,290.0,390.0,303.5,389.9,306.3333333333333,391.0,318.8,393.4,321.0,391.8,302.9,404.2,308.0,400.0,286.7,409.7,290.0,400.0,273.7,408.9,278.3333333333333,406.6666666666667,263.2,405.9,263.25,401.0,252.0,396.8,253.0,392.0,247.2,383.7,257.1111111111111,385.0,264.7,391.2,263.3333333333333,388.0,274.9,394.3,276.25,392.0,287.1,395.0,293.8,397.4,312.8,393.5,312.9,393.3,286.9,398.0,298.75,395.25,274.6,397.2,279.0,396.5,264.4,393.7,265.25,393.5
121,216.9,282.2,222.0,286.5,226.7,277.8,228.5,284.5,241.6,280.9,240.0,285.5,256.6,287.6,255.0,291.5,271.0,295.4,274.5,299.0,313.7,302.1,313.5,305.0,332.3,298.6,335.0,303.0,349.1,297.7,354.0,302.5,365.6,300.2,368.0,305.0,379.7,307.6,377.5,309.5,290.6,317.0,291.1666666666667,313.1666666666667,288.7,330.9,291.0,332.8,286.4,345.0,287.57142857142856,348.2857142857143,284.0,359.7,280.0,361.0,265.5,362.4,260.84615384615387,361.15384615384613,275.1,368.4,271.5,369.5833333333333,285.1,372.9,282.26666666666665,376.4,295.9,370.8,303.3333333333333,375.5,306.2,369.0,315.3636363636364,368.09090909090907,232.3,303.0,234.66666666666666,302.1666666666667,242.6,302.3,242.8,299.8,254.5,303.7,260.75,304.0,265.6,309.6,270.6666666666667,312.55555555555554,253.6,310.5,257.5,313.5,242.5,308.8,240.8,309.6,324.6,319.2,321.42857142857144,320.57142857142856,336.5,316.7,333.5,314.75,348.9,318.8,352.4,316.0,359.9,322.4,361.85714285714283,321.7142857142857,348.4,324.8,347.3333333333333,326.3333333333333,336.4,323.4,329.3333333333333,323.0,249.4,382.8,255.57142857142858,383.42857142857144,262.6,383.7,262.75,384.5,275.2,385.4,275.5,388.0,285.0,389.2,286.0,389.0,297.0,388.3,299.0,391.0,313.1,390.5,315.0,392.0,328.7,393.7,329.8,392.8,312.7,404.8,316.5,400.75,296.4,410.5,298.0,401.0,283.6,410.0,287.0,407.3333333333333,273.0,407.3,272.0,402.0,261.1,398.3,261.0,393.0,255.3,385.1,265.3333333333333,386.0,274.2,392.6,271.3333333333333,389.0,284.4,395.3,285.0,393.0,296.4,395.8,302.2,398.8,322.5,394.0,321.4,394.1,296.4,398.7,307.25,396.25,284.3,398.1,287.5,397.5,274.0,394.9,274.0,394.5
122,230.8,282.9,233.0,287.5,241.6,279.4,240.0,285.0,256.0,282.5,251.0,286.0,270.3,288.7,266.5,291.5,283.6,296.0,285.0,299.0,324.2,302.2,323.5,304.5,342.2,298.8,345.0,303.0,358.6,298.0,363.0,303.0,374.8,301.0,377.0,306.0,388.7,308.8,386.5,311.0,301.7,316.8,301.6666666666667,312.8333333333333,299.4,331.5,301.2,332.0,296.7,346.4,297.85714285714283,347.0,294.0,361.8,290.25,359.25,274.6,363.3,270.84615384615387,360.15384615384613,284.1,369.6,281.5,368.1666666666667,294.3,374.4,291.8666666666667,374.6666666666667,305.7,372.2,312.6666666666667,374.25,316.3,370.3,324.45454545454544,367.27272727272725,245.1,303.8,244.83333333333334,303.0,255.6,303.2,253.8,300.2,267.0,304.7,271.0,304.0,277.5,310.6,280.77777777777777,312.8888888888889,265.9,311.0,267.75,314.0,255.0,309.3,251.0,310.0,333.5,320.1,331.0,321.14285714285717,345.3,317.6,342.75,315.5,357.1,319.6,361.4,317.0,367.8,323.4,371.0,323.0,356.7,325.4,356.6666666666667,327.1666666666667,345.1,324.0,339.3333333333333,323.6666666666667,257.2,381.7,264.14285714285717,383.14285714285717,270.8,383.3,271.5,383.75,284.0,385.5,284.5,387.0,293.9,389.7,295.0,389.0,306.5,389.1,308.0,390.5,322.7,391.3,324.3333333333333,391.3333333333333,338.3,394.3,339.0,392.6,321.7,406.1,325.75,401.5,304.9,411.9,307.0,401.5,291.7,411.3,296.0,408.3333333333333,280.7,408.0,280.25,402.0,268.6,398.2,269.0,393.0,262.7,384.4,274.0,385.6666666666667,282.7,392.4,280.0,388.3333333333333,293.2,395.6,293.75,392.25,305.6,396.2,311.6,398.0,332.6,394.7,330.6,394.5,305.3,400.0,316.25,397.25,292.7,399.2,296.5,397.5,282.1,395.7,282.25,395.0
123,239.2,282.7,241.0,288.5,251.0,279.2,248.5,286.0,265.9,282.5,260.0,287.0,280.3,288.6,275.0,291.5,293.7,296.0,294.0,299.0,332.7,301.8,332.0,304.5,350.8,298.4,353.5,302.5,367.4,297.6,371.5,302.5,384.0,300.5,385.0,305.5,398.1,308.5,394.5,310.5,311.0,316.0,310.3333333333333,312.8333333333333,308.7,331.1,310.4,332.0,306.2,346.5,307.0,347.14285714285717,303.6,362.2,299.5,359.5,283.3,363.2,280.0,360.6923076923077,292.9,369.5,290.75,368.3333333333333,303.4,374.5,301.26666666666665,375.26666666666665,315.0,372.1,321.5833333333333,374.5,325.8,370.2,333.3636363636364,367.45454545454544,253.1,303.4,253.5,303.6666666666667,263.9,302.7,261.8,301.0,275.5,304.2,279.75,304.75,286.1,310.3,289.1111111111111,312.8888888888889,274.3,310.6,275.75,314.25,263.3,308.9,259.8,310.6,342.2,319.7,339.2857142857143,321.0,354.4,317.1,350.75,315.0,366.2,319.1,369.4,316.6,376.9,322.9,379.0,322.7142857142857,365.7,324.9,365.0,326.6666666666667,354.2,323.5,347.3333333333333,323.6666666666667,265.4,381.3,272.42857142857144,383.42857142857144,279.6,383.2,280.5,384.0,293.0,385.3,293.0,387.0,303.0,389.4,304.0,389.0,315.6,388.6,316.5,390.5,331.6,391.0,332.3333333333333,391.3333333333333,347.1,393.7,346.0,392.8,330.5,405.7,333.25,401.25,313.9,411.5,315.5,401.5,300.7,411.1,304.0,408.3333333333333,289.6,407.8,289.0,402.25,277.3,398.1,278.0,393.0,270.9,384.1,282.8888888888889,386.1111111111111,291.6,391.9,289.0,388.6666666666667,302.2,395.1,302.5,392.25,314.7,395.5,319.6,398.2,341.4,394.3,338.3,394.7,314.3,399.5,324.0,397.0,301.7,398.8,305.0,397.5,291.1,395.4,291.0,395.0
124,248.7,281.0,250.5,286.0,261.2,277.3,258.0,283.5,276.4,280.4,270.0,284.0,291.0,286.4,285.5,288.5,304.3,294.0,304.0,296.0,343.0,299.9,342.5,301.5,360.7,296.6,364.0,300.0,376.9,295.9,382.0,300.5,393.4,298.7,396.0,303.5,407.3,306.7,405.0,308.5,321.4,314.2,320.6666666666667,310.3333333333333,318.9,329.8,320.4,329.8,316.2,345.6,317.14285714285717,345.14285714285717,313.5,361.7,309.5,357.5,292.6,361.9,289.46153846153845,358.6923076923077,302.2,368.4,300.1666666666667,366.6666666666667,312.7,373.6,311.0,373.4,324.5,371.3,331.4166666666667,373.0,335.4,369.2,343.27272727272725,365.72727272727275,262.9,301.5,262.5,301.3333333333333,273.8,300.8,271.4,298.2,285.2,302.4,289.0,302.0,295.4,308.6,298.6666666666667,310.8888888888889,283.8,308.7,284.75,311.75,272.9,306.9,268.8,308.2,351.8,318.2,349.2857142857143,319.0,363.7,315.4,360.75,312.75,375.3,317.4,379.6,314.4,385.7,321.4,389.0,320.85714285714283,374.8,323.2,374.8333333333333,324.6666666666667,363.5,321.8,357.3333333333333,321.6666666666667,273.5,379.2,280.2857142857143,381.42857142857144,288.2,381.3,288.25,382.0,302.0,383.6,302.0,385.5,312.0,387.7,313.0,387.0,324.6,387.1,326.0,389.0,340.5,389.5,342.0,390.3333333333333,356.0,392.2,356.0,390.8,339.2,403.7,343.0,400.75,322.6,409.3,325.0,401.0,309.3,408.9,313.0,408.0,298.2,405.7,297.0,402.0,285.6,396.1,286.0,392.0,279.1,382.0,290.77777777777777,384.22222222222223,300.6,390.2,297.0,387.0,311.2,393.4,311.5,391.0,323.7,393.8,328.8,397.2,350.3,392.9,347.9,393.5,323.3,397.4,333.75,396.5,310.6,396.9,314.0,397.5,300.0,393.6,299.25,394.25
125,256.5,279.2,258.0,284.5,269.0,275.1,266.0,281.5,284.6,278.0,278.0,282.5,299.5,284.3,293.5,287.0,313.1,292.3,313.0,294.0,351.9,298.4,351.5,299.5,369.7,294.9,373.0,298.0,386.2,294.1,390.5,298.0,402.9,296.8,404.0,301.0,416.9,304.9,413.0,306.0,330.5,312.1,330.0,308.1666666666667,328.1,327.4,330.2,327.8,325.5,342.9,327.42857142857144,342.85714285714283,322.9,358.7,320.5,355.25,301.5,359.2,299.2307692307692,356.84615384615387,311.2,365.6,310.5833333333333,364.4166666666667,321.8,370.8,321.6,371.1333333333333,333.7,368.5,341.8333333333333,370.4166666666667,344.6,366.4,353.3636363636364,363.45454545454544,271.6,299.4,270.8333333333333,299.8333333333333,282.7,298.7,279.8,296.8,294.0,300.2,297.75,300.0,304.4,306.4,307.3333333333333,308.8888888888889,292.8,306.3,293.75,310.25,281.8,304.5,276.8,306.6,360.6,316.0,358.2857142857143,316.85714285714283,372.6,313.2,369.5,310.5,384.1,315.2,388.0,312.0,394.6,319.3,397.2857142857143,318.42857142857144,383.6,320.9,383.6666666666667,322.3333333333333,372.3,319.4,366.3333333333333,319.6666666666667,282.1,377.1,290.2857142857143,380.42857142857144,297.1,378.9,298.5,381.0,311.2,381.1,312.5,384.0,321.1,385.0,324.0,385.0,333.7,384.5,336.5,387.0,349.4,387.0,351.6666666666667,388.0,364.9,390.0,365.2,388.8,348.1,401.3,352.75,397.75,331.7,406.9,335.0,398.0,318.5,406.5,323.6666666666667,405.3333333333333,307.4,403.4,307.25,399.75,294.5,394.0,296.0,390.0,287.7,379.8,300.8888888888889,383.0,309.8,387.6,307.3333333333333,385.6666666666667,320.4,390.7,321.75,389.0,332.9,391.0,339.0,395.2,359.2,390.6,357.3,391.0,332.5,394.8,344.0,393.5,319.9,394.4,324.0,394.5,309.2,391.3,309.75,392.0
126,264.8,276.4,267.0,279.5,277.4,271.6,275.0,277.0,293.1,274.0,288.0,278.0,308.1,280.3,303.5,282.5,321.9,288.4,323.5,290.0,362.5,294.8,362.0,296.0,380.1,291.3,383.5,294.5,396.2,290.4,401.0,294.5,412.5,293.1,413.5,297.0,425.5,301.4,422.0,302.0,340.4,307.9,340.0,303.8333333333333,337.9,323.2,340.4,323.0,335.3,338.6,338.14285714285717,338.14285714285717,332.6,354.4,331.25,350.5,310.7,355.3,308.53846153846155,352.2307692307692,320.6,361.6,320.5833333333333,360.0833333333333,331.2,366.8,331.6666666666667,366.53333333333336,342.9,364.6,351.75,366.1666666666667,353.8,362.3,363.27272727272725,358.90909090909093,280.5,296.0,279.0,295.0,291.7,295.0,288.4,292.0,303.2,296.5,306.25,296.0,313.5,302.8,316.0,304.1111111111111,301.9,302.7,301.75,305.25,290.8,300.9,285.2,302.0,369.7,312.2,367.85714285714283,312.2857142857143,381.8,309.4,379.25,306.5,393.4,311.4,397.6,307.8,403.7,315.7,406.42857142857144,313.85714285714283,392.9,317.2,392.6666666666667,317.8333333333333,381.5,315.6,375.6666666666667,314.6666666666667,290.0,373.8,297.7142857142857,376.85714285714283,305.5,375.1,306.75,377.0,320.0,377.2,321.5,380.0,330.1,381.1,333.0,381.0,342.6,380.5,345.5,383.0,358.2,383.3,360.0,383.6666666666667,373.4,386.7,372.8,384.8,356.7,397.9,360.25,394.25,340.3,403.3,343.5,394.0,327.2,402.9,331.6666666666667,401.6666666666667,316.0,400.0,315.5,396.25,302.6,390.7,304.0,387.0,295.6,376.4,309.3333333333333,378.77777777777777,318.7,383.9,315.6666666666667,381.6666666666667,329.3,386.9,330.5,385.75,341.7,387.2,347.2,391.4,367.6,387.3,364.7,387.0,341.3,391.2,351.75,389.25,328.7,390.8,333.0,390.5,318.0,387.8,318.5,387.75
127,272.1,272.2,276.0,275.5,285.3,266.9,284.0,272.5,301.7,268.9,297.0,273.5,317.0,275.1,313.5,278.5,331.3,283.4,333.0,285.0,371.7,289.6,371.0,290.5,388.8,286.3,392.0,289.0,404.7,285.4,409.0,289.0,420.8,287.7,421.5,291.5,433.4,296.0,429.0,296.0,350.0,302.3,349.5,298.8333333333333,347.4,318.0,350.2,317.8,344.7,333.7,348.14285714285717,333.0,342.1,349.9,341.5,345.25,319.5,350.4,318.15384615384613,347.3076923076923,329.4,356.7,330.4166666666667,355.0,340.2,362.0,341.93333333333334,361.3333333333333,352.0,359.7,361.5833333333333,360.5833333333333,362.8,357.2,372.90909090909093,353.45454545454544,288.6,291.2,287.6666666666667,290.6666666666667,300.0,289.9,297.0,287.6,311.6,291.4,315.0,291.0,321.8,297.8,324.55555555555554,299.3333333333333,310.1,297.7,310.75,300.75,299.0,295.9,294.0,297.4,378.5,307.0,376.14285714285717,306.7142857142857,390.6,304.0,387.25,301.0,402.2,306.0,405.2,302.2,412.2,310.6,413.85714285714283,308.2857142857143,401.5,311.9,400.6666666666667,312.1666666666667,390.2,310.3,384.3333333333333,309.0,298.0,369.5,305.85714285714283,372.42857142857144,314.0,370.3,315.5,372.5,328.8,372.2,331.0,374.0,338.8,375.9,343.0,376.0,351.2,375.2,354.5,377.0,366.2,378.1,368.6666666666667,378.3333333333333,380.8,382.0,380.2,379.8,364.7,392.3,368.25,389.0,348.9,397.6,352.0,389.5,335.9,397.5,340.6666666666667,397.0,324.7,394.7,323.75,391.75,311.0,386.1,312.0,382.0,303.6,371.9,317.8888888888889,374.3333333333333,327.6,378.7,324.3333333333333,377.0,338.1,381.5,339.5,380.0,350.4,381.7,355.8,386.0,375.1,382.5,372.6,381.9,350.1,385.6,360.0,384.25,337.5,385.5,342.0,385.5,326.8,382.9,326.75,383.25
128,279.5,266.5,283.5,269.0,293.4,261.5,292.0,266.5,309.7,263.4,305.0,267.0,324.9,269.0,321.0,271.5,339.1,277.0,341.0,279.0,381.1,283.1,379.0,284.5,397.8,280.0,399.5,282.5,413.1,279.1,416.5,282.5,428.7,281.1,429.0,284.5,441.0,288.9,436.5,289.0,358.6,296.0,357.1666666666667,292.8333333333333,356.1,311.9,358.0,312.0,353.6,327.9,355.85714285714283,327.0,351.2,344.2,349.5,339.75,327.8,345.0,326.15384615384613,341.46153846153845,337.9,351.2,338.25,349.1666666666667,348.8,356.4,349.6,355.6666666666667,360.7,354.0,369.0,354.75,371.4,351.3,379.90909090909093,347.45454545454544,296.0,286.2,295.3333333333333,285.0,307.6,284.6,305.0,281.8,319.2,286.1,322.25,285.0,329.5,292.5,332.3333333333333,293.77777777777777,317.8,292.2,318.75,295.25,306.6,290.5,301.8,292.0,386.1,301.1,383.2857142857143,300.85714285714283,398.2,297.9,394.75,295.0,409.6,299.8,412.8,296.0,419.5,304.6,420.85714285714283,301.85714285714283,409.1,305.6,407.6666666666667,306.1666666666667,397.9,304.0,391.3333333333333,303.0,304.6,364.0,312.42857142857144,365.7142857142857,321.8,364.9,322.5,365.75,337.5,366.7,338.0,368.0,347.3,370.2,350.0,370.0,359.4,369.3,362.0,371.0,374.3,372.1,376.3333333333333,372.3333333333333,389.1,375.7,387.8,372.8,372.8,386.5,375.75,383.25,357.2,391.9,359.0,384.0,344.5,392.0,347.6666666666667,391.3333333333333,333.5,389.6,330.75,385.75,318.6,381.2,319.0,376.0,310.2,366.4,324.6666666666667,368.1111111111111,336.4,373.1,331.0,370.3333333333333,346.7,375.6,346.75,374.0,358.7,375.6,363.2,379.8,383.5,376.6,379.9,375.5,358.4,379.8,367.25,378.5,346.1,380.0,349.0,380.0,335.6,377.8,333.5,377.75
129,286.6,261.2,291.5,263.5,301.2,255.8,300.0,260.5,318.0,257.6,313.0,261.0,333.6,263.1,329.5,265.5,347.9,271.1,349.0,273.0,389.3,276.9,387.0,278.0,405.3,273.5,407.0,276.5,420.3,272.4,423.5,275.5,435.6,274.3,435.5,278.5,447.4,282.4,442.5,283.0,367.3,288.8,365.1666666666667,286.8333333333333,364.9,305.2,366.8,305.0,362.6,321.5,364.42857142857144,320.0,360.3,338.2,358.5,332.5,336.3,338.6,334.46153846153845,334.84615384615387,346.3,344.7,347.1666666666667,342.0833333333333,357.2,349.8,358.2,348.46666666666664,368.9,347.7,376.9166666666667,347.5,379.3,345.0,387.54545454545456,340.45454545454544,303.5,280.2,303.1666666666667,279.1666666666667,315.3,278.4,313.0,275.8,326.8,279.8,330.25,279.0,337.0,286.2,340.22222222222223,287.55555555555554,325.5,285.6,326.0,289.25,314.3,284.0,309.4,286.0,393.5,294.6,390.42857142857144,294.57142857142856,405.4,291.3,401.25,288.5,416.6,293.2,419.2,289.8,426.2,298.2,427.14285714285717,295.7142857142857,416.1,298.9,414.3333333333333,300.1666666666667,405.2,297.2,398.3333333333333,297.0,311.9,358.1,320.42857142857144,360.0,329.3,358.3,330.75,359.75,345.2,359.9,346.0,362.0,355.0,363.3,358.0,363.0,367.0,362.6,369.5,365.0,381.2,366.0,383.3333333333333,365.3333333333333,395.0,370.3,394.4,366.8,379.4,380.0,382.5,377.0,364.5,384.8,367.0,377.0,351.8,384.8,355.0,385.0,340.7,382.3,338.5,379.5,325.9,374.4,327.0,370.0,317.5,360.4,332.55555555555554,361.8888888888889,343.9,366.2,339.0,364.3333333333333,354.3,368.7,354.75,367.75,366.3,368.9,370.6,373.4,389.6,371.1,386.7,369.1,365.8,372.8,374.5,372.0,353.5,372.9,357.0,373.5,343.0,370.8,341.5,371.0
130,295.0,254.4,298.5,255.5,309.7,249.0,307.5,252.5,326.1,250.7,321.0,253.0,341.4,255.7,337.0,257.5,355.4,262.8,356.5,265.0,397.8,268.6,394.5,270.5,413.5,265.2,414.5,268.5,428.0,264.4,431.0,268.5,442.7,266.8,442.5,271.0,454.3,275.2,449.5,276.0,374.8,280.6,372.8333333333333,279.1666666666667,372.6,297.6,374.0,298.0,370.4,314.5,371.85714285714283,312.2857142857143,368.2,331.5,366.5,324.75,344.3,331.3,342.53846153846155,327.84615384615387,354.2,337.5,355.1666666666667,334.8333333333333,365.0,342.7,365.8,341.0,376.5,340.5,383.75,340.0833333333333,386.8,338.0,394.0,333.1818181818182,311.6,273.7,310.3333333333333,272.5,323.4,271.7,320.2,269.4,334.8,273.0,337.5,272.5,344.9,278.9,347.3333333333333,280.77777777777777,333.8,278.5,332.75,282.75,322.7,277.1,316.4,279.4,400.7,287.1,397.42857142857144,287.85714285714283,412.1,284.0,408.25,282.25,423.1,285.9,425.8,283.2,432.5,290.9,433.85714285714283,289.42857142857144,422.8,291.5,421.3333333333333,293.3333333333333,412.2,289.8,405.3333333333333,290.6666666666667,320.3,352.2,327.57142857142856,353.7142857142857,337.2,351.7,337.75,353.0,352.6,352.9,354.0,355.0,362.6,356.3,365.0,356.0,374.7,355.9,376.5,357.0,388.3,359.7,389.6666666666667,358.3333333333333,400.8,364.5,399.6,359.8,386.4,373.6,388.5,370.0,372.0,378.0,374.0,370.5,359.2,377.8,362.0,378.3333333333333,348.1,375.1,345.75,373.0,333.8,367.4,334.0,364.0,326.1,354.4,340.3333333333333,355.1111111111111,351.1,359.1,346.6666666666667,357.0,361.7,361.8,362.25,360.25,373.7,362.1,377.2,366.4,395.7,365.2,392.6,362.3,373.2,366.0,380.75,365.5,360.8,365.9,364.0,367.0,350.1,363.6,348.75,364.75
131,302.4,248.6,306.0,249.5,317.4,242.9,315.0,246.5,334.1,244.8,329.0,247.0,349.6,249.7,345.5,251.5,363.7,256.5,365.5,258.5,405.1,262.0,402.0,264.0,420.6,258.5,421.5,262.5,435.0,257.7,438.0,262.5,449.5,260.5,449.5,265.5,460.9,269.4,455.5,270.0,382.4,273.8,380.6666666666667,272.3333333333333,380.5,291.1,382.2,290.6,378.5,308.2,380.2857142857143,305.57142857142856,376.4,325.5,374.5,318.0,352.2,324.6,350.38461538461536,321.0,362.2,330.9,362.9166666666667,328.0,373.1,336.2,373.8666666666667,334.4,384.4,334.0,391.75,333.5833333333333,394.5,331.6,401.54545454545456,326.45454545454544,319.0,267.3,317.8333333333333,266.0,330.9,265.1,328.2,262.8,342.4,266.3,345.25,266.0,352.6,272.4,354.8888888888889,273.6666666666667,341.6,271.9,340.75,275.75,330.4,270.7,324.0,272.4,407.8,280.5,404.2857142857143,280.85714285714283,419.2,277.3,415.25,275.25,430.1,279.2,432.2,276.8,439.3,284.4,440.0,282.7142857142857,429.9,285.0,427.5,286.5,419.3,283.2,411.6666666666667,283.6666666666667,328.4,345.7,335.42857142857144,346.7142857142857,345.3,344.7,345.5,346.5,360.3,345.8,361.0,348.0,370.5,349.3,373.0,349.0,382.8,349.0,384.5,351.0,395.6,352.9,397.0,351.6666666666667,407.1,358.0,406.4,353.8,394.0,365.9,395.5,362.5,380.4,369.8,381.0,363.0,367.5,369.5,369.6666666666667,370.3333333333333,356.2,366.6,353.25,365.0,342.3,359.4,342.0,356.0,334.4,347.7,347.55555555555554,348.22222222222223,358.7,351.8,354.0,351.0,369.5,354.6,369.75,354.0,381.7,355.0,384.2,359.4,402.2,358.5,399.2,355.4,381.4,358.1,387.75,357.5,368.8,357.9,371.5,359.0,357.8,355.3,356.5,356.75
132,310.1,244.1,314.5,243.5,325.3,237.6,324.0,240.0,342.4,238.9,338.0,240.0,358.6,243.3,355.0,244.5,373.5,249.7,374.5,251.0,414.1,254.8,411.5,256.0,429.2,251.5,430.5,254.5,443.1,250.9,446.5,254.5,456.9,254.0,457.5,257.5,467.7,263.4,463.5,263.0,391.4,267.2,390.5,265.1666666666667,389.8,284.8,392.4,283.6,388.1,302.3,390.57142857142856,298.14285714285717,386.3,319.8,385.5,311.0,361.1,318.5,360.3076923076923,314.2307692307692,371.4,324.8,373.0,321.4166666666667,382.6,330.3,384.06666666666666,327.73333333333335,393.7,328.0,401.5,326.6666666666667,403.6,325.7,411.27272727272725,319.8181818181818,326.6,261.8,326.6666666666667,260.6666666666667,338.8,259.6,337.2,257.4,350.4,260.8,354.25,260.5,361.0,266.8,363.55555555555554,267.6666666666667,349.8,266.3,349.5,269.75,338.5,265.1,332.4,266.8,415.9,274.7,413.0,274.2857142857143,427.5,271.7,423.75,269.25,438.3,273.5,440.2,270.6,447.3,278.6,448.0,276.7142857142857,438.3,279.3,436.5,280.1666666666667,427.7,277.5,420.3333333333333,277.0,336.4,339.4,343.42857142857144,340.14285714285717,353.8,338.0,354.0,339.25,369.0,338.9,370.5,340.0,379.6,342.5,383.0,341.0,392.1,342.2,393.5,343.0,404.3,346.5,406.0,343.6666666666667,414.8,352.0,414.6,346.2,402.5,359.9,404.25,355.5,389.5,363.8,390.0,355.5,376.4,363.5,379.0,363.6666666666667,364.7,360.5,362.25,358.5,350.5,353.3,350.0,349.0,342.6,341.4,356.44444444444446,341.1111111111111,367.2,345.1,362.3333333333333,343.0,378.3,348.0,378.75,346.0,390.8,348.5,393.8,351.8,410.1,352.4,407.9,348.1,390.3,352.0,397.0,350.5,377.5,351.8,381.0,352.0,366.1,349.1,365.5,349.75
133,319.0,238.1,323.5,237.5,335.0,232.3,333.0,234.0,352.2,233.9,347.0,234.0,368.5,238.3,364.5,237.5,383.3,244.4,384.5,244.5,422.6,248.8,420.5,250.0,437.6,245.5,439.5,248.5,451.3,245.0,455.0,248.5,465.0,248.3,465.5,252.0,475.8,257.9,471.5,257.0,400.0,262.6,399.6666666666667,259.0,398.7,280.1,401.4,277.0,397.4,297.6,400.0,291.85714285714283,395.9,315.0,395.0,304.25,370.2,313.2,369.6923076923077,307.9230769230769,380.8,319.7,382.6666666666667,314.75,392.2,325.2,393.4,320.93333333333334,403.2,322.7,410.4166666666667,320.0,412.9,320.4,419.72727272727275,313.09090909090907,334.2,257.4,335.5,255.33333333333334,346.5,255.5,346.2,251.8,358.1,256.7,363.25,254.75,368.8,262.1,372.3333333333333,261.8888888888889,357.7,261.9,358.0,264.0,346.5,260.8,341.4,261.2,424.4,269.5,422.0,268.2857142857143,435.4,266.8,432.25,263.75,446.0,268.7,448.6,265.2,455.0,273.3,456.2857142857143,271.14285714285717,446.2,274.0,444.5,274.6666666666667,435.9,272.4,429.3333333333333,271.6666666666667,345.1,334.0,352.57142857142856,334.14285714285717,363.8,332.4,363.25,333.25,379.3,333.2,380.0,335.0,389.5,336.5,392.0,335.0,401.5,336.1,402.5,337.0,413.1,340.1,414.0,338.3333333333333,423.0,345.6,422.6,340.8,411.4,353.6,412.25,349.0,399.1,357.6,399.0,349.0,386.7,357.4,387.6666666666667,356.6666666666667,375.4,354.6,371.25,351.75,360.7,347.7,359.0,343.0,351.6,336.0,365.44444444444446,335.0,377.3,339.5,372.0,337.0,388.1,342.1,387.75,340.25,400.0,342.5,402.0,345.8,418.5,346.0,415.9,341.9,399.7,345.8,405.25,344.25,387.5,345.7,389.5,345.5,376.4,343.2,374.5,343.5
134,330.3,232.6,334.5,232.5,346.5,226.9,345.0,229.0,363.6,228.6,359.0,229.0,379.7,233.1,376.0,232.5,394.3,239.4,395.5,239.5,432.5,243.6,431.0,245.5,447.1,240.2,449.5,244.0,460.3,239.7,464.5,244.5,473.7,243.2,474.5,247.5,484.3,253.0,480.0,253.0,410.3,257.5,410.5,253.83333333333334,409.1,275.4,412.2,271.8,408.0,293.2,410.7142857142857,286.0,406.6,310.9,406.0,298.25,380.7,308.4,379.7692307692308,302.38461538461536,391.4,315.0,392.75,308.9166666666667,402.8,320.5,403.6,315.0,413.4,317.9,420.25,314.5833333333333,422.9,315.5,429.3636363636364,308.0,344.8,251.9,345.8333333333333,250.16666666666666,357.3,250.0,356.4,246.6,368.8,251.3,373.5,249.5,379.2,256.7,382.6666666666667,256.77777777777777,368.4,256.5,368.0,259.0,357.3,255.3,351.4,256.0,434.0,264.2,431.85714285714283,263.2857142857143,444.7,261.4,441.5,258.75,454.9,263.2,457.8,260.4,463.7,267.7,465.14285714285717,266.2857142857143,455.3,268.5,453.3333333333333,269.8333333333333,445.3,266.9,438.6666666666667,266.6666666666667,354.7,329.4,361.42857142857144,329.42857142857144,374.5,327.6,372.5,328.25,390.6,328.1,389.5,329.0,400.3,331.3,401.0,330.0,411.5,330.7,411.0,332.0,422.5,334.7,422.3333333333333,333.6666666666667,431.4,340.4,429.4,336.2,420.6,349.5,419.75,343.75,409.2,353.7,407.0,343.0,397.7,353.7,395.6666666666667,351.0,386.9,351.1,380.25,346.25,371.5,344.2,368.0,338.0,361.4,331.5,374.55555555555554,329.77777777777777,388.5,334.7,380.6666666666667,332.6666666666667,398.7,337.2,396.5,335.25,409.9,337.3,410.0,341.0,427.0,340.9,423.2,337.6,409.5,341.5,413.0,338.5,398.2,341.4,398.0,339.5,387.7,339.0,383.5,337.5
135,340.3,227.8,344.0,227.5,356.8,222.4,355.0,224.0,373.8,224.0,369.5,224.0,390.0,228.4,387.0,227.5,404.9,234.7,406.0,234.5,443.1,238.8,441.0,240.0,457.3,235.5,459.5,239.0,470.2,235.0,474.0,239.5,483.0,238.6,483.5,242.5,492.9,248.3,488.0,248.5,420.8,252.8,420.6666666666667,248.66666666666666,419.7,270.7,422.2,266.6,418.7,288.5,421.2857142857143,281.0,417.4,306.2,416.0,292.75,391.3,303.6,389.7692307692308,297.0,401.9,310.2,402.9166666666667,303.4166666666667,413.1,315.7,413.6666666666667,309.46666666666664,423.4,313.1,429.5,309.4166666666667,432.6,310.5,438.54545454545456,303.09090909090907,355.2,246.6,355.5,244.66666666666666,367.7,244.7,366.4,241.2,379.0,245.9,383.5,243.75,389.0,251.4,392.6666666666667,251.77777777777777,378.7,251.2,378.0,254.0,367.8,249.9,361.4,250.8,443.7,258.9,440.85714285714283,258.7142857142857,454.0,256.0,450.25,253.75,463.9,257.7,466.6,255.2,472.3,262.2,473.2857142857143,261.7142857142857,464.3,262.9,462.1666666666667,265.1666666666667,454.7,261.5,447.6666666666667,261.6666666666667,363.6,324.2,370.14285714285717,324.0,384.1,322.6,381.5,322.75,400.6,323.2,398.5,323.5,410.2,326.3,410.0,324.0,421.0,325.8,420.0,326.0,431.4,329.6,430.6666666666667,328.6666666666667,439.3,335.2,436.8,332.0,429.1,344.6,427.75,339.75,418.3,349.0,415.0,339.0,407.1,348.9,404.3333333333333,346.6666666666667,396.5,346.4,388.5,341.5,380.8,339.3,376.0,333.0,370.3,326.3,383.3333333333333,324.55555555555554,398.3,329.8,389.6666666666667,326.6666666666667,408.4,332.2,405.5,329.5,419.2,332.4,418.2,335.6,435.2,335.8,430.6,333.0,418.6,336.8,421.0,334.25,407.7,336.6,407.0,335.0,397.3,334.3,392.25,332.75
136,350.8,223.8,354.0,223.5,367.3,218.5,365.0,220.0,384.0,219.9,380.0,219.5,400.1,224.5,397.0,223.5,415.0,231.1,417.0,231.0,451.9,235.3,451.5,236.5,465.5,232.0,469.5,235.5,477.9,231.6,482.5,236.0,490.4,235.4,492.0,239.5,499.7,244.9,495.5,245.0,430.9,249.0,431.0,245.33333333333334,430.3,266.2,432.8,263.2,429.8,283.2,431.85714285714283,277.14285714285717,428.9,300.4,427.0,289.0,402.7,299.4,400.46153846153845,293.15384615384613,412.9,305.7,413.6666666666667,299.5833333333333,423.5,310.9,423.8666666666667,305.3333333333333,433.0,308.5,438.8333333333333,305.6666666666667,441.6,306.3,447.3636363636364,299.45454545454544,366.3,242.7,365.3333333333333,240.16666666666666,378.6,240.9,376.4,236.2,389.5,242.2,393.5,239.5,399.0,247.5,402.22222222222223,248.0,389.3,247.4,387.25,250.25,378.7,246.1,370.6,247.0,451.9,255.2,449.2857142857143,255.14285714285714,462.0,252.5,459.25,249.25,471.6,254.2,475.0,250.6,479.5,258.8,481.2857142857143,257.7142857142857,471.8,259.5,470.8333333333333,262.0,462.6,258.0,456.3333333333333,258.6666666666667,372.4,319.6,379.14285714285717,320.7142857142857,393.7,318.5,391.25,319.0,410.6,319.3,408.5,320.0,419.9,322.5,419.0,321.0,430.2,322.0,428.5,323.0,440.0,325.8,438.3333333333333,325.0,447.2,331.2,443.2,329.2,437.5,340.9,435.25,336.5,427.3,345.0,424.0,335.5,416.7,344.8,413.3333333333333,343.0,406.3,342.2,397.75,338.0,390.2,334.9,385.0,329.0,378.9,321.7,393.0,321.0,408.1,326.0,399.0,323.0,418.0,328.4,414.5,325.5,428.3,328.7,426.2,332.2,443.2,331.7,437.6,329.9,427.7,332.9,429.0,331.25,417.3,332.6,415.5,331.5,407.2,330.3,401.25,329.5
137,359.8,219.6,362.0,219.5,376.9,215.1,374.5,216.0,393.7,216.6,389.5,216.0,409.6,221.1,407.0,220.5,424.3,227.6,426.0,227.5,460.6,231.8,460.5,233.5,474.0,228.9,477.5,233.0,486.1,228.7,490.5,233.0,498.2,232.6,499.0,236.5,507.2,241.8,502.5,242.0,439.9,246.0,440.1666666666667,241.83333333333334,439.3,262.6,442.8,259.4,439.0,279.3,441.7142857142857,273.0,438.3,295.9,437.5,284.0,411.4,295.8,410.2307692307692,288.84615384615387,421.7,302.0,423.5833333333333,295.25,432.0,307.1,433.8666666666667,301.0,441.4,304.9,448.0833333333333,301.25,449.9,302.8,455.90909090909093,295.45454545454544,374.9,239.1,373.8333333333333,236.5,387.5,237.6,385.4,232.4,398.3,238.9,402.25,235.75,407.5,244.2,411.22222222222223,244.55555555555554,397.9,244.0,396.0,246.5,387.4,242.6,379.6,243.2,460.2,251.9,457.2857142857143,251.85714285714286,470.4,249.5,467.0,246.25,479.8,251.3,482.4,247.6,487.4,255.6,488.7142857142857,254.42857142857142,479.9,256.3,478.1666666666667,258.5,470.8,254.8,464.0,255.66666666666666,379.9,315.7,387.85714285714283,316.85714285714283,401.6,314.6,400.25,316.0,418.7,315.5,417.5,316.5,428.4,318.8,429.0,317.0,439.1,318.3,438.0,319.0,448.5,321.9,446.6666666666667,321.6666666666667,454.7,327.0,451.2,325.2,445.3,336.9,443.25,332.25,435.3,341.5,432.5,331.0,424.5,341.4,422.3333333333333,338.6666666666667,413.6,338.6,406.5,333.75,397.6,331.0,395.0,325.0,386.3,317.8,402.0,317.44444444444446,416.0,322.5,408.0,319.6666666666667,426.2,325.0,423.75,322.5,436.9,325.3,434.6,328.4,450.9,327.6,445.9,326.0,436.2,329.2,437.75,326.5,425.5,329.0,425.0,327.5,415.0,326.4,410.5,325.5
138,368.3,216.1,370.5,216.5,385.6,211.8,383.0,212.5,402.3,213.5,399.0,213.0,417.9,218.3,416.0,217.5,432.5,224.8,435.0,225.0,467.8,229.2,468.5,231.5,481.1,226.5,485.5,230.5,493.2,226.2,497.5,231.0,505.4,230.4,506.0,234.5,514.0,239.8,508.5,239.5,447.7,243.6,448.6666666666667,239.66666666666666,447.4,259.6,451.2,257.4,447.4,275.6,450.7142857142857,271.14285714285717,446.9,291.7,447.0,282.25,419.9,292.6,419.3076923076923,286.84615384615387,430.0,298.7,432.6666666666667,293.25,440.1,303.6,442.8666666666667,299.0,449.2,301.4,456.3333333333333,299.4166666666667,457.5,299.4,463.72727272727275,293.45454545454544,382.9,236.2,381.6666666666667,233.5,395.5,235.0,393.6,229.4,406.1,236.3,410.75,233.25,415.2,241.4,419.22222222222223,242.0,405.7,241.4,404.0,244.0,395.4,240.0,387.2,240.4,467.2,249.4,464.2857142857143,249.85714285714286,477.4,247.3,474.0,243.75,486.6,249.3,489.4,245.4,494.1,253.3,494.85714285714283,252.0,486.5,254.0,485.0,256.5,477.6,252.5,471.0,253.66666666666666,387.8,313.0,395.2857142857143,313.85714285714283,409.9,311.8,408.5,313.25,426.9,312.5,426.5,314.0,436.2,316.0,438.0,315.0,446.5,315.4,446.0,317.0,455.0,319.0,454.6666666666667,319.0,460.4,324.0,458.8,322.6,451.8,334.2,451.0,329.0,442.5,338.6,441.0,328.0,432.2,338.4,430.0,335.0,421.7,335.5,414.75,330.5,405.7,327.8,402.0,322.0,394.1,315.1,409.6666666666667,314.55555555555554,424.1,319.6,416.3333333333333,317.0,433.9,322.2,432.0,319.5,444.2,322.5,442.8,326.0,456.7,324.5,453.5,323.4,443.5,326.5,445.75,323.5,433.3,326.1,433.0,323.5,423.1,323.5,418.75,322.0
139,376.8,212.6,378.5,213.5,394.0,208.6,391.5,209.5,410.6,210.0,407.0,210.0,426.0,215.2,424.5,214.5,440.0,222.3,443.0,222.5,474.5,227.0,475.0,229.0,487.5,224.5,491.5,228.0,499.3,224.2,503.5,229.0,510.9,228.1,511.0,232.5,518.6,237.1,513.5,238.5,455.3,241.4,455.8333333333333,237.0,454.9,257.1,458.2,254.6,454.7,272.7,458.14285714285717,268.2857142857143,454.3,288.6,454.5,279.75,427.0,290.1,426.38461538461536,283.9230769230769,436.9,296.1,439.8333333333333,290.5,446.6,301.0,450.06666666666666,296.06666666666666,455.6,299.1,463.0833333333333,296.75,463.6,297.0,470.45454545454544,290.8181818181818,390.9,233.1,389.3333333333333,230.5,403.4,232.0,401.6,226.2,413.8,233.4,418.0,230.25,422.2,238.5,426.55555555555554,239.33333333333334,412.9,238.6,411.25,241.25,402.8,237.0,394.8,237.4,473.5,246.9,470.42857142857144,247.57142857142858,483.8,245.2,479.75,241.5,492.8,247.2,495.2,243.0,499.7,251.3,500.14285714285717,250.14285714285714,492.3,251.9,490.6666666666667,254.5,483.6,250.2,477.0,251.33333333333334,394.6,310.3,401.42857142857144,310.2857142857143,416.4,308.6,414.5,309.25,433.5,309.6,433.5,310.0,442.6,313.2,445.0,311.0,452.6,312.5,453.0,313.5,460.8,316.1,461.3333333333333,316.0,465.5,321.5,465.2,320.0,456.8,331.7,457.25,325.75,447.4,336.4,447.0,324.0,437.4,336.2,436.3333333333333,331.6666666666667,427.1,333.3,421.25,326.75,411.6,325.3,409.0,318.0,400.5,312.3,416.55555555555554,310.77777777777777,430.5,317.3,422.6666666666667,313.6666666666667,440.1,319.8,439.0,316.25,450.0,320.2,449.4,322.6,461.7,321.9,460.0,320.3,449.2,324.1,452.0,320.5,439.2,323.9,440.0,320.5,429.3,321.4,425.25,318.5
140,382.3,210.7,378.5,213.5,399.2,205.7,391.5,209.5,416.7,207.0,407.0,210.0,433.2,212.8,424.5,214.5,446.7,221.6,443.0,222.5,474.7,226.3,475.0,229.0,488.5,222.6,491.5,228.0,501.0,222.5,503.5,229.0,512.8,226.7,511.0,232.5,519.8,236.0,513.5,238.5,458.8,241.3,455.8333333333333,237.0,458.3,256.5,458.2,254.6,458.0,271.7,458.14285714285717,268.2857142857143,457.4,287.1,454.5,279.75,430.9,291.0,426.38461538461536,283.9230769230769,439.6,296.5,439.8333333333333,290.5,448.0,300.9,450.06666666666666,296.06666666666666,456.4,299.6,463.0833333333333,296.75,463.9,297.7,470.45454545454544,290.8181818181818,398.0,231.0,389.3333333333333,230.5,410.1,228.4,401.6,226.2,420.8,230.6,418.0,230.25,427.5,238.0,426.55555555555554,239.33333333333334,418.8,238.3,411.25,241.25,408.3,236.0,394.8,237.4,474.9,246.9,470.42857142857144,247.57142857142858,485.0,242.7,479.75,241.5,494.2,244.5,495.2,243.0,499.9,250.5,500.14285714285717,250.14285714285714,493.2,252.1,490.6666666666667,254.5,484.5,250.6,477.0,251.33333333333334,398.0,309.4,401.42857142857144,310.2857142857143,418.5,309.9,414.5,309.25,434.8,311.9,433.5,310.0,442.1,315.4,445.0,311.0,450.5,315.0,453.0,313.5,458.7,318.0,461.3333333333333,316.0,464.4,321.9,465.2,320.0,454.2,332.4,457.25,325.75,444.5,336.0,447.0,324.0,436.2,335.5,436.3333333333333,331.6666666666667,427.6,332.7,421.25,326.75,413.3,324.6,409.0,318.0,403.5,311.4,416.55555555555554,310.77777777777777,432.0,318.5,422.6666666666667,313.6666666666667,439.9,321.0,439.0,316.25,448.1,321.4,449.4,322.6,460.7,322.2,460.0,320.3,446.4,325.6,452.0,320.5,438.2,325.2,440.0,320.5,430.0,322.7,425.25,318.5
