frame,face_id,timestamp,confidence,success,gaze_0_x,gaze_0_y,gaze_0_z,gaze_1_x,gaze_1_y,gaze_1_z,gaze_angle_x,gaze_angle_y,eye_lmk_x_0,eye_lmk_x_1,eye_lmk_x_2,eye_lmk_x_3,eye_lmk_x_4,eye_lmk_x_5,eye_lmk_x_6,eye_lmk_x_7,eye_lmk_x_8,eye_lmk_x_9,eye_lmk_x_10,eye_lmk_x_11,eye_lmk_x_12,eye_lmk_x_13,eye_lmk_x_14,eye_lmk_x_15,eye_lmk_x_16,eye_lmk_x_17,eye_lmk_x_18,eye_lmk_x_19,eye_lmk_x_20,eye_lmk_x_21,eye_lmk_x_22,eye_lmk_x_23,eye_lmk_x_24,eye_lmk_x_25,eye_lmk_x_26,eye_lmk_x_27,eye_lmk_x_28,eye_lmk_x_29,eye_lmk_x_30,eye_lmk_x_31,eye_lmk_x_32,eye_lmk_x_33,eye_lmk_x_34,eye_lmk_x_35,eye_lmk_x_36,eye_lmk_x_37,eye_lmk_x_38,eye_lmk_x_39,eye_lmk_x_40,eye_lmk_x_41,eye_lmk_x_42,eye_lmk_x_43,eye_lmk_x_44,eye_lmk_x_45,eye_lmk_x_46,eye_lmk_x_47,eye_lmk_x_48,eye_lmk_x_49,eye_lmk_x_50,eye_lmk_x_51,eye_lmk_x_52,eye_lmk_x_53,eye_lmk_x_54,eye_lmk_x_55,eye_lmk_y_0,eye_lmk_y_1,eye_lmk_y_2,eye_lmk_y_3,eye_lmk_y_4,eye_lmk_y_5,eye_lmk_y_6,eye_lmk_y_7,eye_lmk_y_8,eye_lmk_y_9,eye_lmk_y_10,eye_lmk_y_11,eye_lmk_y_12,eye_lmk_y_13,eye_lmk_y_14,eye_lmk_y_15,eye_lmk_y_16,eye_lmk_y_17,eye_lmk_y_18,eye_lmk_y_19,eye_lmk_y_20,eye_lmk_y_21,eye_lmk_y_22,eye_lmk_y_23,eye_lmk_y_24,eye_lmk_y_25,eye_lmk_y_26,eye_lmk_y_27,eye_lmk_y_28,eye_lmk_y_29,eye_lmk_y_30,eye_lmk_y_31,eye_lmk_y_32,eye_lmk_y_33,eye_lmk_y_34,eye_lmk_y_35,eye_lmk_y_36,eye_lmk_y_37,eye_lmk_y_38,eye_lmk_y_39,eye_lmk_y_40,eye_lmk_y_41,eye_lmk_y_42,eye_lmk_y_43,eye_lmk_y_44,eye_lmk_y_45,eye_lmk_y_46,eye_lmk_y_47,eye_lmk_y_48,eye_lmk_y_49,eye_lmk_y_50,eye_lmk_y_51,eye_lmk_y_52,eye_lmk_y_53,eye_lmk_y_54,eye_lmk_y_55,eye_lmk_X_0,eye_lmk_X_1,eye_lmk_X_2,eye_lmk_X_3,eye_lmk_X_4,eye_lmk_X_5,eye_lmk_X_6,eye_lmk_X_7,eye_lmk_X_8,eye_lmk_X_9,eye_lmk_X_10,eye_lmk_X_11,eye_lmk_X_12,eye_lmk_X_13,eye_lmk_X_14,eye_lmk_X_15,eye_lmk_X_16,eye_lmk_X_17,eye_lmk_X_18,eye_lmk_X_19,eye_lmk_X_20,eye_lmk_X_21,eye_lmk_X_22,eye_lmk_X_23,eye_lmk_X_24,eye_lmk_X_25,eye_lmk_X_26,eye_lmk_X_27,eye_lmk_X_28,eye_lmk_X_29,eye_lmk_X_30,eye_lmk_X_31,eye_lmk_X_32,eye_lmk_X_33,eye_lmk_X_34,eye_lmk_X_35,eye_lmk_X_36,eye_lmk_X_37,eye_lmk_X_38,eye_lmk_X_39,eye_lmk_X_40,eye_lmk_X_41,eye_lmk_X_42,eye_lmk_X_43,eye_lmk_X_44,eye_lmk_X_45,eye_lmk_X_46,eye_lmk_X_47,eye_lmk_X_48,eye_lmk_X_49,eye_lmk_X_50,eye_lmk_X_51,eye_lmk_X_52,eye_lmk_X_53,eye_lmk_X_54,eye_lmk_X_55,eye_lmk_Y_0,eye_lmk_Y_1,eye_lmk_Y_2,eye_lmk_Y_3,eye_lmk_Y_4,eye_lmk_Y_5,eye_lmk_Y_6,eye_lmk_Y_7,eye_lmk_Y_8,eye_lmk_Y_9,eye_lmk_Y_10,eye_lmk_Y_11,eye_lmk_Y_12,eye_lmk_Y_13,eye_lmk_Y_14,eye_lmk_Y_15,eye_lmk_Y_16,eye_lmk_Y_17,eye_lmk_Y_18,eye_lmk_Y_19,eye_lmk_Y_20,eye_lmk_Y_21,eye_lmk_Y_22,eye_lmk_Y_23,eye_lmk_Y_24,eye_lmk_Y_25,eye_lmk_Y_26,eye_lmk_Y_27,eye_lmk_Y_28,eye_lmk_Y_29,eye_lmk_Y_30,eye_lmk_Y_31,eye_lmk_Y_32,eye_lmk_Y_33,eye_lmk_Y_34,eye_lmk_Y_35,eye_lmk_Y_36,eye_lmk_Y_37,eye_lmk_Y_38,eye_lmk_Y_39,eye_lmk_Y_40,eye_lmk_Y_41,eye_lmk_Y_42,eye_lmk_Y_43,eye_lmk_Y_44,eye_lmk_Y_45,eye_lmk_Y_46,eye_lmk_Y_47,eye_lmk_Y_48,eye_lmk_Y_49,eye_lmk_Y_50,eye_lmk_Y_51,eye_lmk_Y_52,eye_lmk_Y_53,eye_lmk_Y_54,eye_lmk_Y_55,eye_lmk_Z_0,eye_lmk_Z_1,eye_lmk_Z_2,eye_lmk_Z_3,eye_lmk_Z_4,eye_lmk_Z_5,eye_lmk_Z_6,eye_lmk_Z_7,eye_lmk_Z_8,eye_lmk_Z_9,eye_lmk_Z_10,eye_lmk_Z_11,eye_lmk_Z_12,eye_lmk_Z_13,eye_lmk_Z_14,eye_lmk_Z_15,eye_lmk_Z_16,eye_lmk_Z_17,eye_lmk_Z_18,eye_lmk_Z_19,eye_lmk_Z_20,eye_lmk_Z_21,eye_lmk_Z_22,eye_lmk_Z_23,eye_lmk_Z_24,eye_lmk_Z_25,eye_lmk_Z_26,eye_lmk_Z_27,eye_lmk_Z_28,eye_lmk_Z_29,eye_lmk_Z_30,eye_lmk_Z_31,eye_lmk_Z_32,eye_lmk_Z_33,eye_lmk_Z_34,eye_lmk_Z_35,eye_lmk_Z_36,eye_lmk_Z_37,eye_lmk_Z_38,eye_lmk_Z_39,eye_lmk_Z_40,eye_lmk_Z_41,eye_lmk_Z_42,eye_lmk_Z_43,eye_lmk_Z_44,eye_lmk_Z_45,eye_lmk_Z_46,eye_lmk_Z_47,eye_lmk_Z_48,eye_lmk_Z_49,eye_lmk_Z_50,eye_lmk_Z_51,eye_lmk_Z_52,eye_lmk_Z_53,eye_lmk_Z_54,eye_lmk_Z_55,pose_Tx,pose_Ty,pose_Tz,pose_Rx,pose_Ry,pose_Rz,x_0,x_1,x_2,x_3,x_4,x_5,x_6,x_7,x_8,x_9,x_10,x_11,x_12,x_13,x_14,x_15,x_16,x_17,x_18,x_19,x_20,x_21,x_22,x_23,x_24,x_25,x_26,x_27,x_28,x_29,x_30,x_31,x_32,x_33,x_34,x_35,x_36,x_37,x_38,x_39,x_40,x_41,x_42,x_43,x_44,x_45,x_46,x_47,x_48,x_49,x_50,x_51,x_52,x_53,x_54,x_55,x_56,x_57,x_58,x_59,x_60,x_61,x_62,x_63,x_64,x_65,x_66,x_67,y_0,y_1,y_2,y_3,y_4,y_5,y_6,y_7,y_8,y_9,y_10,y_11,y_12,y_13,y_14,y_15,y_16,y_17,y_18,y_19,y_20,y_21,y_22,y_23,y_24,y_25,y_26,y_27,y_28,y_29,y_30,y_31,y_32,y_33,y_34,y_35,y_36,y_37,y_38,y_39,y_40,y_41,y_42,y_43,y_44,y_45,y_46,y_47,y_48,y_49,y_50,y_51,y_52,y_53,y_54,y_55,y_56,y_57,y_58,y_59,y_60,y_61,y_62,y_63,y_64,y_65,y_66,y_67,X_0,X_1,X_2,X_3,X_4,X_5,X_6,X_7,X_8,X_9,X_10,X_11,X_12,X_13,X_14,X_15,X_16,X_17,X_18,X_19,X_20,X_21,X_22,X_23,X_24,X_25,X_26,X_27,X_28,X_29,X_30,X_31,X_32,X_33,X_34,X_35,X_36,X_37,X_38,X_39,X_40,X_41,X_42,X_43,X_44,X_45,X_46,X_47,X_48,X_49,X_50,X_51,X_52,X_53,X_54,X_55,X_56,X_57,X_58,X_59,X_60,X_61,X_62,X_63,X_64,X_65,X_66,X_67,Y_0,Y_1,Y_2,Y_3,Y_4,Y_5,Y_6,Y_7,Y_8,Y_9,Y_10,Y_11,Y_12,Y_13,Y_14,Y_15,Y_16,Y_17,Y_18,Y_19,Y_20,Y_21,Y_22,Y_23,Y_24,Y_25,Y_26,Y_27,Y_28,Y_29,Y_30,Y_31,Y_32,Y_33,Y_34,Y_35,Y_36,Y_37,Y_38,Y_39,Y_40,Y_41,Y_42,Y_43,Y_44,Y_45,Y_46,Y_47,Y_48,Y_49,Y_50,Y_51,Y_52,Y_53,Y_54,Y_55,Y_56,Y_57,Y_58,Y_59,Y_60,Y_61,Y_62,Y_63,Y_64,Y_65,Y_66,Y_67,Z_0,Z_1,Z_2,Z_3,Z_4,Z_5,Z_6,Z_7,Z_8,Z_9,Z_10,Z_11,Z_12,Z_13,Z_14,Z_15,Z_16,Z_17,Z_18,Z_19,Z_20,Z_21,Z_22,Z_23,Z_24,Z_25,Z_26,Z_27,Z_28,Z_29,Z_30,Z_31,Z_32,Z_33,Z_34,Z_35,Z_36,Z_37,Z_38,Z_39,Z_40,Z_41,Z_42,Z_43,Z_44,Z_45,Z_46,Z_47,Z_48,Z_49,Z_50,Z_51,Z_52,Z_53,Z_54,Z_55,Z_56,Z_57,Z_58,Z_59,Z_60,Z_61,Z_62,Z_63,Z_64,Z_65,Z_66,Z_67,p_scale,p_rx,p_ry,p_rz,p_tx,p_ty,p_0,p_1,p_2,p_3,p_4,p_5,p_6,p_7,p_8,p_9,p_10,p_11,p_12,p_13,p_14,p_15,p_16,p_17,p_18,p_19,p_20,p_21,p_22,p_23,p_24,p_25,p_26,p_27,p_28,p_29,p_30,p_31,p_32,p_33,AU01_r,AU02_r,AU04_r,AU05_r,AU06_r,AU07_r,AU09_r,AU10_r,AU12_r,AU14_r,AU15_r,AU17_r,AU20_r,AU23_r,AU25_r,AU26_r,AU45_r,AU01_c,AU02_c,AU04_c,AU05_c,AU06_c,AU07_c,AU09_c,AU10_c,AU12_c,AU14_c,AU15_c,AU17_c,AU20_c,AU23_c,AU25_c,AU26_c,AU28_c,AU45_c
1,0,0.0,0.98,1,-0.040333,0.2467,-0.968252,-0.165002,0.270381,-0.948509,-0.107,0.263,620.1,622.8,629.0,634.9,637.2,634.9,628.4,622.4,611.9,616.4,622.1,628.7,634.9,639.5,642.7,639.0,633.7,627.6,621.6,616.0,625.8,628.4,631.1,632.3,631.3,628.7,626.0,624.8,707.3,710.5,716.9,722.7,724.7,721.5,715.2,708.8,701.1,705.2,710.7,717.5,723.9,728.9,732.2,728.4,723.3,717.4,711.0,705.2,713.0,715.5,718.2,719.5,718.7,716.2,713.6,712.2,160.1,154.0,151.7,154.6,160.9,167.4,169.2,166.4,161.6,160.1,159.3,159.1,160.1,162.0,164.3,165.8,166.0,165.8,165.1,163.8,163.3,164.5,163.5,160.8,158.1,156.8,157.8,160.5,167.0,160.9,158.9,162.1,168.7,174.8,176.8,174.0,169.6,167.5,166.2,166.1,167.2,168.8,171.0,173.3,174.3,174.4,173.5,172.1,170.3,171.6,170.8,168.2,165.4,164.1,164.9,167.5,-14.2,-12.3,-7.9,-3.6,-2.0,-3.7,-8.3,-12.6,-20.2,-16.9,-12.8,-8.1,-3.7,-0.3,1.9,-0.7,-4.5,-8.8,-13.2,-17.2,-10.2,-8.3,-6.4,-5.5,-6.3,-8.1,-10.1,-10.9,46.4,48.6,53.0,57.1,58.5,56.3,51.9,47.4,42.2,44.9,48.6,53.3,57.8,61.5,64.2,61.3,57.5,53.3,48.9,44.9,50.5,52.2,54.1,55.0,54.4,52.7,50.8,49.9,-143.0,-147.5,-149.3,-147.4,-142.8,-137.9,-136.4,-138.4,-142.6,-143.2,-143.4,-143.4,-142.9,-142.0,-140.9,-139.3,-138.7,-138.6,-139.2,-140.6,-141.0,-140.1,-140.9,-142.9,-144.9,-145.8,-145.0,-143.0,-133.0,-137.2,-138.7,-136.6,-132.1,-127.9,-126.4,-128.3,-131.5,-132.6,-133.3,-133.3,-132.9,-132.4,-131.6,-129.4,-128.1,-127.8,-128.3,-129.5,-131.0,-130.1,-130.8,-132.6,-134.4,-135.3,-134.7,-132.9,626.0,626.7,627.4,627.7,627.3,626.8,625.8,625.6,629.0,626.7,625.0,624.6,625.7,627.7,629.7,627.5,625.3,624.3,624.9,626.7,627.0,627.1,627.4,627.8,627.9,627.8,627.5,627.2,603.0,603.1,603.6,604.0,604.3,604.2,603.8,603.5,604.6,603.0,601.7,601.5,603.2,606.0,609.1,606.4,603.9,602.3,602.2,603.4,604.3,604.6,604.7,604.8,604.7,604.5,604.3,604.2,19.4,-96.8,608.9,0.092,0.152,0.063,577.2,575.4,575.8,578.2,585.5,599.5,615.5,634.7,660.4,688.8,715.9,738.5,754.5,764.1,768.0,771.5,774.3,592.6,603.8,621.5,639.8,656.8,692.7,710.7,728.5,744.9,754.2,673.6,670.9,668.4,665.8,644.6,654.6,664.8,676.8,687.4,611.3,622.4,634.1,644.2,633.0,621.4,699.6,711.3,723.3,733.1,722.8,711.3,621.0,635.8,651.0,662.6,676.5,692.5,707.3,690.6,673.9,659.1,646.4,632.3,626.5,650.2,662.2,676.1,700.7,675.2,661.0,648.8,163.5,195.8,228.5,259.2,285.1,305.4,318.5,327.7,331.9,331.3,322.1,307.8,287.2,261.2,232.8,204.3,176.5,145.0,128.9,122.3,124.3,131.3,134.0,129.5,130.3,136.5,150.3,157.8,173.4,188.9,205.4,221.2,224.9,228.6,226.7,224.4,162.9,158.8,159.4,164.8,166.3,165.7,169.2,165.4,166.6,172.1,173.7,172.6,259.3,251.0,248.5,252.1,250.9,256.5,265.8,276.7,280.3,280.2,278.3,272.5,260.1,257.9,259.9,260.0,266.0,267.5,267.6,265.9,-47.9,-49.3,-49.1,-47.2,-41.0,-29.8,-17.5,-3.7,14.1,34.0,54.0,71.3,83.3,90.3,92.8,95.3,97.8,-34.4,-26.0,-13.2,-0.1,11.7,36.5,49.1,61.6,73.1,79.9,23.2,21.1,19.1,17.2,3.1,9.9,16.7,24.8,32.1,-20.4,-12.4,-4.1,3.0,-4.9,-13.1,41.6,49.6,57.8,64.8,57.4,49.5,-13.3,-2.9,7.5,15.3,24.7,35.8,46.5,34.4,22.8,12.8,4.3,-5.2,-9.4,6.9,15.0,24.5,41.8,23.8,14.2,6.0,-150.0,-125.3,-100.6,-77.0,-56.3,-40.2,-29.6,-22.5,-19.4,-20.0,-27.0,-37.8,-53.0,-71.9,-92.2,-112.8,-133.6,-156.0,-166.2,-169.0,-165.6,-158.9,-156.4,-159.9,-159.9,-155.9,-146.7,-139.5,-127.1,-115.1,-102.8,-94.8,-91.6,-88.5,-90.0,-91.9,-139.8,-141.9,-141.1,-137.0,-136.0,-136.8,-132.9,-135.4,-134.3,-130.7,-129.2,-130.2,-70.4,-74.7,-75.6,-72.8,-73.7,-70.4,-65.1,-56.7,-53.6,-53.6,-55.1,-59.9,-69.6,-69.3,-67.7,-67.7,-64.7,-62.6,-62.4,-63.8,667.8,667.7,669.3,668.0,658.3,644.1,624.6,607.9,604.0,610.3,623.3,633.3,636.6,637.1,634.5,634.1,637.3,634.8,629.1,622.3,614.7,607.8,605.7,606.9,609.2,610.4,612.1,603.4,596.0,588.5,581.4,597.7,593.5,589.6,590.9,592.6,620.5,617.0,615.5,614.0,614.3,615.8,609.8,608.5,607.7,608.7,607.0,607.8,612.1,599.7,592.9,590.5,591.2,595.7,604.5,594.9,589.2,587.9,590.2,598.4,609.6,593.4,591.4,592.0,602.5,591.7,590.9,593.3,1.43,-0.039,0.157,0.063,668.3539999999999,220.54,-28.515,15.992,-9.463,-6.461,-10.927,4.022,-1.304,-2.63,-4.16,2.9010000000000002,-10.231,-6.455,7.237,0.708,-7.778,4.45,-4.467,-4.742,-6.6339999999999995,-2.65,3.028,-2.307,-0.006,-1.3,0.593,-0.5379999999999999,-0.578,0.177,-0.36700000000000005,0.35,0.035,-0.395,-0.358,0.195,0.0,0.0,0.0,0.0,0.75,3.0,1.01,0.31,0.61,0.65,0.0,0.0,0.68,0.0,0.57,0.36,1.15,0.0,0.0,0.0,1.0,0.0,1.0,1.0,1.0,1.0,1.0,0.0,0.0,1.0,0.0,1.0,0.0,0.0,1.0
2,0,0.042,0.98,1,-0.042256,0.252944,-0.966558,-0.153606,0.252683,-0.9552780000000001,-0.102,0.257,619.9,622.7,628.8,634.7,637.0,634.6,628.1,622.2,611.8,616.3,622.0,628.5,634.7,639.4,642.5,638.8,633.5,627.4,621.4,615.9,625.6,628.2,630.9,632.1,631.1,628.5,625.8,624.6,707.6,710.8,717.2,723.1,724.9,721.7,715.3,708.9,701.2,705.4,711.0,717.8,724.1,729.0,732.2,728.6,723.6,717.7,711.3,705.3,713.2,715.7,718.4,719.7,718.9,716.5,713.8,712.5,159.8,153.9,151.7,154.5,160.7,167.2,168.8,166.0,161.6,159.7,158.7,158.4,159.6,161.7,164.4,165.8,165.8,165.6,165.0,163.7,163.0,164.3,163.3,160.7,158.0,156.8,157.7,160.3,167.1,161.0,159.1,162.3,169.0,175.1,177.1,174.2,169.6,167.7,166.6,166.5,167.6,169.0,170.9,173.3,174.5,174.6,173.7,172.3,170.4,171.8,171.0,168.4,165.6,164.3,165.1,167.7,-14.4,-12.4,-8.0,-3.8,-2.2,-3.8,-8.5,-12.7,-20.3,-17.0,-12.9,-8.2,-3.8,-0.4,1.8,-0.9,-4.6,-9.0,-13.3,-17.3,-10.3,-8.4,-6.5,-5.7,-6.4,-8.2,-10.2,-11.0,46.5,48.7,53.1,57.2,58.5,56.3,51.8,47.4,42.1,44.9,48.7,53.3,57.8,61.5,64.1,61.3,57.5,53.3,48.9,44.9,50.5,52.2,54.0,55.0,54.4,52.7,50.8,49.9,-143.3,-147.8,-149.6,-147.5,-142.9,-138.1,-136.7,-138.7,-142.7,-143.6,-143.9,-144.0,-143.4,-142.3,-140.8,-139.3,-138.8,-138.7,-139.4,-140.7,-141.2,-140.3,-141.1,-143.0,-145.1,-145.9,-145.2,-143.2,-132.5,-136.8,-138.2,-136.1,-131.7,-127.4,-125.9,-127.8,-131.2,-132.1,-132.6,-132.7,-132.4,-132.0,-131.4,-129.1,-127.8,-127.3,-127.9,-129.1,-130.6,-129.7,-130.3,-132.1,-134.0,-134.9,-134.2,-132.5,626.5,627.5,628.2,628.2,627.5,626.7,625.7,625.8,629.5,627.3,625.6,625.0,626.1,627.9,629.7,627.5,625.4,624.5,625.2,627.1,627.3,627.3,627.6,628.0,628.3,628.3,628.0,627.6,601.3,601.4,602.0,602.7,603.1,602.9,602.4,601.9,602.8,601.2,600.1,600.1,601.9,604.8,608.0,605.3,602.6,600.9,600.7,601.7,602.8,603.1,603.3,603.4,603.2,602.9,602.7,602.6,19.1,-96.2,604.6,0.08900000000000001,0.145,0.07200000000000001,577.8,575.4,575.4,577.4,584.5,598.4,614.4,633.7,659.3,687.8,714.9,738.0,754.3,763.9,767.9,771.1,773.6,592.5,602.7,620.7,639.7,657.1,692.7,710.7,728.9,745.4,753.7,673.7,670.8,668.1,665.4,643.7,654.1,664.5,676.7,687.6,611.2,622.2,633.9,644.1,632.8,621.2,699.6,711.4,723.5,733.2,723.0,711.3,620.6,635.3,650.4,662.3,676.3,692.3,707.1,690.5,673.9,658.9,646.1,632.0,626.2,649.7,661.9,676.0,700.3,675.2,660.8,648.5,161.8,193.8,226.3,257.2,283.7,304.2,317.6,327.1,331.4,330.8,321.5,308.1,288.6,263.7,235.8,207.4,180.0,144.3,126.6,119.0,121.6,130.1,133.2,127.8,128.7,135.8,151.2,158.5,173.9,189.3,205.5,221.3,225.2,228.9,227.2,224.9,162.2,158.0,158.9,164.7,166.2,165.3,169.6,165.6,167.0,172.7,174.2,173.1,259.7,251.1,248.3,252.1,250.9,256.8,266.8,276.9,280.4,280.2,278.2,272.5,260.3,258.2,260.3,260.4,266.6,267.7,267.7,266.0,-47.2,-49.0,-49.1,-47.6,-41.6,-30.5,-18.2,-4.3,13.2,33.1,53.0,70.6,82.8,89.9,92.4,94.6,96.9,-34.2,-26.7,-13.6,-0.2,11.8,36.3,48.7,61.5,73.1,79.1,23.1,20.8,18.8,16.8,2.5,9.5,16.4,24.6,32.0,-20.3,-12.4,-4.3,2.8,-5.0,-13.1,41.3,49.4,57.7,64.5,57.2,49.2,-13.4,-3.2,7.0,14.9,24.3,35.4,46.1,34.1,22.6,12.6,4.1,-5.4,-9.5,6.5,14.7,24.2,41.2,23.6,13.9,5.7,-150.3,-126.0,-101.7,-78.1,-57.2,-40.9,-30.1,-22.7,-19.6,-20.2,-27.2,-37.4,-51.7,-69.9,-89.8,-110.1,-130.5,-155.4,-166.8,-170.2,-166.3,-158.8,-156.1,-160.0,-160.1,-155.5,-145.3,-138.2,-125.9,-114.1,-101.9,-94.1,-90.9,-87.7,-89.1,-90.9,-139.3,-141.4,-140.4,-136.0,-135.2,-136.1,-131.8,-134.4,-133.3,-129.6,-128.2,-129.1,-69.6,-74.0,-75.0,-72.2,-73.1,-69.7,-64.1,-56.1,-53.2,-53.2,-54.7,-59.3,-68.9,-68.4,-66.8,-66.8,-63.9,-61.9,-61.8,-63.2,663.2,663.7,665.8,665.1,655.8,641.0,621.0,604.2,599.9,606.4,619.3,630.3,634.1,634.8,632.1,631.5,634.6,630.6,625.3,618.1,610.5,604.3,602.2,603.1,605.6,607.0,608.9,599.8,592.1,584.5,577.1,593.7,589.5,585.6,587.0,588.8,616.1,612.4,610.9,609.6,610.1,611.5,605.8,604.9,604.3,605.6,603.7,604.2,606.7,594.1,587.5,585.4,586.2,591.3,601.1,591.0,584.5,582.9,584.9,592.9,604.2,588.3,586.4,587.3,598.6,587.2,586.1,588.4,1.44,-0.040999999999999995,0.149,0.07200000000000001,668.062,220.453,-24.153000000000002,16.382,-10.988,-4.152,-12.172,2.95,-0.945,1.75,-5.48,5.239,-11.934000000000001,-5.757000000000001,8.56,1.3259999999999998,-7.3229999999999995,4.976,-5.767,-5.977,-5.7,-1.15,2.668,-2.795,0.271,-2.286,1.751,-0.991,0.157,-0.278,-0.34,0.408,0.13,-0.237,-0.188,0.165,0.09,0.0,0.0,0.0,0.73,2.76,0.74,0.23,0.69,0.67,0.0,0.0,0.69,0.0,0.52,0.21,0.92,0.0,0.0,0.0,1.0,0.0,1.0,0.0,1.0,1.0,1.0,0.0,0.0,1.0,0.0,0.0,0.0,0.0,1.0
3,0,0.083,0.98,1,-0.097841,0.20766500000000002,-0.973295,-0.193003,0.222036,-0.9557459999999999,-0.15,0.21899999999999997,614.7,617.7,623.9,629.6,631.6,629.0,622.5,616.7,606.6,611.1,616.9,623.5,629.8,634.8,638.2,634.2,628.6,622.4,616.1,610.5,620.5,622.9,625.5,626.7,625.9,623.4,620.9,619.6,704.0,707.4,713.7,719.2,720.8,717.4,711.1,705.1,697.6,701.7,707.3,714.0,720.3,725.5,728.9,724.8,719.3,713.1,706.8,701.3,709.5,711.8,714.5,715.9,715.3,712.9,710.3,708.8,158.5,152.8,150.9,153.7,159.8,166.1,167.5,164.6,161.1,158.9,157.4,157.2,159.0,161.9,165.1,166.9,166.8,166.5,165.6,164.0,161.8,163.0,162.2,159.8,157.3,156.1,156.9,159.3,166.5,160.8,159.2,162.6,169.0,174.7,176.3,173.3,169.0,167.4,166.4,166.6,168.1,170.1,172.3,173.7,173.8,173.1,172.0,170.8,169.9,171.4,170.7,168.3,165.6,164.2,164.8,167.2,-17.5,-15.5,-11.2,-7.2,-5.8,-7.6,-12.1,-16.1,-23.2,-20.0,-15.9,-11.3,-7.0,-3.6,-1.2,-4.0,-7.9,-12.1,-16.5,-20.4,-13.5,-11.8,-10.1,-9.2,-9.8,-11.5,-13.3,-14.1,45.2,47.6,52.0,55.9,57.0,54.7,50.2,46.0,40.8,43.6,47.4,52.1,56.7,60.6,63.3,60.1,56.0,51.5,47.1,43.3,49.1,50.8,52.7,53.7,53.2,51.5,49.7,48.7,-139.3,-143.5,-145.0,-142.9,-138.4,-133.8,-132.7,-134.8,-138.4,-139.4,-139.9,-139.8,-138.8,-137.1,-135.2,-133.5,-133.2,-133.3,-134.1,-135.7,-137.1,-136.2,-136.8,-138.6,-140.4,-141.3,-140.7,-139.0,-136.6,-140.6,-141.7,-139.4,-134.9,-130.9,-129.7,-131.9,-135.4,-136.1,-136.4,-136.2,-135.4,-134.6,-133.7,-132.1,-131.5,-131.8,-132.6,-133.7,-134.4,-133.4,-133.9,-135.5,-137.4,-138.4,-138.0,-136.3,605.1,606.3,606.7,606.1,604.9,603.9,603.3,603.9,608.9,606.4,604.4,603.4,604.0,605.5,607.2,605.0,603.1,602.5,603.4,605.8,605.3,605.0,605.2,605.7,606.2,606.5,606.3,605.8,617.7,617.6,617.7,617.8,617.9,618.0,617.9,618.1,620.3,618.3,616.6,616.1,617.6,620.3,623.3,620.4,618.0,616.8,617.1,618.6,618.6,618.7,618.7,618.7,618.6,618.6,618.6,618.6,15.6,-95.4,602.2,0.09,0.19,0.09,576.5,573.7,573.3,574.8,580.8,593.8,608.9,627.6,652.8,681.4,709.5,733.7,751.2,762.1,766.8,770.3,773.3,589.8,601.0,618.4,636.1,652.3,689.6,707.3,724.8,741.0,750.2,669.0,665.5,662.2,658.9,637.8,647.9,658.0,670.3,681.4,606.6,617.5,629.2,639.0,627.6,616.1,696.0,707.6,719.7,729.5,719.1,707.5,614.2,628.7,643.5,655.2,669.5,686.2,702.4,683.9,666.1,650.9,638.2,624.9,619.6,642.5,654.6,669.0,695.5,667.9,653.3,641.2,161.3,192.7,224.7,255.7,282.5,303.7,317.5,327.1,331.4,331.0,322.6,310.7,292.4,268.5,240.6,211.8,183.9,141.1,125.4,119.4,122.4,130.7,134.0,128.7,129.4,135.4,149.4,159.0,174.8,190.4,207.0,222.2,226.2,230.1,228.5,226.2,161.8,157.4,158.4,164.7,166.0,164.9,170.0,165.5,166.8,173.0,174.5,173.3,259.5,251.7,249.6,253.4,252.5,258.2,267.9,277.1,279.9,279.4,277.2,271.7,260.2,258.8,261.0,261.2,267.8,268.3,268.1,266.3,-48.1,-50.3,-50.7,-49.6,-44.3,-33.8,-22.0,-8.6,8.7,28.4,48.6,66.6,79.5,87.4,90.4,92.8,95.4,-36.0,-27.7,-15.2,-2.7,8.5,33.9,46.0,58.1,69.2,75.7,19.8,17.2,14.8,12.4,-1.5,5.3,12.0,20.2,27.6,-23.5,-15.7,-7.5,-0.7,-8.6,-16.6,38.4,46.3,54.5,61.3,54.0,46.1,-17.9,-7.6,2.4,10.2,19.7,31.1,42.6,29.5,17.3,7.2,-1.2,-10.2,-14.0,1.7,9.8,19.3,37.7,18.6,8.9,0.8,-150.6,-126.9,-102.9,-79.3,-58.0,-41.2,-30.1,-22.6,-19.5,-19.9,-26.1,-35.0,-48.3,-65.5,-85.1,-105.5,-126.0,-157.0,-166.9,-169.2,-165.0,-157.6,-154.4,-158.1,-157.9,-153.9,-144.5,-136.8,-124.5,-112.6,-100.4,-93.2,-89.7,-86.5,-87.6,-89.3,-139.2,-141.3,-140.1,-135.4,-134.6,-135.9,-130.4,-133.2,-132.1,-128.0,-126.7,-127.6,-69.7,-73.4,-73.9,-71.0,-71.7,-68.4,-62.9,-55.7,-53.2,-53.4,-55.1,-59.7,-68.8,-67.8,-66.1,-66.0,-62.7,-61.2,-61.3,-62.8,663.0,663.4,665.6,665.0,655.5,640.1,619.4,601.3,595.3,600.1,611.7,622.0,625.6,626.4,623.8,623.3,626.3,627.7,622.4,615.4,607.7,601.4,597.7,598.0,599.3,599.6,600.6,595.5,588.3,581.1,574.2,591.5,586.8,582.4,583.0,583.9,614.3,610.3,608.4,606.6,607.4,609.2,600.4,599.3,598.3,599.1,597.5,598.3,606.4,593.1,585.9,583.2,583.6,588.1,597.2,587.4,581.3,580.3,582.8,591.9,603.6,586.2,583.8,584.1,595.0,584.1,583.7,586.5,1.4480000000000002,-0.042,0.20600000000000002,0.09,663.1610000000001,220.946,-27.217,14.695,-11.012,-10.263,-10.047,6.172000000000001,0.33899999999999997,4.665,-5.212999999999999,7.07,-10.652999999999999,-2.05,7.101,0.812,-7.289,6.2860000000000005,-6.2010000000000005,-3.9360000000000004,-6.417000000000001,-0.731,0.755,-1.966,0.532,-2.374,1.3840000000000001,-1.02,0.628,-0.7709999999999999,-0.011000000000000001,0.397,0.044000000000000004,-0.094,-0.006999999999999999,0.156,0.28,0.0,0.0,0.0,0.78,2.69,0.58,0.26,0.83,0.71,0.0,0.0,0.78,0.0,0.43,0.09,0.66,0.0,0.0,0.0,0.0,0.0,1.0,0.0,1.0,1.0,1.0,0.0,0.0,1.0,0.0,0.0,0.0,0.0,0.0
4,0,0.125,0.98,1,-0.127762,0.22093400000000002,-0.966884,-0.202603,0.205661,-0.957421,-0.17,0.218,610.3,613.4,619.5,625.2,627.0,624.4,617.8,612.2,602.7,606.8,612.4,618.9,625.2,630.1,633.5,629.5,624.0,617.8,611.7,606.4,615.9,618.3,621.0,622.3,621.5,619.1,616.4,615.1,701.3,704.4,710.5,715.9,717.6,714.5,708.4,702.5,695.1,698.6,703.6,710.1,716.5,721.8,725.3,721.2,715.8,709.9,704.0,698.7,706.8,709.0,711.5,712.8,712.1,709.9,707.4,706.1,157.3,152.1,150.3,153.0,158.6,164.4,165.6,162.9,161.0,158.4,156.7,156.2,157.8,160.7,163.8,164.1,163.1,162.5,162.2,161.9,160.6,161.8,161.0,158.8,156.4,155.2,156.0,158.2,167.8,162.1,160.4,163.6,169.8,175.5,177.2,174.4,171.8,169.2,167.5,167.2,168.5,170.5,173.2,175.7,176.7,176.7,175.8,174.3,171.0,172.3,171.6,169.3,166.7,165.5,166.2,168.4,-21.3,-19.2,-14.8,-10.7,-9.3,-11.2,-15.9,-20.0,-27.0,-23.9,-19.8,-15.1,-10.6,-7.1,-4.7,-7.5,-11.5,-15.9,-20.3,-24.1,-17.3,-15.6,-13.6,-12.7,-13.3,-15.1,-17.0,-17.9,43.7,45.9,50.3,54.2,55.4,53.1,48.8,44.6,39.5,41.8,45.3,49.8,54.5,58.5,61.2,58.1,54.1,49.8,45.6,41.9,47.7,49.3,51.1,52.0,51.5,49.9,48.1,47.2,-145.8,-150.0,-151.4,-149.2,-144.6,-140.1,-139.1,-141.3,-143.9,-145.2,-146.0,-146.1,-145.0,-143.2,-141.3,-140.6,-140.9,-141.2,-141.7,-142.5,-143.3,-142.3,-142.9,-144.7,-146.7,-147.6,-147.0,-145.2,-137.1,-141.2,-142.4,-140.1,-135.7,-131.6,-130.4,-132.4,-134.8,-136.2,-137.0,-137.1,-136.4,-135.5,-134.2,-131.9,-130.7,-130.5,-131.3,-132.7,-135.0,-134.1,-134.6,-136.2,-138.0,-139.0,-138.5,-136.8,629.2,631.0,631.6,630.5,628.5,626.7,626.1,627.2,632.6,630.3,628.3,627.3,627.6,628.7,630.0,627.9,626.2,625.8,627.0,629.4,628.9,628.4,628.6,629.4,630.3,630.8,630.5,629.8,624.2,624.3,624.4,624.3,624.1,624.0,624.0,624.4,626.7,624.7,622.9,622.0,623.2,625.6,628.4,626.0,624.0,623.1,623.5,625.1,625.0,624.9,624.9,625.0,625.0,625.1,625.1,625.0,11.7,-94.9,599.3,0.10099999999999999,0.226,0.128,575.2,571.4,570.2,570.8,575.3,586.7,600.6,618.2,642.3,670.3,699.1,725.2,745.1,758.3,764.7,769.4,774.0,586.1,597.2,614.0,630.9,646.4,687.6,705.2,722.1,738.1,748.1,663.9,659.9,656.0,652.0,631.5,641.3,651.1,663.7,675.1,602.3,613.1,624.8,634.4,622.9,611.5,692.6,704.0,716.4,726.3,715.7,703.9,607.9,622.1,636.6,647.9,662.0,679.4,697.1,676.8,658.0,642.9,630.6,617.9,613.3,635.2,647.1,661.2,689.8,660.1,645.8,633.9,157.1,187.8,219.0,249.4,276.7,299.0,314.3,325.6,331.0,332.0,325.4,315.9,299.3,276.0,247.5,217.7,188.9,137.4,122.1,117.0,120.8,129.5,134.7,129.7,130.1,135.3,148.5,159.7,175.6,191.5,208.1,222.1,226.6,230.8,229.2,227.0,159.9,155.9,157.3,163.9,165.0,163.5,171.2,166.9,168.2,174.7,176.2,174.9,257.7,251.3,249.9,254.1,253.6,259.6,269.3,277.2,279.0,278.0,275.5,269.8,258.8,258.9,261.5,262.1,269.0,268.0,267.4,265.2,-48.8,-51.8,-52.8,-52.4,-48.3,-38.8,-27.8,-14.9,1.6,20.6,40.9,59.9,74.3,83.7,87.7,90.9,94.4,-38.5,-30.3,-18.2,-6.3,4.4,32.2,44.0,55.4,66.2,72.9,16.1,13.3,10.6,7.8,-5.7,0.9,7.3,15.7,23.2,-26.4,-18.6,-10.5,-3.8,-11.8,-19.7,35.7,43.3,51.6,58.3,51.1,43.2,-22.2,-12.1,-2.3,5.3,14.6,26.3,38.7,24.6,11.8,1.9,-6.2,-14.9,-18.3,-3.2,4.7,14.0,33.6,13.3,3.8,-4.1,-153.0,-129.9,-106.7,-83.7,-62.2,-44.5,-32.3,-23.6,-19.6,-19.1,-24.0,-31.0,-42.9,-59.4,-79.2,-100.0,-120.6,-159.0,-168.4,-169.9,-165.1,-157.3,-152.2,-155.5,-155.2,-151.6,-142.7,-135.1,-123.0,-111.2,-99.1,-92.8,-89.0,-85.5,-86.5,-88.0,-139.9,-141.7,-140.2,-135.1,-134.6,-136.2,-128.1,-130.8,-129.5,-125.2,-124.0,-125.1,-70.7,-73.4,-73.4,-70.3,-70.5,-67.0,-61.4,-55.2,-53.4,-54.1,-56.0,-60.8,-69.6,-67.4,-65.4,-64.9,-61.4,-61.0,-61.5,-63.3,659.7,660.0,662.2,662.1,652.8,637.3,617.4,599.2,591.9,595.1,605.4,615.5,618.8,618.8,615.8,614.7,616.8,624.7,619.3,611.9,603.9,597.3,591.1,590.6,590.7,590.2,590.5,590.1,583.6,577.3,571.1,588.9,583.9,578.9,578.8,579.1,611.8,607.3,605.0,602.8,604.1,606.5,593.7,592.4,591.0,591.2,590.2,591.3,604.9,591.0,583.3,580.3,579.9,583.9,592.7,583.4,577.5,577.1,580.0,589.9,601.9,583.4,580.7,580.2,590.5,580.4,580.7,583.9,1.459,-0.037000000000000005,0.252,0.128,657.655,220.91099999999997,-29.8,6.8,-11.873,-15.655999999999999,-7.311,8.368,-0.445,9.498,-4.173,5.289,-13.197000000000001,0.239,6.216,0.045,-6.479,5.556,-6.603,-3.597,-7.1,-0.051,-0.077,-3.2289999999999996,0.951,-3.429,1.7590000000000001,-1.46,-0.044000000000000004,0.205,-0.441,0.321,0.36,-0.157,-0.07,0.478,0.38,0.0,0.03,0.0,0.87,2.71,0.51,0.41,0.93,0.75,0.0,0.0,0.84,0.0,0.37,0.0,0.37,1.0,0.0,0.0,0.0,0.0,1.0,0.0,1.0,1.0,1.0,0.0,0.0,1.0,0.0,0.0,0.0,0.0,0.0
5,0,0.16699999999999998,0.98,1,-0.1061,0.21829400000000002,-0.9700979999999999,-0.20506799999999997,0.20683200000000002,-0.956644,-0.16,0.217,610.5,613.3,619.2,624.7,626.7,624.2,618.0,612.5,601.5,606.1,612.1,619.0,625.0,629.2,631.8,628.4,623.5,617.7,611.6,605.8,615.7,618.1,620.7,621.9,621.0,618.6,616.1,614.9,701.3,704.6,710.7,716.1,717.5,714.3,708.2,702.4,695.3,699.0,704.1,710.3,716.4,721.6,725.1,720.7,715.1,709.2,703.5,698.5,706.6,708.9,711.5,712.9,712.3,710.0,707.4,706.0,156.6,151.0,149.2,152.2,158.3,164.4,165.7,162.7,159.5,157.2,155.8,155.5,157.0,159.8,163.0,164.1,163.9,163.6,162.9,161.7,159.9,161.3,160.5,158.0,155.4,154.1,154.9,157.3,168.5,163.0,161.5,164.7,170.9,176.4,178.0,175.1,172.0,169.2,167.5,167.3,169.0,171.6,174.7,177.1,178.0,177.7,176.5,174.8,172.0,173.4,172.8,170.4,167.8,166.4,167.0,169.4,-21.1,-19.2,-15.0,-11.0,-9.6,-11.4,-15.8,-19.7,-27.7,-24.3,-19.9,-15.1,-10.8,-7.8,-5.9,-8.3,-11.8,-16.0,-20.4,-24.5,-17.4,-15.7,-13.9,-13.0,-13.6,-15.4,-17.2,-18.0,44.1,46.4,50.8,54.7,55.7,53.3,48.9,44.8,39.9,42.4,46.0,50.4,54.8,58.7,61.4,58.1,53.9,49.6,45.6,42.1,47.9,49.6,51.4,52.4,52.0,50.4,48.5,47.5,-145.7,-150.0,-151.6,-149.5,-145.0,-140.4,-139.2,-141.3,-144.3,-145.5,-146.2,-146.4,-145.6,-144.1,-142.3,-141.0,-140.6,-140.5,-141.1,-142.3,-143.6,-142.7,-143.4,-145.2,-147.2,-148.1,-147.4,-145.6,-137.6,-141.6,-142.8,-140.3,-135.8,-131.7,-130.6,-132.8,-135.6,-137.2,-138.1,-138.0,-136.9,-135.6,-133.8,-131.6,-130.6,-130.6,-131.6,-133.2,-135.2,-134.1,-134.6,-136.3,-138.3,-139.3,-138.9,-137.1,627.0,628.1,629.1,629.5,629.0,628.2,626.9,626.5,630.0,627.9,626.4,626.2,627.7,630.0,632.2,629.8,627.4,626.1,626.3,627.8,628.2,628.3,628.8,629.3,629.5,629.3,628.8,628.4,628.8,629.2,629.2,628.8,628.3,627.9,627.9,628.5,631.1,629.2,627.5,626.6,627.5,629.6,632.0,629.6,627.6,626.9,627.5,629.4,629.2,629.1,629.1,629.2,629.5,629.6,629.6,629.5,10.3,-95.1,600.7,0.098,0.223,0.161,575.7,571.1,569.1,568.6,571.5,581.2,593.9,611.0,634.7,662.6,691.9,719.1,740.7,755.5,763.3,769.2,774.9,586.4,597.8,614.5,631.2,646.3,687.4,705.6,722.6,738.7,749.2,662.7,658.6,654.5,650.2,629.6,639.1,648.8,661.5,673.0,601.6,612.5,624.4,633.9,622.3,610.8,692.6,703.8,716.3,726.1,715.6,703.8,605.2,619.6,634.1,645.3,659.4,676.9,694.4,674.0,654.9,639.8,627.7,615.1,610.9,632.3,644.1,658.2,687.2,657.0,642.7,630.8,154.9,184.2,214.1,243.4,270.6,293.7,310.8,324.4,331.4,333.7,328.4,319.8,303.8,280.6,251.6,221.1,191.5,135.6,121.2,117.2,121.4,130.1,135.9,131.0,131.6,136.9,150.0,160.2,176.1,192.0,208.6,221.9,226.8,231.3,229.9,227.9,159.2,155.1,156.7,163.6,164.7,163.0,171.8,167.4,169.0,175.8,177.2,175.8,257.3,251.0,250.0,254.4,254.2,260.5,270.8,278.1,279.4,278.0,275.2,269.3,258.5,259.0,261.8,262.7,270.3,268.4,267.4,264.9,-48.3,-51.8,-53.5,-53.9,-51.1,-42.9,-32.7,-20.0,-3.6,15.4,35.9,55.7,71.3,81.8,87.0,90.9,95.2,-38.4,-29.9,-17.9,-6.1,4.3,32.1,44.3,55.8,66.6,73.7,15.4,12.4,9.6,6.7,-7.1,-0.6,5.8,14.2,21.9,-26.9,-19.1,-10.8,-4.2,-12.3,-20.3,35.7,43.3,51.6,58.3,51.1,43.2,-24.1,-13.8,-3.9,3.6,12.9,24.7,36.9,22.7,9.8,-0.1,-8.2,-16.9,-20.1,-5.2,2.8,12.1,31.9,11.3,1.8,-6.1,-154.1,-132.2,-110.1,-88.1,-66.7,-48.4,-34.9,-24.5,-19.4,-17.9,-21.9,-28.3,-39.8,-56.3,-76.5,-97.8,-119.0,-160.6,-169.3,-170.1,-165.0,-157.4,-151.7,-154.9,-154.3,-150.6,-141.7,-135.1,-123.0,-111.3,-99.2,-93.3,-89.2,-85.5,-86.4,-87.7,-140.9,-142.7,-141.1,-135.7,-135.3,-137.0,-127.9,-130.7,-129.2,-124.6,-123.5,-124.7,-71.2,-73.9,-73.6,-70.3,-70.3,-66.6,-60.5,-54.7,-53.3,-54.2,-56.4,-61.3,-70.0,-67.6,-65.3,-64.6,-60.6,-60.9,-61.6,-63.7,657.5,657.7,659.9,660.6,652.8,638.6,620.6,602.2,593.7,595.9,605.5,615.9,619.6,619.9,617.2,615.9,617.6,626.1,620.5,613.0,605.2,598.9,592.6,591.8,591.4,590.6,590.6,591.4,585.3,579.4,573.6,591.1,585.9,581.0,580.7,580.9,614.0,609.5,607.0,604.7,606.1,608.7,594.9,593.5,592.0,592.0,591.1,592.3,606.7,592.8,585.4,582.1,581.4,585.3,593.6,584.6,578.7,578.8,581.9,591.8,603.5,585.3,582.3,581.4,591.6,581.6,582.2,585.7,1.456,-0.04,0.249,0.16,655.659,221.088,-33.734,-2.653,-12.776,-15.515999999999998,-8.992,7.7379999999999995,-2.39,10.112,-1.565,5.188,-13.782,2.285,4.22,1.196,-5.381,5.255,-6.655,-3.8369999999999997,-6.544,0.07,-0.42,-2.5989999999999998,1.379,-3.2439999999999998,1.568,-1.395,0.152,-0.128,-0.244,0.163,0.20800000000000002,-0.141,-0.14400000000000002,0.522,0.35,0.0,0.1,0.0,0.85,2.52,0.29,0.46,1.01,0.6,0.0,0.0,0.88,0.0,0.27,0.0,0.14,1.0,0.0,0.0,0.0,0.0,1.0,0.0,1.0,1.0,1.0,0.0,0.0,1.0,0.0,0.0,0.0,0.0,0.0
6,0,0.209,0.98,1,-0.11563699999999999,0.209089,-0.971036,-0.20361400000000002,0.208231,-0.956651,-0.16399999999999998,0.213,612.3,615.3,621.3,626.9,628.6,626.0,619.6,614.1,603.8,608.3,614.4,621.2,627.4,631.7,634.3,630.7,625.5,619.5,613.4,607.9,617.6,620.0,622.6,623.9,623.1,620.7,618.1,616.8,703.9,707.3,713.4,718.7,720.1,716.8,710.7,704.9,698.2,701.8,706.8,713.0,719.2,724.4,728.1,723.5,717.7,711.7,706.0,701.2,709.3,711.6,714.2,715.6,715.0,712.7,710.1,708.7,157.0,151.5,149.8,152.9,159.0,165.1,166.2,163.1,159.9,157.5,156.1,156.0,157.9,161.0,164.4,165.7,165.5,165.0,164.1,162.5,160.5,161.8,161.1,158.7,156.1,154.7,155.5,157.8,169.7,164.2,162.7,165.9,172.1,177.5,179.1,176.3,172.7,170.0,168.4,168.4,170.3,173.1,176.5,178.5,178.9,178.4,177.1,175.5,173.3,174.7,174.0,171.6,169.0,167.6,168.3,170.6,-19.6,-17.5,-13.2,-9.3,-8.0,-9.9,-14.4,-18.3,-25.8,-22.4,-18.1,-13.3,-8.9,-5.9,-4.0,-6.6,-10.3,-14.5,-18.8,-22.8,-15.9,-14.2,-12.3,-11.4,-12.0,-13.7,-15.5,-16.4,45.8,48.3,52.6,56.4,57.3,54.9,50.5,46.5,41.9,44.4,47.8,52.1,56.5,60.4,63.3,59.8,55.5,51.1,47.2,43.9,49.6,51.2,53.1,54.2,53.8,52.2,50.3,49.2,-143.7,-147.8,-149.2,-147.0,-142.5,-138.0,-137.0,-139.2,-142.4,-143.5,-144.1,-144.1,-143.0,-141.3,-139.3,-137.8,-137.5,-137.6,-138.4,-139.9,-141.4,-140.4,-141.0,-142.8,-144.7,-145.7,-145.1,-143.3,-136.4,-140.4,-141.5,-139.0,-134.3,-130.3,-129.3,-131.5,-134.8,-136.2,-137.0,-136.8,-135.5,-133.9,-131.9,-130.0,-129.3,-129.5,-130.7,-132.3,-133.8,-132.7,-133.2,-134.9,-136.9,-138.0,-137.5,-135.8,619.2,620.2,621.0,620.9,620.2,619.3,618.4,618.4,622.5,620.2,618.4,617.9,619.1,621.1,623.1,620.8,618.7,617.7,618.2,620.0,619.9,619.9,620.2,620.7,621.0,621.0,620.7,620.3,627.1,627.5,627.3,626.4,625.5,625.0,625.3,626.4,629.5,627.5,625.7,624.5,625.0,626.7,628.8,626.5,624.7,624.2,625.2,627.4,627.0,626.7,626.5,626.8,627.2,627.5,627.6,627.4,11.7,-94.7,602.7,0.113,0.195,0.175,577.6,572.9,570.5,569.4,571.4,580.0,592.2,609.2,633.2,661.4,691.0,718.7,740.9,755.9,764.1,770.2,776.0,588.8,600.3,616.8,633.5,648.6,690.4,708.6,725.4,741.1,751.5,665.1,661.2,657.3,653.2,632.2,641.8,651.6,664.1,675.6,603.7,614.6,626.6,636.3,624.6,613.0,695.4,706.5,719.1,728.8,718.4,706.5,607.3,622.2,637.1,648.1,661.8,679.3,696.4,676.4,657.3,642.7,630.8,617.7,613.2,635.2,646.8,660.5,689.4,659.1,645.2,633.6,153.7,181.5,209.9,238.1,265.3,289.2,308.0,324.2,332.8,335.9,330.7,321.9,305.9,282.7,254.1,224.1,194.7,135.1,121.6,118.0,122.4,131.0,137.3,132.5,133.3,138.5,151.3,161.6,177.5,193.4,210.0,223.1,228.2,232.8,231.4,229.6,160.0,155.6,157.3,164.5,165.7,163.9,173.0,168.3,170.1,177.1,178.5,177.0,258.5,252.1,251.2,255.6,255.3,261.7,272.4,280.2,281.6,280.2,277.4,271.1,259.8,260.6,263.4,264.3,271.9,270.3,269.2,266.6,-46.7,-50.3,-52.3,-53.2,-51.2,-44.0,-34.1,-21.3,-4.7,14.7,35.5,55.9,72.1,82.9,88.4,92.5,96.8,-36.6,-28.2,-16.3,-4.5,5.9,34.3,46.7,58.1,68.7,75.7,17.0,14.2,11.5,8.7,-5.3,1.2,7.7,16.1,23.8,-25.5,-17.7,-9.3,-2.6,-10.7,-18.8,37.9,45.3,53.8,60.5,53.3,45.3,-22.8,-12.1,-1.9,5.4,14.5,26.4,38.6,24.4,11.5,1.8,-6.2,-15.2,-18.6,-3.2,4.6,13.7,33.6,12.8,3.5,-4.3,-154.4,-133.7,-112.8,-91.9,-70.8,-51.9,-37.1,-24.9,-18.6,-16.5,-20.4,-27.1,-38.6,-55.3,-75.4,-96.6,-117.6,-160.9,-169.0,-169.6,-164.6,-157.2,-151.5,-154.7,-154.1,-150.4,-141.7,-134.6,-122.6,-110.8,-98.8,-92.9,-88.6,-84.9,-85.8,-87.1,-140.6,-142.7,-140.9,-135.5,-135.0,-136.8,-127.8,-130.8,-129.3,-124.6,-123.4,-124.6,-70.6,-73.3,-73.0,-69.8,-69.9,-66.1,-59.8,-53.6,-52.1,-53.0,-55.2,-60.3,-69.3,-66.8,-64.6,-63.9,-59.9,-59.9,-60.7,-62.8,654.8,655.3,657.9,659.7,653.8,641.3,625.4,607.3,598.0,599.8,609.7,621.1,625.5,625.7,623.0,621.6,622.8,625.9,620.4,613.3,606.1,600.8,595.5,595.0,594.8,594.1,594.0,593.8,587.9,582.2,576.3,593.6,588.6,584.0,583.8,584.2,615.3,610.8,608.4,606.5,607.8,610.3,598.2,596.9,595.7,595.9,594.9,595.9,608.7,594.8,587.6,584.7,584.0,588.6,597.7,588.0,581.5,581.5,584.3,594.1,605.6,587.8,585.1,584.3,595.6,584.1,584.7,587.9,1.45,-0.022000000000000002,0.213,0.175,657.579,222.0,-35.271,-8.95,-13.368,-12.72,-12.449000000000002,5.449,-3.802,12.719000000000001,0.22699999999999998,6.559,-14.845,5.2829999999999995,2.845,1.263,-3.991,4.1530000000000005,-5.992999999999999,-4.2669999999999995,-5.742000000000001,0.32299999999999995,0.385,-1.94,2.455,-2.528,1.4780000000000002,-1.406,0.758,-0.46299999999999997,-0.105,0.099,0.114,-0.114,-0.113,0.354,0.16,0.0,0.19,0.0,0.79,2.42,0.13,0.43,0.96,0.41,0.0,0.0,0.89,0.01,0.22,0.01,0.02,1.0,0.0,0.0,0.0,0.0,1.0,0.0,1.0,1.0,1.0,0.0,0.0,1.0,0.0,0.0,0.0,0.0,0.0
7,0,0.25,0.98,1,-0.10203,0.19784000000000002,-0.97491,-0.17793299999999998,0.18896300000000002,-0.9657290000000001,-0.14300000000000002,0.19699999999999998,616.2,619.4,625.8,631.6,633.4,630.5,623.8,618.0,608.3,612.7,618.6,625.5,631.9,636.7,639.8,635.7,630.0,623.7,617.6,612.1,621.9,624.3,627.1,628.4,627.7,625.2,622.5,621.1,708.7,712.0,718.2,723.9,725.5,722.3,716.0,709.9,702.8,706.7,712.0,718.4,724.7,729.7,733.1,728.8,723.3,717.3,711.5,706.2,714.2,716.6,719.3,720.8,720.0,717.6,714.9,713.4,158.1,152.5,150.7,153.8,160.0,166.3,167.5,164.3,161.3,158.7,157.2,157.0,159.0,162.3,165.9,167.1,166.8,166.2,165.3,163.8,161.7,163.0,162.3,159.9,157.2,155.9,156.6,159.1,170.7,165.0,163.3,166.6,172.9,178.6,180.4,177.5,174.2,171.3,169.5,169.4,171.3,174.0,177.3,179.9,180.7,180.5,179.1,177.3,174.3,175.7,175.0,172.5,169.7,168.3,169.1,171.5,-16.3,-14.1,-9.8,-5.8,-4.5,-6.5,-11.1,-15.0,-21.9,-18.7,-14.6,-9.9,-5.5,-2.3,-0.2,-3.0,-6.8,-11.1,-15.3,-19.1,-12.4,-10.7,-8.9,-7.9,-8.5,-10.2,-12.0,-13.0,47.8,50.1,54.5,58.4,59.5,57.2,52.8,48.6,43.8,46.4,50.0,54.4,58.8,62.5,65.1,61.9,57.8,53.6,49.6,46.1,51.6,53.3,55.3,56.3,55.8,54.1,52.2,51.2,-138.2,-142.4,-143.7,-141.4,-136.9,-132.3,-131.4,-133.7,-136.8,-138.0,-138.6,-138.5,-137.3,-135.4,-133.3,-132.0,-131.8,-132.1,-133.0,-134.5,-135.8,-134.8,-135.4,-137.2,-139.1,-140.1,-139.5,-137.8,-131.7,-135.8,-137.0,-134.7,-130.1,-126.0,-124.8,-126.9,-129.7,-131.4,-132.3,-132.2,-131.1,-129.7,-127.8,-125.6,-124.5,-124.5,-125.5,-127.2,-129.3,-128.3,-128.8,-130.6,-132.6,-133.6,-133.1,-131.3,599.1,600.4,600.8,600.1,598.8,597.7,597.1,597.8,602.5,600.1,598.1,597.2,597.9,599.3,600.9,598.8,597.0,596.4,597.4,599.6,599.2,599.0,599.1,599.7,600.2,600.5,600.4,599.8,608.9,609.4,609.6,609.2,608.6,608.1,607.9,608.5,610.7,609.0,607.5,606.8,607.8,610.0,612.4,610.0,607.9,606.9,607.4,609.0,609.3,609.2,609.3,609.5,609.8,609.9,609.8,609.6,15.8,-94.1,605.1,0.11800000000000001,0.126,0.16899999999999998,579.6,575.1,572.7,571.6,574.0,583.2,596.1,614.3,639.1,667.1,695.5,721.9,743.2,757.3,765.0,770.6,775.4,592.6,604.7,621.5,638.4,653.5,696.9,715.3,732.3,747.9,757.6,671.5,668.4,665.4,662.1,639.7,649.6,659.6,671.9,683.2,607.9,619.0,631.3,641.5,629.5,617.5,700.5,711.7,724.5,734.2,723.9,711.8,613.9,629.9,645.4,656.5,669.7,686.5,701.9,683.6,665.6,651.5,639.5,625.5,620.1,643.7,655.3,668.5,695.2,667.1,653.6,642.0,154.8,182.8,211.6,239.6,266.5,289.9,308.5,325.4,334.7,338.2,332.8,323.0,306.3,282.2,253.3,222.9,193.4,134.0,121.5,118.7,123.3,132.1,138.6,133.8,134.5,139.9,152.7,163.4,179.5,195.5,212.2,224.8,230.1,234.7,233.2,231.2,161.2,156.7,158.5,165.8,167.1,165.3,174.2,169.6,171.4,178.4,179.9,178.4,260.7,253.8,252.9,257.1,256.8,263.2,273.8,283.1,285.0,283.8,281.0,274.0,262.0,262.5,265.0,266.0,273.4,273.3,272.2,269.6,-44.9,-48.4,-50.4,-51.4,-49.2,-41.6,-31.5,-17.9,-0.6,18.7,39.1,59.0,74.9,85.1,90.3,94.0,97.6,-33.8,-25.0,-13.0,-1.1,9.3,39.0,51.7,63.5,74.3,81.3,21.5,19.2,17.0,14.6,-0.2,6.5,13.2,21.5,29.1,-22.6,-14.7,-6.0,1.0,-7.4,-15.7,41.8,49.5,58.3,65.1,57.8,49.5,-18.2,-6.9,3.7,11.1,20.0,31.5,42.7,29.6,17.1,7.7,-0.3,-9.9,-13.8,2.5,10.3,19.2,38.0,18.2,9.2,1.3,-152.7,-132.1,-111.1,-90.5,-69.7,-51.4,-36.9,-24.1,-17.4,-15.0,-19.1,-26.6,-39.0,-56.5,-77.1,-98.7,-120.0,-161.3,-168.9,-169.2,-164.3,-157.0,-151.7,-155.3,-155.1,-151.7,-143.3,-134.3,-122.0,-110.1,-97.9,-92.1,-87.8,-84.1,-85.2,-86.7,-139.9,-142.2,-140.5,-135.2,-134.4,-136.1,-128.3,-131.5,-130.1,-125.5,-124.1,-125.2,-69.2,-72.4,-72.2,-69.1,-69.3,-65.7,-59.5,-52.2,-50.2,-51.0,-53.0,-58.5,-67.9,-65.8,-63.9,-63.2,-59.5,-58.3,-59.0,-61.0,650.9,652.2,655.1,657.5,652.7,641.3,626.8,609.8,601.0,604.5,616.4,629.8,635.3,635.1,632.0,630.0,630.6,624.6,619.7,613.5,607.2,602.9,599.5,600.7,602.0,603.1,604.8,597.8,591.5,585.6,579.6,595.7,591.2,587.3,587.8,589.1,616.0,612.1,610.2,609.1,609.8,611.7,604.4,604.1,603.6,604.6,602.7,603.0,609.4,596.3,589.9,587.7,587.8,593.8,603.9,593.1,585.7,585.1,587.1,595.8,606.5,590.3,588.2,588.4,601.4,588.4,588.2,590.6,1.4409999999999998,-0.008,0.128,0.168,663.268,223.46200000000002,-38.851,-7.871,-13.880999999999998,-6.635,-13.798,3.891,-6.72,14.828,0.8740000000000001,5.292999999999999,-13.765999999999998,4.082,1.85,0.6409999999999999,-1.368,4.678,-5.199,-7.44,-6.909,0.342,0.18100000000000002,-0.446,2.7289999999999996,-1.065,1.511,-0.83,0.462,-0.545,-0.235,-0.063,-0.027000000000000003,-0.2,-0.28300000000000003,0.314,0.15,0.0,0.18,0.0,0.78,2.5,0.06,0.24,0.97,0.32,0.0,0.0,0.88,0.01,0.11,0.02,0.0,1.0,0.0,0.0,0.0,0.0,1.0,0.0,1.0,1.0,1.0,0.0,0.0,1.0,0.0,0.0,0.0,0.0,0.0
8,0,0.292,0.98,1,-0.068414,0.19528099999999998,-0.978358,-0.142764,0.17966,-0.9733139999999999,-0.10800000000000001,0.19,621.4,624.5,630.8,636.6,638.4,635.7,629.1,623.3,612.8,617.5,623.7,630.7,637.1,641.7,644.7,640.8,635.3,629.0,622.7,616.9,627.1,629.5,632.2,633.5,632.7,630.2,627.6,626.2,713.5,717.0,723.3,728.8,730.2,726.8,720.5,714.5,707.8,711.6,716.7,723.1,729.3,734.4,738.0,733.5,727.8,721.8,716.0,711.0,718.9,721.3,724.1,725.6,725.0,722.6,719.8,718.2,159.7,154.0,152.2,155.4,161.6,167.9,169.1,166.0,162.7,160.2,158.8,158.6,160.6,163.8,167.2,168.6,168.3,167.8,166.9,165.3,163.3,164.6,163.8,161.4,158.8,157.4,158.2,160.6,171.7,166.1,164.5,167.8,174.1,179.6,181.2,178.4,175.2,172.2,170.4,170.4,172.4,175.3,179.0,181.1,181.6,181.1,179.7,178.1,175.4,176.9,176.2,173.7,171.0,169.5,170.2,172.7,-12.7,-10.6,-6.3,-2.4,-1.1,-2.9,-7.4,-11.4,-18.7,-15.4,-11.1,-6.3,-2.0,1.2,3.3,0.6,-3.2,-7.5,-11.8,-15.8,-8.8,-7.2,-5.4,-4.5,-5.0,-6.7,-8.5,-9.4,51.5,53.9,58.4,62.1,63.0,60.5,56.1,52.1,47.6,50.1,53.6,57.9,62.3,66.1,68.8,65.4,61.2,56.9,53.0,49.7,55.2,56.9,58.8,59.9,59.5,57.9,55.9,54.8,-136.7,-140.9,-142.3,-140.1,-135.5,-131.1,-130.0,-132.2,-135.5,-136.7,-137.2,-137.2,-136.0,-134.3,-132.3,-130.9,-130.6,-130.8,-131.6,-133.1,-134.4,-133.5,-134.1,-135.8,-137.8,-138.7,-138.1,-136.3,-131.8,-135.9,-137.0,-134.5,-129.9,-125.8,-124.7,-126.9,-129.8,-131.5,-132.4,-132.2,-130.9,-129.2,-127.1,-125.1,-124.4,-124.6,-125.7,-127.3,-129.2,-128.1,-128.6,-130.4,-132.4,-133.5,-133.0,-131.2,597.4,598.5,599.2,598.9,597.9,597.0,596.1,596.4,600.9,598.5,596.7,596.0,597.0,598.8,600.7,598.4,596.3,595.5,596.1,598.1,597.9,597.8,598.0,598.5,599.0,599.1,598.8,598.3,612.5,613.3,613.3,612.4,611.2,610.4,610.5,611.6,614.4,612.7,611.1,610.1,610.6,612.3,614.3,611.9,610.1,609.4,610.3,612.3,612.4,612.1,612.0,612.4,612.9,613.3,613.3,612.9,20.1,-92.5,603.2,0.105,0.096,0.13699999999999998,580.7,576.9,575.1,574.8,579.4,591.1,606.3,625.9,651.3,679.3,706.2,730.5,749.4,761.6,767.9,772.2,775.4,596.1,607.8,625.2,642.7,658.5,702.7,720.5,737.0,751.8,759.8,678.2,675.5,673.0,670.3,646.6,657.0,667.5,679.7,690.7,612.9,624.1,636.4,646.4,634.6,622.6,705.3,716.6,729.2,738.6,728.5,716.6,620.3,636.8,652.7,664.4,678.0,694.2,708.7,691.6,674.2,659.7,647.2,632.7,626.3,651.3,663.4,677.0,702.1,675.7,661.9,649.7,159.6,189.4,219.7,248.9,275.8,298.4,315.4,329.8,337.3,339.4,332.2,321.0,303.2,278.8,250.3,220.5,191.7,138.1,124.4,120.1,124.1,132.7,139.3,135.0,136.2,142.3,155.6,164.3,180.8,197.2,214.3,227.1,232.1,236.7,235.1,232.8,162.9,158.2,159.8,167.2,168.5,166.9,175.3,170.7,172.5,179.6,180.9,179.3,263.2,256.2,255.1,259.3,258.8,264.9,275.1,284.7,287.1,285.9,283.2,276.3,264.4,264.7,267.2,267.9,274.8,275.2,274.4,271.8,-44.1,-47.1,-48.7,-49.0,-45.1,-35.6,-24.0,-9.7,7.7,27.1,46.7,65.3,79.6,88.4,92.4,95.2,97.7,-31.2,-22.7,-10.4,1.9,12.7,43.1,55.5,67.1,77.4,83.1,26.1,23.9,22.0,20.0,4.5,11.4,18.4,26.6,34.1,-18.9,-11.1,-2.5,4.5,-3.8,-12.1,45.1,52.9,61.7,68.3,61.1,52.9,-13.7,-2.1,8.6,16.3,25.5,36.8,47.4,35.0,22.8,13.1,4.8,-5.0,-9.5,7.6,15.7,24.9,42.7,24.0,14.7,6.5,-149.1,-127.3,-105.2,-83.4,-62.6,-44.9,-31.7,-20.9,-15.5,-14.2,-19.6,-28.1,-41.3,-59.0,-79.3,-100.5,-121.4,-157.6,-166.2,-167.8,-163.4,-156.4,-151.6,-155.0,-154.7,-150.7,-141.8,-133.6,-120.9,-108.6,-96.1,-90.1,-86.1,-82.5,-83.7,-85.5,-137.8,-140.4,-139.0,-133.7,-132.8,-134.2,-127.7,-130.9,-129.7,-125.0,-123.6,-124.7,-67.0,-70.4,-70.5,-67.4,-67.9,-64.5,-58.6,-51.0,-48.7,-49.3,-51.3,-56.6,-66.0,-64.1,-62.2,-61.8,-58.6,-57.0,-57.4,-59.3,651.0,652.8,655.9,657.3,650.6,637.6,621.2,604.7,598.1,603.7,617.2,630.9,636.3,636.0,632.4,630.2,631.1,621.5,617.2,611.9,606.2,602.1,601.1,603.0,604.8,605.7,607.3,597.6,590.4,583.6,576.8,592.9,588.7,585.1,586.1,587.8,611.8,608.7,607.4,606.8,606.9,608.2,605.0,605.0,604.9,606.4,604.1,604.1,606.0,593.6,587.6,585.9,586.8,593.4,604.1,592.7,584.5,582.8,584.4,592.5,603.5,588.1,586.5,587.5,601.2,587.4,586.3,588.2,1.443,-0.015,0.091,0.13699999999999998,669.471,225.46599999999998,-37.243,6.006,-13.325,-5.4910000000000005,-13.607999999999999,6.361000000000001,-6.481,12.902000000000001,-0.617,5.6579999999999995,-12.877,1.494,6.392,-0.579,-2.969,4.365,-4.772,-7.707000000000001,-5.819,-0.221,-0.631,-0.23,1.534,-1.2890000000000001,1.215,-0.9940000000000001,0.24,-0.662,-0.24600000000000002,-0.006999999999999999,-0.054000000000000006,-0.185,-0.17800000000000002,0.298,0.17,0.0,0.11,0.0,0.84,2.75,0.06,0.11,1.01,0.28,0.0,0.0,0.8,0.01,0.05,0.02,0.08,1.0,0.0,0.0,0.0,0.0,1.0,0.0,1.0,1.0,1.0,0.0,0.0,1.0,0.0,0.0,0.0,0.0,0.0
9,0,0.33399999999999996,0.98,1,-0.0103,0.235927,-0.971716,-0.11173,0.23653600000000002,-0.9651770000000001,-0.063,0.239,628.7,631.7,638.1,644.2,646.3,643.6,636.9,630.8,620.2,624.6,630.5,637.3,643.8,648.8,652.2,648.3,642.8,636.4,630.0,624.3,634.6,637.2,639.9,641.2,640.3,637.7,635.0,633.7,720.4,723.9,730.0,735.1,736.3,732.8,726.7,721.1,714.1,718.4,723.9,730.3,736.1,740.7,743.5,739.6,734.4,728.6,722.8,717.5,725.5,727.6,730.1,731.6,731.1,729.0,726.4,725.0,163.8,158.2,156.2,159.2,165.3,171.6,172.9,169.9,167.2,164.8,163.2,162.8,164.4,167.3,170.5,170.5,169.4,168.7,168.3,168.0,167.4,168.6,167.8,165.4,162.7,161.5,162.3,164.7,175.3,170.0,168.7,172.2,178.5,183.8,185.0,181.8,177.2,175.7,174.9,175.5,177.5,179.9,182.5,184.1,184.2,183.3,181.6,179.8,178.8,180.3,179.8,177.6,175.0,173.5,174.0,176.2,-7.8,-5.7,-1.3,2.9,4.4,2.5,-2.2,-6.3,-13.8,-10.7,-6.6,-1.9,2.6,6.1,8.5,5.7,1.9,-2.5,-6.9,-10.9,-3.8,-2.0,-0.1,0.9,0.2,-1.6,-3.5,-4.4,58.5,61.0,65.5,69.2,70.1,67.5,63.1,59.0,54.0,57.0,60.9,65.5,69.9,73.5,76.0,72.8,68.7,64.4,60.1,56.4,62.2,63.8,65.7,66.7,66.4,64.8,62.9,61.9,-136.1,-140.5,-142.0,-139.8,-135.2,-130.5,-129.4,-131.5,-134.5,-135.7,-136.4,-136.5,-135.5,-133.8,-131.9,-131.5,-131.8,-132.2,-132.6,-133.3,-133.7,-132.8,-133.4,-135.3,-137.3,-138.2,-137.6,-135.7,-134.3,-138.1,-139.1,-136.6,-132.1,-128.2,-127.3,-129.6,-133.3,-134.1,-134.3,-133.8,-132.7,-131.6,-130.3,-128.6,-128.0,-128.4,-129.5,-131.1,-131.9,-130.9,-131.3,-132.9,-134.8,-135.8,-135.4,-133.8,607.2,608.9,609.7,609.1,607.5,605.9,604.9,605.5,610.5,608.3,606.4,605.6,606.3,607.7,609.2,607.1,605.3,604.6,605.5,607.6,607.3,607.1,607.4,608.2,608.9,609.1,608.8,608.0,636.0,636.1,636.4,636.7,636.8,636.7,636.5,636.4,638.2,636.3,634.9,634.6,636.3,639.2,642.3,639.4,636.9,635.4,635.5,636.8,637.1,637.3,637.4,637.4,637.3,637.2,637.1,637.1,24.5,-90.2,601.6,0.094,0.057,0.127,583.0,579.5,577.8,577.7,583.3,596.4,613.1,633.8,659.9,687.7,713.5,736.0,753.4,764.6,770.4,775.1,778.5,600.5,611.3,629.8,648.9,666.4,708.9,726.8,743.8,758.9,766.0,685.8,683.4,681.2,678.8,653.7,664.4,675.5,687.9,698.9,619.8,631.2,643.1,653.4,641.8,630.2,711.8,723.4,735.6,744.7,734.8,723.2,626.7,643.8,659.9,671.9,685.7,701.1,714.4,698.4,682.0,667.4,654.5,639.7,632.6,658.4,670.8,684.7,708.2,683.5,669.5,656.9,163.3,194.3,225.4,255.2,281.9,303.7,319.2,331.9,339.0,341.0,334.0,322.5,304.1,279.4,250.8,221.0,192.3,145.7,129.2,123.1,126.7,135.5,141.6,137.2,138.7,145.7,160.5,166.5,183.7,200.7,218.5,229.6,234.9,239.9,238.2,235.7,166.3,162.6,163.9,169.8,171.1,169.7,177.8,174.7,176.6,182.7,183.7,181.9,265.5,259.2,258.4,262.9,262.3,268.3,277.8,286.9,289.2,288.0,285.1,278.3,266.6,267.5,270.3,271.1,277.5,277.2,276.3,273.7,-42.3,-45.0,-46.5,-46.6,-41.9,-31.6,-19.0,-4.2,13.5,33.0,52.1,69.6,83.0,91.2,94.9,97.9,100.7,-28.1,-20.3,-7.2,6.2,18.1,47.4,59.9,72.0,82.7,88.0,31.3,29.3,27.4,25.5,9.2,16.4,23.7,32.1,39.6,-14.0,-6.1,2.1,9.2,1.2,-6.8,49.7,57.8,66.2,72.8,65.6,57.6,-9.2,2.6,13.3,21.3,30.6,41.4,51.4,39.5,28.0,18.2,9.7,-0.2,-5.1,12.3,20.6,30.0,46.8,29.2,19.7,11.3,-146.0,-123.2,-100.5,-78.4,-57.8,-40.8,-28.7,-19.2,-14.3,-13.1,-18.4,-27.2,-40.9,-59.1,-79.5,-100.8,-121.9,-152.2,-162.7,-165.6,-161.4,-154.1,-150.2,-153.8,-153.5,-149.1,-139.4,-132.1,-118.8,-106.0,-93.0,-88.0,-83.9,-80.1,-81.5,-83.5,-134.8,-136.9,-135.8,-131.6,-130.7,-131.7,-126.1,-128.3,-127.1,-123.1,-122.0,-123.2,-65.1,-68.2,-68.1,-64.9,-65.5,-62.2,-56.8,-49.4,-47.2,-47.8,-49.9,-55.0,-64.1,-62.0,-60.0,-59.6,-56.6,-55.6,-55.9,-57.8,649.3,650.6,653.8,654.7,647.3,634.0,615.9,599.9,595.8,604.1,620.1,634.6,640.6,640.8,636.8,634.5,636.1,621.4,616.9,611.4,605.5,600.5,601.7,604.2,606.9,608.7,611.1,597.3,589.7,582.4,575.3,590.8,586.9,583.6,585.6,587.9,608.9,606.6,605.9,605.4,605.1,605.7,605.5,605.9,606.2,607.9,605.5,605.2,602.7,591.7,586.3,584.9,586.4,593.3,604.0,592.0,583.7,581.1,582.3,589.7,600.4,586.6,585.5,587.2,600.8,586.8,584.9,586.5,1.445,-0.022000000000000002,0.038,0.128,675.846,228.442,-31.232,9.408,-13.644,-3.931,-12.685,9.459,-7.388,8.384,-1.8630000000000002,5.971,-13.607999999999999,-4.0,10.763,0.496,-4.585,4.599,-4.49,-7.023,-7.694,-0.22,0.9990000000000001,-1.0390000000000001,2.3369999999999997,-2.454,1.153,-0.275,0.047,-0.721,-0.165,-0.155,0.429,-0.17,0.002,0.348,0.31,0.0,0.03,0.0,0.79,2.91,0.04,0.01,1.06,0.32,0.0,0.05,0.66,0.0,0.0,0.01,0.38,1.0,0.0,0.0,0.0,0.0,1.0,0.0,1.0,1.0,1.0,0.0,0.0,1.0,0.0,0.0,0.0,0.0,0.0
10,0,0.375,0.98,1,0.043372,0.252245,-0.966691,-0.082447,0.279072,-0.956724,-0.02,0.27,636.5,639.5,645.9,652.1,654.4,651.8,645.0,638.8,627.5,632.0,637.8,644.4,651.0,656.6,660.7,656.7,650.8,644.1,637.5,631.7,642.6,645.2,647.9,649.2,648.2,645.6,642.9,641.7,725.4,728.9,735.1,740.5,741.8,738.3,732.1,726.3,719.4,723.4,728.8,735.2,741.2,745.9,749.0,744.9,739.7,733.9,727.9,722.6,730.7,732.9,735.5,737.0,736.4,734.2,731.6,730.2,170.8,164.9,162.8,165.6,171.8,178.3,179.8,177.0,174.0,172.0,170.5,170.0,171.1,173.3,175.5,176.3,175.7,175.4,175.3,175.0,174.2,175.4,174.4,172.0,169.4,168.2,169.1,171.6,182.4,177.0,175.5,178.9,185.1,190.6,192.0,188.9,182.4,181.5,181.5,182.4,184.2,185.8,187.8,190.2,191.0,190.6,188.7,186.0,185.6,187.0,186.4,184.1,181.5,180.1,180.7,183.0,-2.4,-0.4,4.0,8.3,9.8,8.1,3.4,-0.8,-8.6,-5.5,-1.5,3.0,7.5,11.3,14.2,11.4,7.3,2.8,-1.7,-5.7,1.8,3.6,5.4,6.3,5.6,3.8,2.0,1.1,61.4,63.8,68.3,72.2,73.3,70.8,66.3,62.1,57.2,59.9,63.6,68.2,72.7,76.4,79.0,75.8,71.8,67.5,63.2,59.4,65.3,67.0,68.8,69.8,69.4,67.8,65.9,64.9,-129.3,-133.7,-135.3,-133.2,-128.7,-123.9,-122.7,-124.8,-128.1,-128.9,-129.4,-129.6,-128.9,-127.7,-126.6,-125.5,-125.5,-125.6,-125.9,-126.6,-127.0,-126.2,-126.9,-128.7,-130.6,-131.5,-130.8,-129.0,-127.6,-131.4,-132.4,-130.1,-125.8,-122.1,-121.0,-123.2,-128.1,-128.3,-128.0,-127.2,-126.3,-125.7,-124.9,-122.7,-121.7,-121.7,-123.0,-125.2,-125.6,-124.7,-125.1,-126.7,-128.4,-129.4,-129.0,-127.4,598.0,599.5,600.2,599.5,598.0,596.7,595.9,596.5,602.3,599.7,597.6,596.6,597.1,598.5,600.1,597.9,596.0,595.5,596.6,599.0,598.2,597.9,598.2,598.8,599.5,599.7,599.5,598.8,628.8,628.1,628.0,628.6,629.6,630.3,630.4,630.0,630.9,628.9,627.3,627.0,628.7,631.4,634.7,632.4,630.2,628.7,628.6,629.8,630.2,630.5,630.5,630.2,629.8,629.5,629.5,629.8,28.7,-87.6,605.2,0.095,0.013000000000000001,0.127,586.0,582.8,580.8,580.5,586.2,599.6,617.4,639.5,666.1,693.4,717.8,739.0,755.4,766.3,772.4,777.9,781.8,605.2,615.5,634.5,654.7,673.4,714.9,732.7,749.5,764.6,771.5,692.5,690.7,688.9,687.0,660.7,671.8,683.1,695.3,706.0,627.1,638.8,650.5,660.9,649.5,638.0,717.0,728.8,740.8,749.9,740.0,728.5,632.8,650.6,667.0,679.0,692.8,707.3,719.8,704.7,689.2,674.8,661.9,646.6,638.6,665.4,677.9,691.7,713.9,690.5,676.6,663.9,168.7,199.5,229.9,259.2,285.4,307.1,322.7,335.1,342.2,344.0,337.4,325.6,306.8,281.8,253.3,223.9,195.4,153.3,135.4,128.0,131.1,139.4,145.4,141.3,143.3,151.0,166.4,171.8,188.9,205.8,223.5,234.3,239.7,244.8,243.1,240.8,172.9,169.5,170.7,176.1,177.4,176.2,183.7,181.2,183.1,188.9,189.9,188.1,269.2,263.6,263.2,267.7,267.2,272.9,281.7,290.7,292.8,291.6,288.7,282.0,270.3,271.8,274.8,275.6,281.5,281.1,280.3,277.6,-40.2,-42.6,-44.2,-44.5,-39.8,-29.3,-16.0,-0.3,17.9,37.2,55.8,72.7,85.6,93.8,97.9,101.6,105.0,-24.9,-17.4,-3.9,10.2,23.0,51.8,64.5,76.7,87.7,93.0,36.1,34.4,32.8,31.1,14.1,21.5,28.9,37.3,44.8,-9.0,-0.9,7.3,14.5,6.6,-1.4,53.7,62.0,70.5,77.1,69.9,61.8,-5.0,7.2,18.2,26.3,35.7,46.0,55.6,44.1,33.0,23.2,14.6,4.5,-0.9,17.1,25.5,34.9,51.2,34.1,24.6,16.1,-142.4,-119.5,-97.2,-75.3,-55.2,-38.4,-26.4,-17.2,-12.2,-11.1,-16.2,-25.3,-39.4,-58.1,-78.8,-100.3,-121.9,-147.5,-159.1,-162.8,-159.1,-152.0,-148.5,-152.3,-151.9,-147.2,-137.0,-129.4,-116.2,-103.4,-90.4,-85.4,-81.3,-77.4,-78.9,-80.8,-130.7,-132.5,-131.7,-127.9,-126.8,-127.6,-123.0,-125.0,-123.7,-120.1,-118.9,-120.0,-62.8,-65.5,-65.3,-62.1,-62.7,-59.5,-54.5,-47.2,-45.1,-45.6,-47.7,-52.8,-61.9,-59.5,-57.4,-57.1,-54.4,-53.3,-53.6,-55.5,651.2,651.3,653.4,653.9,647.1,635.4,618.0,602.9,600.5,610.0,627.5,642.5,649.1,650.0,646.6,644.9,647.8,624.6,619.9,614.0,608.2,602.9,605.7,609.3,613.2,616.2,619.2,601.6,594.0,586.6,579.6,594.1,590.9,588.0,590.7,593.4,610.9,608.8,608.6,608.5,607.7,607.7,610.5,611.3,612.0,614.2,611.4,610.7,605.3,595.2,590.1,589.1,591.0,598.2,609.6,596.2,587.3,584.3,585.3,592.4,603.3,590.4,589.6,591.5,606.1,590.7,588.4,589.8,1.4340000000000002,-0.016,-0.022000000000000002,0.128,681.613,233.046,-26.339000000000002,7.044,-13.43,-3.318,-11.504000000000001,8.774,-8.789,3.759,-4.781000000000001,7.307,-17.105,-6.156000000000001,11.012,1.361,-4.848,3.966,-2.841,-6.5520000000000005,-9.472999999999999,-0.9490000000000001,2.1519999999999997,-1.962,1.744,-3.377,0.752,0.28300000000000003,-0.055999999999999994,-0.978,-0.233,-0.267,0.44299999999999995,0.079,-0.040999999999999995,0.316,0.44,0.0,0.0,0.0,0.67,2.73,0.01,0.0,1.11,0.21,0.0,0.15,0.55,0.0,0.0,0.0,0.73,1.0,0.0,0.0,0.0,0.0,1.0,0.0,0.0,1.0,1.0,0.0,0.0,1.0,0.0,0.0,0.0,0.0,1.0
11,0,0.41700000000000004,0.98,1,0.107175,0.336733,-0.9354809999999999,-0.07649700000000001,0.321813,-0.943708,0.016,0.337,645.5,648.6,654.9,660.6,662.4,659.4,653.0,647.3,634.9,640.3,646.8,653.9,660.0,664.0,666.3,663.1,658.3,652.2,645.8,639.7,650.6,653.0,655.7,657.0,656.3,653.9,651.2,649.9,730.2,733.7,740.0,745.4,746.8,743.3,737.1,731.2,724.8,728.6,733.7,740.1,746.1,750.7,754.1,750.2,745.3,739.7,733.7,728.3,735.5,737.8,740.6,742.1,741.5,739.1,736.4,734.8,180.2,173.8,171.2,174.1,180.6,187.4,189.5,186.7,180.2,178.8,178.3,178.0,178.7,180.2,182.4,184.7,185.9,186.2,185.2,183.2,182.8,184.0,182.9,180.2,177.5,176.3,177.4,180.1,189.9,184.3,182.9,186.3,192.7,198.3,199.7,196.6,189.5,188.5,188.4,189.2,190.8,192.4,194.6,196.4,197.0,196.6,195.1,192.8,193.4,194.9,194.3,191.8,189.0,187.5,188.2,190.6,3.7,5.8,10.0,13.8,15.1,13.1,8.7,4.9,-3.5,0.2,4.6,9.3,13.4,16.2,17.9,15.6,12.3,8.2,3.9,-0.2,7.2,8.8,10.6,11.5,11.0,9.3,7.5,6.6,66.4,68.9,73.5,77.6,78.7,76.2,71.5,67.2,62.6,65.2,68.8,73.4,78.0,81.7,84.6,81.4,77.5,73.2,68.8,65.0,70.4,72.1,74.2,75.3,74.8,73.0,71.0,69.9,-120.5,-124.7,-126.7,-125.2,-121.1,-116.7,-114.9,-116.4,-120.8,-121.4,-121.5,-121.8,-121.9,-121.5,-120.6,-118.5,-117.2,-116.6,-117.2,-118.6,-119.2,-118.6,-119.4,-121.2,-123.0,-123.6,-122.8,-121.0,-125.2,-129.2,-130.3,-127.8,-123.2,-119.2,-118.1,-120.4,-125.7,-126.1,-126.0,-125.3,-124.4,-123.7,-122.6,-120.8,-120.0,-120.0,-121.1,-123.0,-122.8,-121.7,-122.2,-124.0,-126.0,-127.1,-126.6,-124.8,586.1,585.9,587.2,589.2,590.7,591.3,589.6,587.6,588.0,586.2,585.2,585.8,588.1,591.0,594.0,591.7,588.9,587.0,586.5,587.0,588.9,589.7,590.2,590.2,589.5,588.7,588.1,588.2,643.9,643.5,643.6,644.0,644.4,644.8,644.7,644.6,645.5,643.6,642.2,641.8,643.2,645.6,648.7,646.3,644.1,642.6,642.6,644.1,645.1,645.3,645.3,645.1,644.9,644.8,644.7,644.9,33.4,-84.6,612.7,0.106,-0.033,0.128,589.6,586.6,584.6,584.0,589.8,603.6,621.9,645.1,671.9,698.5,721.9,742.1,757.8,768.4,774.6,780.3,784.4,611.1,621.8,641.0,661.6,680.7,722.5,739.8,755.9,770.3,776.7,700.0,698.7,697.5,696.0,668.9,680.0,691.2,702.9,713.2,634.9,646.8,658.5,668.5,657.3,646.0,722.6,734.1,745.9,754.7,745.2,733.9,639.1,657.7,674.5,686.6,700.2,713.8,725.2,711.1,696.4,682.3,669.3,653.5,645.0,672.8,685.2,698.9,719.7,697.5,683.9,671.1,172.6,203.5,233.9,263.3,289.7,312.1,328.4,341.3,348.4,349.8,342.5,329.5,310.1,284.7,256.5,227.3,198.7,160.1,141.9,134.1,136.9,144.8,150.6,146.8,148.9,156.8,172.3,178.5,195.3,212.0,229.4,240.4,245.8,250.9,249.3,247.1,180.5,177.2,178.4,183.5,185.1,184.0,190.5,188.1,190.0,195.7,196.9,195.2,274.6,269.1,269.0,273.5,273.0,278.5,287.2,296.5,298.7,297.6,294.7,287.7,275.6,277.5,280.6,281.3,287.0,287.2,286.4,283.7,-37.6,-39.9,-41.5,-42.0,-37.2,-26.6,-12.9,3.6,22.2,41.4,59.6,76.0,88.6,96.7,100.9,105.0,108.7,-20.7,-13.0,0.7,15.1,28.3,57.8,70.5,82.5,93.3,98.4,41.7,40.4,39.1,37.7,19.8,27.4,34.9,43.1,50.5,-3.6,4.8,12.9,20.0,12.1,4.2,58.4,66.6,75.2,81.7,74.6,66.4,-0.6,12.2,23.6,31.8,41.2,51.2,60.3,49.2,38.4,28.6,19.9,9.3,3.5,22.4,30.9,40.4,56.1,39.4,29.9,21.3,-140.0,-116.9,-94.4,-72.4,-52.2,-35.0,-22.6,-13.0,-8.1,-7.2,-12.7,-22.7,-37.5,-56.7,-77.6,-99.3,-121.4,-143.3,-155.3,-159.5,-156.3,-149.7,-146.8,-150.6,-150.3,-145.5,-135.2,-126.3,-113.3,-100.7,-87.9,-82.2,-78.2,-74.4,-75.9,-77.8,-126.1,-128.0,-127.3,-123.8,-122.4,-123.1,-119.9,-121.8,-120.7,-117.1,-115.6,-116.6,-59.7,-62.6,-62.2,-59.0,-59.6,-56.6,-51.5,-43.9,-41.7,-42.2,-44.3,-49.5,-58.8,-56.4,-54.2,-54.0,-51.4,-49.9,-50.2,-52.1,653.8,653.6,655.3,655.5,649.2,639.3,624.0,610.2,608.8,618.7,636.6,651.5,657.8,658.7,655.9,654.9,658.6,627.1,623.1,617.9,613.1,608.9,613.4,618.1,622.8,626.8,630.2,609.0,602.1,595.4,589.0,601.7,599.1,596.8,599.9,602.9,614.4,612.9,613.4,613.8,612.3,611.6,618.8,619.9,621.1,623.6,620.5,619.2,611.6,602.4,598.0,597.4,599.6,607.2,619.3,604.9,595.3,591.9,592.6,599.3,610.1,598.0,597.7,600.0,615.6,598.9,596.1,597.1,1.4180000000000001,0.001,-0.081,0.131,687.7489999999999,238.796,-31.965,7.688,-13.758,-4.869,-11.279000000000002,6.419,-10.24,-0.34600000000000003,-6.587000000000001,7.375,-21.264,-4.6419999999999995,8.958,2.77,-3.614,4.595,-2.029,-6.065,-10.613,-1.642,1.868,-2.653,2.07,-3.3930000000000002,0.5589999999999999,0.057999999999999996,0.079,-1.7069999999999999,-0.132,-0.182,-0.114,0.188,-0.09300000000000001,0.203,0.48,0.0,0.0,0.0,0.51,2.48,0.0,0.0,1.18,0.12,0.0,0.15,0.38,0.0,0.11,0.11,1.07,1.0,0.0,0.0,0.0,0.0,1.0,0.0,0.0,1.0,1.0,0.0,0.0,1.0,0.0,0.0,0.0,0.0,1.0
12,0,0.45899999999999996,0.98,1,0.218546,0.40413699999999997,-0.888207,-0.034255,0.342683,-0.938826,0.10099999999999999,0.38799999999999996,654.9,657.9,663.9,669.4,671.2,668.5,662.3,656.7,643.2,648.5,654.5,661.2,667.3,671.6,674.2,670.9,665.9,659.8,653.6,647.9,659.9,662.2,664.8,666.0,665.3,662.9,660.4,659.1,735.8,739.2,745.4,750.7,752.1,748.7,742.5,736.6,729.7,734.1,739.5,745.6,751.1,755.3,758.3,754.8,750.3,745.1,739.1,733.4,740.8,743.1,745.8,747.3,746.7,744.3,741.6,740.2,188.2,181.8,179.4,182.3,188.8,195.5,197.5,194.7,187.9,186.3,185.7,185.2,185.7,186.9,188.9,191.6,192.9,193.3,192.4,190.7,191.0,192.2,191.2,188.5,185.7,184.5,185.5,188.2,195.7,190.2,189.0,192.6,199.1,204.5,205.8,202.5,194.7,193.8,193.8,194.8,196.9,199.1,201.9,202.9,202.6,201.6,199.8,197.8,199.7,201.3,200.7,198.3,195.5,193.9,194.5,196.9,10.3,12.4,16.6,20.5,21.8,19.9,15.5,11.6,2.2,5.9,10.0,14.7,18.9,22.0,24.0,21.5,18.0,13.7,9.4,5.5,13.8,15.5,17.3,18.2,17.6,16.0,14.2,13.3,70.8,73.4,78.1,82.1,83.1,80.4,75.7,71.3,66.4,69.5,73.4,77.9,82.2,85.6,88.3,85.2,81.5,77.4,73.0,68.9,74.5,76.3,78.3,79.5,79.1,77.3,75.3,74.1,-119.0,-123.4,-125.4,-123.8,-119.5,-114.9,-113.1,-114.7,-119.6,-120.3,-120.5,-120.9,-121.0,-120.6,-119.8,-117.4,-116.0,-115.4,-116.0,-117.4,-117.6,-116.9,-117.8,-119.6,-121.4,-122.1,-121.3,-119.4,-121.4,-125.6,-126.8,-124.1,-119.3,-115.0,-113.9,-116.2,-122.3,-122.7,-122.5,-121.9,-120.6,-119.5,-117.9,-116.6,-116.3,-116.6,-117.9,-119.6,-118.6,-117.5,-118.0,-119.8,-122.0,-123.1,-122.6,-120.7,605.9,606.1,607.7,609.7,611.0,611.2,609.2,607.2,607.9,606.0,605.0,605.2,607.2,609.8,612.5,610.2,607.4,605.9,605.8,606.7,608.7,609.5,610.2,610.3,609.8,608.9,608.2,608.1,646.1,647.4,648.6,649.0,648.4,647.1,645.9,645.7,647.2,646.0,645.2,645.5,647.1,649.6,652.7,649.3,646.4,644.5,644.2,645.5,647.3,647.5,648.0,648.6,648.8,648.6,648.1,647.6,38.1,-80.9,616.1,0.12300000000000001,-0.07400000000000001,0.127,594.4,591.6,589.4,588.6,594.6,608.6,627.4,651.1,677.9,704.0,726.1,745.5,760.7,771.0,777.1,782.6,786.2,617.6,628.6,648.1,669.2,688.8,729.4,746.2,761.9,775.7,781.2,707.5,706.8,706.2,705.3,677.1,688.2,699.5,710.9,720.8,642.7,654.7,666.0,675.9,665.1,654.0,728.1,739.3,750.8,759.4,750.2,739.2,645.6,664.9,682.5,694.4,707.6,720.5,730.7,717.5,703.3,689.7,676.9,660.4,651.4,680.6,692.9,706.1,725.6,704.4,691.3,678.6,177.2,208.4,239.1,268.8,295.5,318.2,334.7,347.9,355.1,356.0,347.8,333.6,313.6,288.1,260.2,231.4,202.9,166.6,148.5,140.3,142.8,150.6,155.6,151.8,154.1,162.5,178.3,184.7,201.5,218.1,235.5,246.2,251.6,256.8,255.1,252.9,187.6,184.5,185.5,190.2,191.8,190.8,196.4,194.2,196.0,201.4,202.6,201.0,280.3,274.8,274.5,279.1,278.5,283.9,292.6,303.4,306.1,305.1,302.2,294.5,281.4,283.1,286.1,286.8,292.6,294.4,293.8,291.1,-34.0,-36.1,-37.8,-38.4,-33.7,-23.0,-9.0,7.8,26.6,45.6,63.2,79.2,91.5,99.4,103.6,107.7,111.1,-16.0,-8.1,5.7,20.5,34.0,62.9,75.5,87.4,98.2,102.9,47.2,46.2,45.3,44.2,25.6,33.2,40.8,48.9,56.1,1.9,10.3,18.3,25.3,17.6,9.8,62.6,70.8,79.2,85.7,78.7,70.6,3.9,17.2,29.2,37.3,46.6,56.3,64.8,54.0,43.4,33.8,25.1,14.0,8.0,27.9,36.4,45.6,60.8,44.4,35.1,26.5,-136.3,-113.0,-90.4,-68.2,-47.8,-30.6,-18.1,-8.5,-3.4,-2.8,-9.0,-19.8,-35.2,-54.6,-75.4,-97.2,-119.4,-138.3,-150.4,-155.0,-152.3,-145.9,-143.9,-148.0,-147.7,-142.9,-132.4,-122.4,-109.5,-97.1,-84.3,-78.5,-74.5,-70.8,-72.3,-74.3,-120.9,-122.9,-122.4,-119.3,-117.7,-118.2,-116.3,-118.2,-117.2,-113.9,-112.4,-113.3,-55.9,-59.0,-58.7,-55.5,-56.2,-53.2,-48.2,-39.4,-36.9,-37.4,-39.4,-45.1,-55.1,-52.8,-50.8,-50.5,-47.9,-45.2,-45.4,-47.3,652.1,652.2,654.0,654.4,648.8,640.5,626.8,613.9,613.3,623.7,642.2,657.1,663.4,664.2,661.6,660.9,665.0,625.9,622.2,617.4,613.4,609.8,615.8,621.9,627.8,633.2,637.7,611.3,604.8,598.4,592.4,604.0,601.8,599.9,603.4,606.8,613.9,612.8,613.9,614.6,612.6,611.3,622.1,623.8,625.5,628.4,624.8,623.1,613.9,605.3,600.9,600.7,603.3,611.7,624.9,609.6,599.5,595.8,596.1,602.3,612.7,601.0,601.1,603.8,621.2,603.0,599.8,600.4,1.411,0.023,-0.136,0.133,694.061,244.687,-34.082,9.587,-10.485999999999999,-2.594,-10.864,4.397,-9.96,-3.115,-7.638,8.222000000000001,-22.68,-3.4339999999999997,8.311,3.194,-2.176,5.8629999999999995,-1.423,-6.486000000000001,-12.194,-1.777,2.023,-2.7539999999999996,3.37,-2.758,-0.023,-0.145,0.4,-2.131,0.287,-0.45,-0.05,0.47600000000000003,-0.005,0.147,0.5,0.0,0.0,0.0,0.51,2.11,0.0,0.0,1.3,0.0,0.03,0.1,0.21,0.0,0.27,0.31,1.2,1.0,0.0,0.0,0.0,0.0,1.0,0.0,0.0,1.0,1.0,0.0,0.0,1.0,0.0,0.0,0.0,0.0,1.0
13,0,0.5,0.98,1,0.240513,0.410649,-0.8795,-0.026706,0.35020100000000004,-0.9362940000000001,0.11699999999999999,0.397,662.4,665.3,671.2,676.7,678.5,675.8,669.7,664.2,650.7,656.0,661.9,668.5,674.5,678.7,681.4,678.1,673.3,667.2,661.1,655.3,667.3,669.6,672.1,673.3,672.6,670.3,667.8,666.5,742.0,745.3,751.3,756.6,758.0,754.7,748.6,742.8,735.9,740.4,745.8,751.8,757.2,761.2,764.1,760.8,756.4,751.3,745.4,739.7,746.8,749.1,751.7,753.1,752.5,750.3,747.7,746.2,194.1,187.8,185.4,188.2,194.7,201.4,203.5,200.6,193.9,192.4,191.8,191.3,191.6,192.7,194.5,197.4,198.7,199.2,198.4,196.7,196.9,198.1,197.1,194.4,191.7,190.5,191.5,194.2,201.0,195.6,194.3,197.9,204.3,209.7,210.9,207.7,199.9,199.2,199.1,200.1,202.2,204.4,207.2,208.2,208.0,207.0,205.1,203.1,204.9,206.4,205.9,203.6,200.8,199.3,199.8,202.1,15.6,17.6,21.8,25.7,27.0,25.1,20.8,16.9,7.5,11.1,15.2,19.8,24.1,27.1,29.1,26.8,23.3,19.0,14.7,10.7,19.1,20.7,22.5,23.4,22.8,21.2,19.4,18.5,75.7,78.3,82.9,86.9,87.9,85.3,80.6,76.3,71.3,74.5,78.4,83.0,87.2,90.6,93.1,90.2,86.5,82.5,78.0,73.9,79.5,81.2,83.2,84.3,83.9,82.2,80.2,79.0,-115.5,-119.9,-122.0,-120.4,-116.1,-111.4,-109.6,-111.2,-116.0,-116.7,-116.9,-117.4,-117.5,-117.3,-116.5,-114.1,-112.6,-112.0,-112.5,-113.8,-114.1,-113.4,-114.3,-116.2,-118.0,-118.7,-117.8,-115.9,-118.0,-122.3,-123.5,-120.9,-116.0,-111.8,-110.6,-113.0,-119.0,-119.4,-119.2,-118.6,-117.4,-116.2,-114.7,-113.3,-113.0,-113.4,-114.6,-116.3,-115.4,-114.3,-114.8,-116.6,-118.7,-119.8,-119.3,-117.5,609.2,609.5,611.2,613.3,614.6,614.8,612.7,610.5,611.0,609.2,608.3,608.7,610.7,613.4,616.2,613.8,611.0,609.3,609.1,609.9,612.1,613.0,613.7,613.8,613.3,612.4,611.7,611.5,649.5,650.8,652.0,652.6,652.0,650.7,649.5,649.1,650.4,649.3,648.6,649.1,650.9,653.5,656.8,653.2,650.2,648.1,647.6,648.7,650.8,651.0,651.6,652.1,652.4,652.1,651.6,651.0,43.0,-77.5,618.6,0.136,-0.11199999999999999,0.13,600.3,597.4,595.0,594.0,600.0,614.0,633.1,657.2,683.8,709.1,730.0,748.6,763.7,774.4,780.6,786.2,789.5,624.3,635.7,655.4,676.7,696.6,737.0,753.4,768.5,781.7,786.6,715.2,715.1,714.9,714.5,685.5,696.7,708.0,719.1,728.6,650.0,662.0,673.3,683.2,672.5,661.6,734.5,745.5,756.9,765.3,756.4,745.5,652.7,672.5,690.5,702.3,715.2,727.4,736.6,724.3,710.8,697.5,684.8,667.8,658.5,688.6,700.8,713.6,731.9,711.8,698.9,686.3,181.6,212.9,243.9,273.5,300.4,323.1,339.7,353.2,360.7,361.6,353.1,338.3,317.9,292.1,264.2,235.1,206.3,172.2,154.5,146.4,148.7,156.1,160.7,157.1,159.3,167.7,183.3,190.2,207.1,223.8,241.3,251.8,257.2,262.3,260.7,258.3,193.6,190.7,191.6,196.0,197.6,196.8,201.7,199.6,201.3,206.5,207.8,206.2,285.4,280.2,280.2,284.8,284.2,289.4,297.5,309.0,312.0,311.0,308.0,300.0,286.5,288.5,291.6,292.3,297.7,300.3,299.7,297.0,-29.5,-31.6,-33.5,-34.3,-29.6,-19.0,-5.0,12.1,30.8,49.6,66.4,82.1,94.4,102.7,107.1,111.3,114.5,-11.2,-3.1,10.9,25.7,39.5,68.5,81.0,92.7,103.3,107.8,52.7,52.0,51.4,50.6,31.5,39.1,46.8,54.8,61.7,7.0,15.4,23.4,30.4,22.8,15.0,67.5,75.6,84.0,90.5,83.5,75.5,8.9,22.5,34.8,43.0,52.1,61.5,69.4,59.1,48.8,39.3,30.6,19.2,13.0,33.5,41.9,51.1,65.6,49.7,40.6,31.9,-132.3,-109.1,-86.4,-64.4,-44.1,-27.0,-14.6,-4.8,0.5,1.2,-5.1,-16.4,-32.1,-51.9,-73.0,-95.1,-117.7,-134.0,-145.8,-150.5,-148.1,-142.2,-140.7,-144.9,-144.8,-140.2,-129.9,-118.9,-106.0,-93.5,-80.7,-74.9,-70.9,-67.2,-68.8,-70.8,-116.6,-118.5,-118.2,-115.3,-113.7,-114.0,-113.0,-114.9,-114.0,-110.9,-109.3,-110.1,-52.4,-55.4,-55.0,-51.9,-52.5,-49.7,-44.9,-35.7,-33.1,-33.5,-35.5,-41.4,-51.5,-49.3,-47.2,-47.0,-44.5,-41.3,-41.5,-43.4,648.8,649.0,651.1,651.9,647.0,640.1,628.0,616.2,616.3,627.1,646.1,661.4,667.9,668.8,666.6,666.1,670.2,624.2,620.8,616.6,613.2,610.1,617.7,624.7,631.4,637.9,643.2,612.9,606.5,600.4,594.6,605.3,603.4,601.9,605.7,609.4,613.2,612.5,613.9,615.0,612.5,610.9,624.7,626.9,628.8,632.1,628.1,626.1,614.9,607.0,603.0,603.2,606.2,615.2,628.7,613.1,602.7,598.7,598.6,604.3,613.8,603.1,603.6,606.7,625.1,606.1,602.5,602.7,1.406,0.042,-0.18899999999999997,0.13699999999999998,700.732,250.014,-35.701,8.296,-8.952,-1.296,-9.956,3.967,-10.613,-5.13,-7.479,7.771,-22.93,-2.263,8.135,3.321,-1.275,6.132000000000001,-1.6,-6.8229999999999995,-13.555,-2.093,1.895,-2.3280000000000003,4.173,-1.8719999999999999,-0.414,-0.504,0.212,-2.079,0.26899999999999996,-0.435,-0.054000000000000006,0.491,-0.055999999999999994,0.19399999999999998,0.48,0.0,0.0,0.0,0.52,1.79,0.0,0.0,1.4,0.08,0.03,0.02,0.07,0.0,0.47,0.31,1.41,1.0,0.0,0.0,0.0,0.0,1.0,0.0,0.0,1.0,1.0,0.0,0.0,0.0,0.0,0.0,0.0,0.0,1.0
14,0,0.542,0.98,1,0.262768,0.448042,-0.854524,-0.0179,0.385493,-0.922537,0.13699999999999998,0.439,668.0,671.1,677.1,682.5,684.2,681.3,675.1,669.7,656.0,661.5,667.6,674.3,680.3,684.6,687.2,684.0,679.1,672.8,666.6,660.7,672.8,675.1,677.7,679.0,678.3,676.0,673.4,672.1,747.8,751.0,756.8,761.9,763.1,759.9,754.1,748.5,742.1,746.4,751.7,757.6,762.7,766.5,769.2,766.0,761.9,757.0,751.3,745.7,752.4,754.6,757.1,758.5,757.9,755.8,753.3,751.9,198.9,192.5,190.2,193.2,199.8,206.6,208.6,205.6,198.5,197.2,196.7,196.3,196.7,197.6,199.2,202.3,203.7,204.1,203.2,201.4,201.9,203.1,202.1,199.4,196.6,195.3,196.3,199.0,206.0,200.7,199.5,202.9,209.1,214.4,215.6,212.5,204.6,204.1,204.3,205.3,207.3,209.4,211.9,213.1,213.0,212.0,210.1,207.9,209.7,211.2,210.6,208.4,205.7,204.2,204.8,207.0,19.1,21.2,25.4,29.2,30.5,28.5,24.1,20.3,10.9,14.7,18.8,23.4,27.6,30.6,32.6,30.3,26.7,22.4,18.1,14.1,22.5,24.1,25.9,26.8,26.3,24.7,22.9,22.0,82.5,85.1,89.7,93.7,94.6,92.0,87.3,83.0,78.2,81.4,85.4,89.9,94.1,97.5,100.0,97.0,93.4,89.4,84.9,80.8,86.2,87.9,89.9,91.0,90.6,88.9,86.9,85.8,-109.9,-114.3,-116.3,-114.7,-110.4,-105.7,-104.0,-105.6,-110.5,-111.1,-111.3,-111.6,-111.8,-111.7,-111.1,-108.5,-107.0,-106.4,-107.0,-108.3,-108.5,-107.8,-108.6,-110.5,-112.3,-113.0,-112.2,-110.3,-117.8,-122.0,-123.2,-120.7,-115.9,-111.7,-110.5,-112.8,-119.1,-119.2,-119.0,-118.3,-117.1,-116.0,-114.6,-113.1,-112.7,-113.1,-114.4,-116.2,-115.3,-114.2,-114.7,-116.5,-118.5,-119.6,-119.1,-117.3,597.2,597.5,599.3,601.5,602.8,603.0,600.7,598.5,598.9,597.1,596.3,596.8,598.9,601.7,604.5,602.1,599.1,597.3,597.1,597.8,600.1,601.1,601.9,602.0,601.4,600.5,599.7,599.6,669.5,670.5,671.7,672.4,672.2,671.2,670.0,669.5,670.4,669.2,668.6,669.2,671.2,674.0,677.4,673.8,670.7,668.5,667.8,668.8,671.0,671.3,671.8,672.3,672.4,672.1,671.5,671.1,48.1,-74.7,619.7,0.174,-0.138,0.10400000000000001,600.8,598.1,596.0,596.0,604.6,622.3,644.8,670.7,697.4,722.0,741.6,757.9,770.9,779.9,785.3,789.7,791.5,630.8,643.7,663.7,684.4,703.7,742.6,757.3,771.4,784.3,790.1,722.5,722.6,722.9,723.0,693.1,704.6,716.2,727.2,736.6,655.7,667.9,679.0,688.7,677.9,667.2,740.5,751.5,762.5,770.6,761.8,751.4,660.8,681.5,699.3,711.1,723.4,734.9,743.7,732.5,720.1,707.4,694.9,677.7,666.7,697.9,709.9,722.3,738.8,721.0,708.7,696.3,183.7,216.3,248.7,279.8,307.8,330.4,346.0,357.6,363.1,362.0,351.1,335.6,315.1,290.1,263.8,236.6,209.7,172.0,156.3,150.1,154.1,163.2,167.6,162.8,163.3,168.5,181.7,196.1,213.0,229.7,247.3,257.6,262.9,268.1,266.1,263.0,198.0,195.8,196.7,200.8,202.7,201.6,206.6,204.9,206.4,211.0,212.5,211.0,290.5,285.6,285.6,289.9,288.9,293.4,300.6,311.4,314.9,314.6,312.1,304.9,291.5,294.2,296.9,297.1,300.9,303.2,303.2,301.1,-29.0,-31.1,-32.9,-32.9,-26.4,-13.0,3.4,21.7,40.7,59.3,75.7,90.0,100.6,107.2,110.6,113.7,115.6,-6.5,2.6,16.6,30.9,44.2,72.3,83.6,94.6,105.1,110.3,57.7,57.2,56.9,56.5,36.7,44.6,52.5,60.5,67.5,10.9,19.5,27.2,34.1,26.4,18.9,71.9,80.1,88.4,94.8,87.8,79.9,14.6,28.7,40.9,49.2,58.0,67.1,74.9,65.2,55.4,46.2,37.6,26.0,18.7,40.0,48.4,57.3,70.9,56.4,47.4,38.8,-130.5,-106.7,-83.1,-60.0,-38.8,-21.7,-10.1,-1.7,2.2,1.4,-6.6,-18.7,-34.5,-53.6,-73.2,-93.8,-114.7,-132.6,-143.1,-146.7,-143.4,-136.6,-135.6,-140.5,-141.7,-139.5,-131.1,-114.7,-101.9,-89.5,-76.7,-70.9,-67.1,-63.4,-65.2,-67.8,-112.9,-114.3,-114.1,-111.5,-109.7,-110.0,-109.7,-111.4,-110.8,-108.2,-106.3,-106.9,-48.7,-51.6,-51.3,-48.4,-49.5,-47.1,-42.9,-34.2,-31.2,-31.1,-32.8,-38.0,-47.9,-45.4,-43.6,-43.8,-42.4,-39.5,-39.2,-40.6,647.4,649.7,653.8,655.5,650.8,642.7,629.3,617.9,619.7,632.4,652.3,667.8,672.6,670.8,666.1,664.6,667.8,617.5,614.8,611.5,609.2,607.4,616.5,623.6,630.4,637.4,643.3,612.4,606.5,600.8,595.4,605.5,604.5,603.4,607.3,611.2,609.9,609.2,611.2,613.0,610.0,608.0,625.8,628.5,631.2,635.3,630.7,627.9,613.8,606.4,603.6,604.9,609.1,618.2,632.2,616.2,605.4,600.1,598.9,603.5,612.9,603.8,605.2,609.6,627.9,608.8,604.1,603.2,1.405,0.083,-0.218,0.115,707.846,253.96099999999998,-31.928,24.018,-14.174000000000001,-6.797999999999999,-10.495,4.73,-11.033,1.153,-11.029000000000002,7.006,-17.741,-2.577,5.327000000000001,3.5389999999999997,-3.5069999999999997,6.064,-4.061,-7.068,-14.33,-1.321,2.001,-2.255,3.13,-3.0580000000000003,0.354,0.505,-0.384,-1.9609999999999999,0.376,-0.5760000000000001,-0.09699999999999999,0.486,-0.14800000000000002,0.247,0.51,0.0,0.0,0.0,0.62,1.57,0.0,0.05,1.45,0.34,0.1,0.12,0.01,0.0,0.48,0.2,1.35,1.0,0.0,0.0,0.0,0.0,1.0,0.0,0.0,1.0,1.0,0.0,0.0,0.0,0.0,0.0,0.0,0.0,1.0
15,0,0.584,0.98,1,0.256738,0.467409,-0.8459399999999999,0.015498,0.404575,-0.914374,0.153,0.46,672.3,675.4,681.7,687.4,689.1,686.2,679.7,674.0,660.8,666.1,672.1,678.9,685.1,689.6,692.6,689.0,683.7,677.4,671.1,665.4,677.4,679.8,682.5,683.8,683.1,680.7,678.0,676.7,754.4,757.5,763.4,768.7,770.3,767.2,761.2,755.4,747.6,752.4,758.1,764.2,769.5,773.3,775.7,772.9,769.0,764.0,758.0,751.8,759.2,761.4,764.0,765.3,764.6,762.4,759.8,758.5,202.1,195.8,193.4,196.4,203.0,209.8,211.7,208.7,201.2,200.1,199.7,199.5,199.9,200.9,202.5,205.4,206.7,207.0,206.0,204.1,205.0,206.3,205.3,202.6,199.8,198.5,199.5,202.2,209.4,203.8,202.5,206.2,212.7,218.3,219.6,216.4,208.2,207.6,207.6,208.6,210.7,212.9,215.7,216.6,216.3,215.2,213.4,211.4,213.4,215.0,214.4,212.0,209.2,207.6,208.2,210.6,22.2,24.4,28.7,32.7,34.0,32.0,27.4,23.4,14.3,18.0,22.0,26.7,31.1,34.3,36.5,33.9,30.1,25.7,21.4,17.5,25.8,27.5,29.4,30.3,29.8,28.1,26.2,25.3,82.1,84.5,89.0,93.0,94.0,91.6,87.1,82.7,77.2,80.6,84.6,89.2,93.3,96.5,98.8,96.2,92.8,88.9,84.4,80.1,85.7,87.4,89.3,90.4,89.9,88.2,86.3,85.3,-108.6,-112.9,-114.8,-113.1,-108.7,-104.1,-102.5,-104.2,-109.6,-110.0,-110.0,-110.2,-110.2,-110.0,-109.3,-107.0,-105.6,-105.2,-105.9,-107.3,-107.0,-106.3,-107.1,-108.9,-110.8,-111.5,-110.7,-108.9,-108.0,-112.3,-113.6,-111.1,-106.4,-102.1,-100.8,-103.0,-109.0,-109.3,-109.2,-108.7,-107.6,-106.5,-105.1,-103.7,-103.4,-103.8,-104.9,-106.4,-105.5,-104.4,-105.0,-106.8,-108.8,-109.9,-109.3,-107.5,601.5,601.5,602.8,604.7,606.0,606.4,604.7,602.8,603.8,601.7,600.5,600.6,602.3,604.8,607.6,605.3,602.6,601.2,601.4,602.4,604.2,605.0,605.5,605.5,605.0,604.2,603.6,603.6,627.6,629.2,631.1,632.1,631.8,630.2,628.3,627.4,628.1,627.3,627.1,628.1,630.5,633.5,637.1,633.1,629.7,627.1,626.0,626.7,629.4,629.9,630.7,631.4,631.5,631.1,630.3,629.6,52.3,-72.7,622.4,0.191,-0.146,0.096,604.2,601.9,600.4,601.3,610.7,629.6,652.6,678.2,704.5,728.8,748.0,763.4,775.5,784.0,789.5,793.7,795.0,636.7,650.8,670.7,690.8,709.6,748.6,762.0,775.1,787.7,795.0,729.0,729.0,729.3,729.5,699.5,710.8,722.3,733.3,742.5,660.1,672.8,684.0,693.9,682.7,671.8,746.8,758.1,769.2,777.0,768.3,757.8,667.7,687.9,705.4,716.9,728.7,739.7,748.2,737.3,725.2,713.0,700.7,684.1,673.6,704.1,715.8,727.6,743.1,726.5,714.5,702.5,187.2,220.5,253.4,284.8,313.1,335.1,349.9,360.2,364.7,363.1,351.3,335.1,314.3,289.7,264.8,239.0,213.6,172.6,158.8,154.2,158.9,168.4,172.8,168.0,167.2,169.6,180.3,199.5,216.9,234.1,252.1,261.8,267.2,272.4,270.4,266.9,200.7,198.8,199.7,204.0,205.9,204.8,210.0,208.3,209.7,214.2,216.0,214.5,294.8,289.7,289.5,293.8,292.6,297.3,304.6,314.7,318.3,318.2,315.9,309.0,295.9,298.4,300.9,301.1,304.9,306.2,306.4,304.6,-26.5,-28.3,-29.7,-29.1,-21.9,-7.7,9.1,27.1,46.0,64.6,81.0,94.8,104.6,110.7,113.9,117.0,118.6,-2.4,7.6,21.5,35.4,48.3,76.8,87.2,97.5,107.8,114.0,62.5,61.9,61.5,61.1,41.3,49.1,57.0,65.0,71.8,14.0,22.9,30.8,37.8,29.8,22.2,76.8,85.3,93.7,100.1,93.0,85.0,19.5,33.3,45.3,53.4,62.1,70.8,78.4,68.9,59.3,50.4,41.8,30.5,23.6,44.4,52.7,61.4,74.2,60.5,51.7,43.3,-128.0,-103.8,-79.9,-56.6,-35.1,-18.4,-7.3,0.1,3.3,2.2,-6.5,-19.1,-35.3,-54.0,-72.6,-92.1,-112.0,-132.0,-141.3,-143.9,-140.1,-133.1,-132.4,-137.3,-139.2,-138.9,-132.2,-112.7,-99.5,-86.7,-73.7,-68.2,-64.4,-60.7,-62.5,-65.2,-111.2,-112.4,-112.1,-109.4,-107.6,-108.0,-107.8,-109.5,-109.0,-106.5,-104.4,-104.9,-45.8,-48.9,-48.8,-46.0,-47.2,-44.5,-40.2,-32.1,-29.0,-28.8,-30.3,-35.3,-45.0,-42.7,-41.1,-41.3,-39.6,-37.7,-37.2,-38.4,648.0,651.0,656.1,658.2,654.0,645.8,632.3,621.3,623.5,636.8,656.8,672.1,675.7,672.5,667.1,666.0,669.3,616.3,614.2,611.7,609.6,608.0,619.0,625.7,631.9,638.4,643.8,614.4,608.6,603.0,597.6,607.6,606.8,606.1,609.7,613.5,611.0,610.1,612.3,614.0,611.1,608.9,628.8,631.7,634.7,639.2,634.2,631.1,615.0,608.5,606.2,607.8,612.6,621.2,634.0,619.1,609.1,603.5,601.8,605.5,613.7,606.4,608.2,613.1,629.8,612.4,607.3,606.0,1.4,0.102,-0.23,0.11,713.5139999999999,257.286,-33.078,29.801,-18.518,-6.921,-8.172,4.369,-11.652000000000001,2.92,-12.247,5.949,-11.57,-1.425,5.331,4.559,-5.377000000000001,3.405,-4.11,-5.184,-15.562000000000001,-1.317,2.517,-1.5830000000000002,2.997,-3.464,1.069,1.325,-0.8190000000000001,-1.4369999999999998,0.37200000000000005,-0.511,0.004,0.355,-0.16399999999999998,0.251,0.39,0.0,0.0,0.0,0.66,1.5,0.0,0.15,1.45,0.79,0.38,0.35,0.0,0.0,0.51,0.0,1.18,1.0,1.0,0.0,0.0,0.0,1.0,0.0,0.0,1.0,1.0,1.0,0.0,0.0,0.0,0.0,0.0,0.0,1.0
16,0,0.626,0.98,1,0.271358,0.47628400000000004,-0.8363719999999999,0.057855,0.375985,-0.924818,0.185,0.451,676.4,679.9,686.4,692.0,693.4,690.0,683.4,677.8,664.3,670.1,676.6,683.5,689.7,694.1,696.7,693.2,688.0,681.6,675.1,669.1,681.3,683.7,686.4,688.0,687.4,685.0,682.2,680.7,760.6,763.2,768.9,774.4,776.4,773.8,768.1,762.1,753.4,758.1,763.8,769.8,774.9,778.7,781.2,778.7,774.9,770.0,764.0,757.8,765.4,767.8,770.3,771.5,770.6,768.2,765.7,764.5,204.7,198.2,195.8,198.9,205.7,212.7,214.7,211.5,203.1,202.2,202.2,202.1,202.6,203.6,205.2,208.3,209.7,209.9,208.6,206.4,207.6,209.0,207.9,205.2,202.3,200.9,202.0,204.7,211.3,206.0,204.8,208.4,214.7,220.0,221.2,218.0,211.3,210.3,210.0,210.7,212.6,215.0,218.0,219.0,218.6,217.6,216.0,214.3,215.4,217.0,216.5,214.1,211.4,209.8,210.3,212.7,23.9,26.2,30.6,34.4,35.4,33.2,28.7,24.9,16.0,19.8,24.0,28.5,32.7,35.8,37.7,35.2,31.7,27.3,23.1,19.1,27.3,28.9,30.8,31.8,31.3,29.7,27.8,26.8,86.3,88.5,92.9,97.0,98.3,96.1,91.6,87.2,81.2,84.5,88.5,93.0,97.0,100.2,102.5,100.1,96.8,92.9,88.4,84.1,90.0,91.7,93.7,94.7,94.1,92.3,90.3,89.4,-102.0,-106.2,-108.1,-106.5,-102.3,-97.8,-96.1,-97.8,-103.3,-103.5,-103.4,-103.5,-103.6,-103.5,-102.9,-100.5,-99.1,-98.6,-99.4,-101.0,-100.6,-99.9,-100.7,-102.5,-104.3,-105.0,-104.2,-102.4,-106.4,-110.6,-111.9,-109.5,-104.7,-100.5,-99.3,-101.4,-106.4,-107.0,-107.3,-107.0,-106.0,-104.7,-103.1,-101.7,-101.4,-101.7,-102.7,-104.0,-103.7,-102.6,-103.2,-105.0,-107.1,-108.1,-107.6,-105.7,574.5,574.5,576.1,578.4,580.1,580.7,578.6,576.3,576.1,574.3,573.4,573.9,576.0,578.9,581.9,579.6,576.7,574.9,574.6,575.1,577.6,578.6,579.3,579.3,578.6,577.6,576.9,576.9,626.0,628.4,630.7,631.6,630.6,628.2,625.8,624.9,626.2,625.7,625.8,626.9,629.1,632.0,635.2,631.2,627.6,625.0,624.0,624.6,627.5,627.9,628.9,630.0,630.5,630.1,629.0,628.0,56.0,-70.7,623.0,0.2,-0.16699999999999998,0.094,607.7,605.6,604.2,605.5,615.1,634.3,657.9,683.5,709.8,733.7,752.4,767.2,778.9,787.4,793.1,797.2,798.2,641.3,656.4,676.6,696.5,715.1,754.2,766.9,779.5,791.9,799.7,734.6,734.7,735.1,735.5,705.1,716.4,728.0,738.9,747.9,663.8,676.9,688.4,698.5,687.0,675.8,752.4,763.8,775.0,782.6,774.1,763.5,674.2,694.1,711.4,722.6,733.9,744.3,752.2,741.9,730.4,718.5,706.6,690.3,680.3,710.1,721.6,732.9,747.1,731.7,720.2,708.5,190.9,224.3,257.2,288.4,316.6,338.2,352.5,362.3,366.4,364.3,351.8,335.2,314.4,290.4,266.6,241.9,217.6,173.8,161.1,157.6,162.9,172.8,177.0,172.0,170.5,171.2,180.5,202.7,220.4,237.9,256.1,265.3,270.7,276.0,273.9,270.2,203.1,201.1,202.1,206.8,208.8,207.5,212.6,210.7,211.9,216.4,218.6,217.2,298.9,293.2,292.7,296.9,295.5,300.3,308.0,317.6,321.5,321.6,319.5,312.9,299.9,301.8,304.2,304.3,308.3,309.0,309.5,307.9,-23.8,-25.5,-26.7,-25.9,-18.6,-4.2,12.9,30.9,49.8,68.4,84.5,97.9,107.4,113.4,116.8,119.9,121.3,0.9,11.4,25.5,39.2,52.1,80.9,90.9,100.9,111.0,117.7,66.4,65.9,65.6,65.3,45.2,53.0,61.0,68.9,75.7,16.6,25.7,33.8,41.0,32.8,24.9,80.9,89.6,98.2,104.6,97.5,89.3,24.0,37.6,49.5,57.4,65.8,74.1,81.3,72.2,63.0,54.3,45.8,34.8,28.2,48.6,56.7,65.2,77.1,64.3,55.7,47.5,-124.6,-100.5,-76.8,-53.7,-32.4,-16.1,-5.4,1.6,4.5,3.2,-6.2,-19.1,-35.3,-53.5,-71.3,-90.1,-109.2,-130.5,-139.0,-141.0,-136.9,-129.9,-129.6,-134.6,-137.0,-137.9,-132.3,-110.4,-97.1,-84.2,-71.0,-65.7,-61.9,-58.2,-60.0,-63.0,-109.4,-110.6,-110.3,-107.3,-105.5,-106.0,-106.1,-108.1,-107.7,-105.3,-102.8,-103.3,-42.8,-46.4,-46.6,-43.8,-45.2,-42.4,-37.7,-30.1,-26.9,-26.5,-27.9,-32.6,-42.1,-40.3,-38.8,-39.1,-37.2,-35.7,-35.1,-36.1,644.7,648.2,653.9,656.5,653.2,645.4,632.6,622.1,624.3,638.0,658.0,673.5,677.0,673.2,667.8,667.4,670.8,613.2,611.5,609.6,608.0,606.8,619.5,626.4,632.5,639.2,644.7,614.3,608.7,603.2,597.9,607.3,606.9,606.5,610.0,613.9,610.0,609.0,611.2,613.1,610.1,607.9,629.9,633.2,636.6,641.5,636.1,632.6,613.6,607.9,606.1,608.1,613.3,621.8,634.0,620.1,610.5,604.7,602.5,605.2,612.3,606.5,608.6,613.9,629.8,613.5,608.1,606.3,1.4,0.114,-0.258,0.109,718.5360000000001,260.177,-33.348,31.261999999999997,-21.148000000000003,-6.697,-5.597,2.568,-13.054,4.269,-11.68,5.626,-6.5329999999999995,0.062,5.437,5.822,-5.044,1.848,-4.343999999999999,-4.402,-15.604000000000001,-0.667,2.986,-0.813,2.951,-3.71,1.7530000000000001,1.876,-0.7340000000000001,-1.163,0.31,-0.529,0.012,0.28,-0.09699999999999999,0.23,0.19,0.0,0.0,0.0,0.71,1.6,0.0,0.27,1.37,0.98,0.63,0.58,0.0,0.0,0.5,0.0,0.87,0.0,1.0,0.0,0.0,0.0,1.0,0.0,0.0,1.0,1.0,1.0,0.0,0.0,0.0,0.0,0.0,0.0,1.0
17,0,0.667,0.98,1,0.270557,0.46739200000000003,-0.8416319999999999,0.071924,0.36945500000000003,-0.9264610000000001,0.191,0.442,680.6,684.1,690.6,696.2,697.6,694.2,687.6,682.0,668.6,674.5,681.1,687.9,694.0,698.3,700.9,697.6,692.6,686.3,679.8,673.6,685.5,687.9,690.6,692.1,691.5,689.1,686.4,684.9,765.1,767.6,773.3,778.7,780.8,778.2,772.6,766.6,758.1,762.7,768.2,774.1,779.2,782.9,785.4,782.8,779.0,774.1,768.3,762.3,769.9,772.3,774.8,775.9,775.0,772.6,770.1,769.0,205.8,199.2,196.7,199.7,206.5,213.5,215.7,212.6,204.1,203.3,203.2,203.1,203.5,204.3,205.9,208.9,210.4,210.8,209.6,207.3,208.6,209.8,208.8,206.0,203.1,201.9,202.9,205.7,212.3,207.0,205.6,209.1,215.3,220.6,221.9,219.0,212.6,211.4,210.9,211.6,213.5,215.7,218.6,219.7,219.5,218.6,217.1,215.5,216.3,217.8,217.2,214.8,212.1,210.6,211.2,213.5,26.6,28.9,33.2,37.1,38.1,35.9,31.4,27.6,18.8,22.6,26.8,31.3,35.5,38.5,40.5,38.1,34.6,30.4,26.1,22.0,30.0,31.6,33.4,34.4,34.0,32.4,30.5,29.6,91.5,93.7,98.2,102.4,103.8,101.5,97.0,92.5,86.5,89.8,93.8,98.3,102.3,105.5,107.9,105.3,102.0,98.0,93.6,89.4,95.3,97.1,99.1,100.1,99.5,97.7,95.7,94.7,-101.0,-105.3,-107.3,-105.8,-101.6,-97.1,-95.3,-96.9,-102.4,-102.6,-102.5,-102.7,-102.9,-102.8,-102.3,-99.9,-98.4,-97.8,-98.5,-100.1,-99.8,-99.1,-99.9,-101.8,-103.5,-104.2,-103.3,-101.5,-108.1,-112.4,-113.8,-111.4,-106.7,-102.4,-101.1,-103.1,-107.9,-108.7,-109.1,-108.7,-107.7,-106.6,-104.9,-103.5,-103.1,-103.3,-104.3,-105.6,-105.5,-104.4,-105.0,-106.9,-109.0,-110.1,-109.5,-107.5,573.2,573.1,574.7,577.2,579.1,579.7,577.6,575.1,574.4,572.8,572.1,572.7,574.9,577.9,581.0,578.7,575.7,573.7,573.2,573.6,576.5,577.5,578.2,578.2,577.4,576.3,575.6,575.7,640.5,642.7,645.0,645.9,645.0,642.7,640.4,639.5,640.8,640.3,640.3,641.3,643.4,646.2,649.3,645.5,642.0,639.5,638.6,639.3,642.0,642.4,643.4,644.4,644.9,644.5,643.5,642.5,59.1,-69.9,624.6,0.196,-0.183,0.094,611.5,609.5,608.1,609.4,619.0,638.2,661.8,687.3,713.4,736.9,755.0,769.5,781.1,789.9,795.8,800.0,801.0,645.3,660.8,681.5,701.7,720.5,758.0,770.9,783.6,796.1,803.8,739.2,739.4,739.8,740.3,709.6,721.0,732.6,743.4,752.3,668.1,681.4,692.9,702.9,691.5,680.3,756.8,768.2,779.2,786.8,778.4,767.8,678.6,698.5,715.9,727.1,738.3,748.4,755.9,746.0,734.6,722.7,710.6,694.4,684.8,714.4,726.0,737.3,750.9,736.0,724.4,712.6,193.7,227.2,260.2,291.2,319.1,340.2,353.9,363.1,367.1,365.3,352.9,336.4,315.5,291.4,267.6,242.9,218.5,175.6,163.0,159.8,165.2,175.2,179.1,173.8,172.0,172.5,181.9,203.9,221.7,239.2,257.5,266.4,271.9,277.1,275.0,271.3,204.2,202.2,203.2,207.8,209.7,208.4,213.6,211.5,212.7,217.2,219.4,218.0,300.4,294.3,293.6,297.9,296.6,301.5,309.5,319.1,323.1,323.2,321.0,314.3,301.3,302.8,305.2,305.4,309.8,310.5,310.9,309.3,-20.9,-22.5,-23.8,-22.9,-15.7,-1.3,15.8,33.6,52.4,70.7,86.6,99.8,109.5,115.7,119.4,122.6,124.1,3.7,14.6,29.0,43.0,56.0,83.8,94.0,104.2,114.5,121.3,69.8,69.3,69.0,68.7,48.4,56.3,64.3,72.3,79.0,19.6,28.9,37.0,44.1,35.9,28.1,84.3,93.0,101.6,108.0,100.9,92.7,27.1,40.7,52.7,60.7,69.1,77.3,84.2,75.4,66.2,57.4,48.8,37.7,31.4,51.7,59.9,68.4,80.0,67.5,58.8,50.4,-122.3,-98.2,-74.4,-51.5,-30.5,-14.6,-4.4,2.2,5.1,3.8,-5.4,-18.2,-34.5,-53.0,-70.8,-89.7,-109.0,-129.3,-137.8,-139.7,-135.6,-128.5,-128.5,-133.7,-136.4,-137.5,-131.9,-109.9,-96.5,-83.5,-70.3,-65.1,-61.2,-57.6,-59.4,-62.4,-108.8,-110.0,-109.8,-106.8,-105.0,-105.5,-105.7,-107.8,-107.5,-105.0,-102.6,-103.0,-41.8,-45.7,-46.1,-43.2,-44.6,-41.7,-36.7,-29.1,-25.9,-25.5,-26.9,-31.7,-41.1,-39.7,-38.2,-38.4,-36.2,-34.8,-34.2,-35.2,643.5,646.8,652.4,655.2,652.2,644.9,632.5,622.3,624.8,638.8,659.1,674.9,678.7,675.4,670.5,670.4,674.1,613.7,612.1,610.5,609.1,608.1,621.4,628.3,634.7,642.0,648.1,615.8,610.3,604.8,599.6,608.1,607.8,607.7,611.6,615.7,610.8,610.0,612.4,614.3,611.2,608.8,631.8,635.2,638.8,643.8,638.3,634.6,614.2,609.0,607.4,609.4,614.9,623.5,635.3,621.9,612.5,606.6,604.2,606.6,612.9,607.7,609.9,615.4,631.2,615.3,609.7,607.9,1.3969999999999998,0.111,-0.282,0.111,722.638,261.55400000000003,-34.839,29.384,-20.226,-6.43,-3.727,2.608,-13.052999999999999,2.369,-10.777999999999999,5.622999999999999,-3.9810000000000003,-0.5579999999999999,5.686,6.985,-4.977,2.133,-3.9610000000000003,-4.596,-15.567,-0.525,3.431,-0.846,3.201,-3.886,2.188,1.859,-0.767,-1.119,0.272,-0.5489999999999999,0.133,0.262,-0.087,0.305,0.05,0.0,0.0,0.0,0.68,1.73,0.0,0.31,1.26,0.98,0.78,0.64,0.0,0.0,0.6,0.0,0.65,0.0,1.0,0.0,0.0,0.0,1.0,0.0,0.0,1.0,1.0,1.0,0.0,0.0,0.0,0.0,0.0,0.0,1.0
18,0,0.7090000000000001,0.98,1,0.24015,0.422099,-0.8741629999999999,0.07558,0.361268,-0.929394,0.17300000000000001,0.41,682.0,685.7,692.6,698.7,700.5,697.0,689.8,683.7,670.6,676.3,683.0,690.2,696.8,701.6,704.6,700.7,695.3,688.7,681.9,675.6,687.6,690.2,693.1,694.7,693.9,691.4,688.4,686.9,767.6,770.2,776.0,781.5,783.5,780.8,775.0,769.0,760.6,765.0,770.5,776.5,781.7,785.6,788.2,785.3,781.3,776.3,770.4,764.6,772.4,774.9,777.4,778.6,777.8,775.3,772.7,771.5,205.3,198.7,196.0,198.9,205.7,212.6,215.0,212.1,203.7,203.1,203.1,203.0,203.2,204.2,205.9,209.0,210.7,211.2,210.0,207.4,207.8,209.0,207.9,205.1,202.3,201.1,202.2,205.0,212.5,207.0,205.4,208.8,215.0,220.5,222.0,219.2,212.8,211.4,210.9,211.5,213.3,215.5,218.3,219.6,219.6,218.8,217.3,215.7,216.3,217.8,217.1,214.6,211.8,210.4,211.0,213.5,26.6,28.9,33.3,37.4,38.6,36.5,31.8,27.8,19.4,23.0,27.2,31.7,36.0,39.2,41.4,38.8,35.1,30.9,26.6,22.6,30.3,32.0,33.9,34.9,34.3,32.7,30.8,29.8,93.9,96.2,100.7,104.9,106.3,104.0,99.4,94.9,88.8,92.0,96.0,100.5,104.7,108.0,110.5,107.7,104.2,100.2,95.8,91.6,97.7,99.6,101.6,102.6,102.0,100.2,98.1,97.1,-97.9,-102.0,-103.8,-102.4,-98.5,-94.3,-92.6,-94.0,-99.3,-99.3,-99.1,-99.2,-99.4,-99.3,-98.7,-96.5,-94.9,-94.3,-95.1,-96.8,-96.9,-96.3,-97.0,-98.8,-100.4,-101.0,-100.2,-98.5,-108.6,-113.0,-114.4,-112.1,-107.4,-103.0,-101.6,-103.6,-108.5,-109.4,-109.7,-109.4,-108.4,-107.2,-105.6,-104.1,-103.6,-103.8,-104.8,-106.1,-106.0,-105.0,-105.7,-107.6,-109.7,-110.8,-110.1,-108.2,554.2,553.3,554.2,556.3,558.5,559.9,558.5,556.3,556.0,554.0,552.7,552.9,554.8,557.5,560.6,558.8,556.3,554.8,554.5,555.1,557.1,558.0,558.4,558.0,557.1,556.2,555.8,556.2,644.1,646.0,647.9,648.8,648.1,646.3,644.3,643.5,644.7,644.0,643.8,644.5,646.5,649.2,652.3,648.8,645.5,643.1,642.4,643.3,645.7,646.1,647.0,647.8,648.1,647.7,646.8,646.0,60.6,-69.8,626.2,0.19399999999999998,-0.172,0.095,614.4,612.4,611.3,612.8,622.2,640.9,664.0,689.0,715.0,738.5,756.5,771.0,782.6,791.4,797.4,801.8,802.9,647.9,663.5,684.1,704.3,723.1,760.1,773.0,785.7,798.2,806.0,741.5,741.5,741.8,742.1,711.6,722.9,734.4,745.3,754.2,670.4,683.9,695.5,705.6,694.1,682.7,759.0,770.6,781.8,789.4,781.0,770.3,680.2,699.9,717.5,728.6,739.7,749.8,757.4,747.2,735.5,723.7,711.6,695.5,686.4,716.0,727.4,738.6,752.4,737.0,725.5,713.8,194.4,228.2,261.6,292.8,320.7,341.6,354.9,363.4,367.1,365.3,353.3,336.9,316.0,292.0,268.3,243.5,218.9,176.9,164.1,160.8,166.0,175.8,179.5,174.2,172.3,172.9,182.5,203.6,221.6,239.3,257.6,266.4,271.9,277.1,275.1,271.5,204.3,202.1,203.1,208.2,209.8,208.5,213.8,211.2,212.4,217.2,219.4,218.1,300.5,294.2,293.5,297.8,296.5,301.8,309.9,319.9,323.9,324.0,321.8,314.8,301.4,302.5,304.9,305.3,310.2,311.4,311.8,310.1,-18.9,-20.4,-21.5,-20.4,-13.3,0.7,17.4,35.0,53.7,72.0,87.9,101.1,110.7,117.0,120.9,124.3,125.9,5.5,16.5,30.9,44.9,57.9,85.5,95.7,105.9,116.3,123.2,71.6,71.0,70.5,70.1,49.9,57.7,65.7,73.7,80.5,21.3,30.7,39.0,46.2,37.9,29.8,86.1,95.0,103.7,110.0,103.0,94.6,28.4,41.8,53.9,61.9,70.2,78.4,85.4,76.4,67.0,58.2,49.6,38.6,32.6,52.9,61.1,69.5,81.3,68.4,59.8,51.4,-122.3,-97.7,-73.6,-50.5,-29.4,-13.6,-3.7,2.5,5.1,3.9,-5.1,-17.9,-34.1,-52.6,-70.5,-89.6,-109.1,-129.0,-137.6,-139.5,-135.5,-128.4,-128.5,-133.7,-136.4,-137.5,-131.7,-110.3,-96.8,-83.6,-70.3,-65.2,-61.3,-57.7,-59.5,-62.4,-109.1,-110.5,-110.2,-106.9,-105.2,-105.7,-105.7,-108.2,-107.9,-105.2,-102.7,-103.1,-41.9,-45.9,-46.3,-43.4,-44.7,-41.6,-36.4,-28.6,-25.3,-25.1,-26.5,-31.5,-41.2,-40.1,-38.5,-38.6,-36.0,-34.3,-33.7,-34.8,646.1,649.0,654.3,656.8,654.1,647.4,635.2,624.9,626.9,640.3,660.1,675.4,679.2,676.4,672.0,672.4,676.5,616.2,614.7,613.0,611.3,609.9,622.8,629.5,635.9,643.3,649.4,617.3,611.7,606.1,600.8,609.6,609.1,608.8,612.7,616.9,613.2,612.2,614.5,616.1,613.1,610.9,632.9,636.2,639.7,644.6,639.1,635.5,616.6,611.2,609.1,610.8,616.2,624.7,636.3,623.3,614.2,608.6,606.5,609.0,615.3,609.4,611.4,616.7,632.5,617.1,611.7,610.1,1.393,0.11,-0.272,0.11199999999999999,724.6060000000001,261.945,-35.957,28.448,-18.115,-4.119,-2.044,2.609,-11.203,0.225,-11.529000000000002,5.4879999999999995,-2.6889999999999996,0.053,6.336,7.22,-5.155,2.68,-2.7760000000000002,-3.234,-15.677999999999999,-0.044000000000000004,3.775,-0.917,3.102,-3.853,2.407,1.401,-0.8759999999999999,-1.047,0.228,-0.46,0.055,0.244,-0.147,0.37,0.03,0.0,0.0,0.0,0.67,1.88,0.0,0.26,1.17,0.73,0.71,0.54,0.0,0.0,0.72,0.0,0.56,0.0,1.0,0.0,0.0,0.0,1.0,0.0,0.0,1.0,1.0,1.0,0.0,0.0,0.0,0.0,0.0,0.0,1.0
19,0,0.7509999999999999,0.98,1,0.230305,0.417206,-0.8791469999999999,0.070069,0.36242199999999997,-0.929377,0.165,0.40700000000000003,681.8,685.4,692.4,698.5,700.3,696.8,689.6,683.5,670.3,676.0,682.7,689.8,696.4,701.2,704.3,700.4,695.0,688.4,681.6,675.3,687.5,690.0,692.9,694.4,693.7,691.2,688.3,686.7,767.6,770.3,776.1,781.8,783.9,781.3,775.5,769.2,760.1,764.7,770.5,776.7,782.0,786.0,788.8,785.9,781.8,776.6,770.5,764.4,772.7,775.2,777.8,778.9,778.0,775.5,772.9,771.7,204.8,198.2,195.5,198.4,205.2,212.1,214.5,211.5,203.1,202.4,202.5,202.4,202.8,203.9,205.8,208.7,210.2,210.6,209.3,206.7,207.3,208.5,207.4,204.6,201.8,200.6,201.7,204.5,212.7,207.0,205.5,208.9,215.3,221.0,222.5,219.6,213.1,211.8,211.2,211.8,213.6,215.8,218.6,219.9,219.8,219.0,217.5,216.0,216.6,218.2,217.5,215.0,212.1,210.6,211.3,213.8,26.5,28.8,33.3,37.3,38.6,36.4,31.8,27.7,19.3,22.9,27.0,31.6,35.9,39.1,41.3,38.7,35.0,30.8,26.4,22.5,30.3,32.0,33.9,34.8,34.3,32.6,30.8,29.8,90.6,92.7,97.2,101.4,102.9,100.7,96.2,91.6,85.3,88.5,92.5,97.1,101.2,104.5,107.0,104.3,100.8,96.8,92.4,88.1,94.4,96.2,98.2,99.2,98.6,96.7,94.7,93.8,-98.6,-102.7,-104.5,-103.0,-99.1,-94.9,-93.2,-94.7,-100.0,-100.1,-99.8,-99.9,-99.9,-99.7,-99.1,-96.9,-95.5,-95.0,-95.8,-97.6,-97.5,-96.9,-97.7,-99.4,-101.0,-101.6,-100.8,-99.2,-104.5,-108.9,-110.4,-108.1,-103.4,-99.0,-97.6,-99.5,-104.3,-105.2,-105.6,-105.3,-104.3,-103.2,-101.7,-100.2,-99.7,-99.9,-100.8,-102.0,-102.0,-101.0,-101.6,-103.6,-105.6,-106.7,-106.0,-104.1,555.9,555.0,555.8,557.9,560.1,561.4,560.1,558.0,557.8,555.7,554.4,554.5,556.3,559.1,562.2,560.3,557.9,556.4,556.2,556.9,558.7,559.6,560.0,559.6,558.7,557.8,557.5,557.8,620.9,623.0,625.1,626.1,625.3,623.2,621.1,620.2,621.4,620.8,620.6,621.5,623.5,626.3,629.4,625.8,622.4,620.0,619.2,619.9,622.5,623.0,623.9,624.8,625.2,624.7,623.8,622.9,60.3,-69.6,624.1,0.193,-0.153,0.096,614.6,612.5,611.3,612.9,622.5,641.2,664.2,689.0,714.8,738.4,756.6,771.5,783.3,792.1,798.2,802.7,804.0,647.8,663.4,684.1,704.5,723.2,759.9,773.2,786.4,799.2,806.6,741.3,741.2,741.3,741.4,710.8,722.2,733.8,744.8,753.8,670.1,683.5,695.2,705.4,693.8,682.3,759.0,770.8,782.1,789.8,781.3,770.4,679.6,699.3,716.8,727.9,739.1,749.3,757.1,746.6,734.8,722.9,710.9,694.8,685.7,715.3,726.7,737.9,752.0,736.4,724.8,713.1,193.8,228.0,261.7,293.2,321.1,342.0,355.3,363.6,367.1,365.4,353.5,337.1,316.2,291.9,267.9,242.8,217.9,176.8,163.7,160.3,165.6,175.6,179.5,174.3,172.6,173.8,184.2,203.5,221.6,239.4,257.9,266.3,271.8,277.1,275.1,271.6,203.6,201.5,202.7,207.9,209.4,208.1,214.0,211.4,212.6,217.5,219.7,218.3,300.2,294.0,293.3,297.7,296.5,301.9,310.1,320.0,323.8,323.7,321.4,314.4,301.1,302.2,304.8,305.2,310.3,311.3,311.5,309.8,-18.8,-20.4,-21.5,-20.3,-13.1,0.9,17.6,34.9,53.5,71.8,87.8,101.3,110.9,117.3,121.1,124.6,126.3,5.5,16.4,30.9,45.0,57.9,85.0,95.4,106.0,116.6,123.2,71.3,70.5,69.9,69.3,49.2,57.0,65.1,73.2,80.0,21.1,30.4,38.7,46.0,37.6,29.5,85.7,94.7,103.4,109.9,102.8,94.3,27.9,41.3,53.3,61.2,69.5,77.8,84.9,75.6,66.3,57.4,49.0,38.0,32.1,52.3,60.4,68.8,80.7,67.7,59.1,50.8,-122.8,-98.0,-73.5,-50.2,-29.1,-13.3,-3.4,2.5,5.1,4.0,-4.9,-17.6,-33.9,-52.5,-70.5,-89.8,-109.4,-129.0,-137.8,-139.8,-135.6,-128.3,-128.0,-133.1,-135.7,-136.4,-130.0,-110.1,-96.5,-83.2,-69.8,-65.1,-61.2,-57.4,-59.2,-62.1,-109.5,-110.8,-110.3,-106.9,-105.3,-105.9,-105.2,-107.6,-107.3,-104.5,-102.0,-102.5,-42.1,-46.0,-46.3,-43.3,-44.5,-41.3,-36.2,-28.4,-25.3,-25.2,-26.7,-31.7,-41.3,-40.1,-38.5,-38.5,-35.8,-34.2,-33.8,-34.9,646.9,649.7,654.9,657.3,654.4,647.4,634.8,624.1,625.8,638.9,658.5,673.6,677.3,674.4,669.9,670.0,674.0,616.2,614.4,612.4,610.4,608.6,620.3,627.0,633.4,640.9,647.1,615.5,609.7,604.0,598.5,607.8,607.0,606.6,610.6,614.7,612.6,611.4,613.5,614.8,612.1,610.1,630.5,633.8,637.1,641.9,636.5,633.1,615.8,609.8,607.3,608.8,614.0,622.5,634.3,621.0,612.0,606.5,604.6,607.6,614.3,607.6,609.4,614.6,630.5,614.9,609.7,608.3,1.3969999999999998,0.109,-0.251,0.11199999999999999,724.461,261.904,-33.365,29.338,-17.378,-3.0860000000000003,-2.302,3.285,-10.777999999999999,-1.104,-12.515999999999998,4.602,-2.569,-0.8370000000000001,6.707000000000001,6.631,-5.476,3.234,-2.428,-3.853,-15.104000000000001,0.266,3.327,-0.687,2.92,-3.812,2.296,1.569,-1.053,-0.86,0.111,-0.35200000000000004,0.046,0.156,-0.198,0.387,0.03,0.0,0.0,0.0,0.63,1.94,0.0,0.17,1.09,0.56,0.76,0.33,0.0,0.0,0.68,0.0,0.52,0.0,1.0,0.0,0.0,0.0,1.0,0.0,0.0,1.0,1.0,1.0,0.0,0.0,0.0,0.0,0.0,0.0,1.0
20,0,0.792,0.98,1,0.235578,0.379407,-0.8947360000000001,0.048056,0.339879,-0.939241,0.153,0.374,679.4,683.2,690.1,696.2,697.8,694.2,687.0,681.0,667.2,672.8,679.7,687.1,693.9,698.5,701.2,697.2,691.7,685.1,678.3,672.1,684.9,687.5,690.4,692.0,691.4,688.8,685.8,684.2,765.5,768.2,774.1,779.9,782.0,779.3,773.4,767.1,757.8,762.6,768.5,774.7,780.1,784.1,786.9,784.0,779.8,774.6,768.4,762.1,770.6,773.1,775.7,776.9,776.0,773.4,770.8,769.6,203.4,196.9,194.2,197.0,203.5,210.3,212.7,209.9,201.9,201.1,201.1,201.0,201.5,202.7,204.8,207.7,209.4,209.8,208.4,205.6,205.7,206.8,205.7,202.9,200.2,199.0,200.1,202.9,212.8,207.2,205.7,209.2,215.8,221.5,222.9,219.8,213.5,212.0,211.4,212.0,213.9,216.3,219.3,220.4,220.3,219.4,217.9,216.3,216.9,218.5,217.9,215.4,212.5,210.9,211.6,214.1,24.5,26.8,31.2,35.1,36.3,34.1,29.6,25.6,17.0,20.5,24.6,29.3,33.6,36.7,38.6,36.0,32.4,28.1,23.9,20.0,28.1,29.8,31.7,32.7,32.2,30.5,28.6,27.7,87.3,89.5,94.0,98.2,99.5,97.3,92.8,88.3,82.0,85.3,89.4,93.8,97.9,101.2,103.6,101.0,97.5,93.5,89.1,84.8,91.1,92.9,94.9,95.9,95.3,93.4,91.4,90.5,-97.6,-101.4,-103.2,-101.9,-98.3,-94.3,-92.6,-93.9,-98.9,-99.0,-98.7,-98.8,-98.9,-98.6,-97.9,-95.8,-94.3,-93.7,-94.6,-96.4,-96.7,-96.1,-96.9,-98.5,-100.1,-100.6,-99.9,-98.2,-102.4,-106.7,-108.1,-105.8,-101.1,-96.7,-95.4,-97.4,-102.0,-102.9,-103.3,-103.1,-102.1,-100.9,-99.3,-97.9,-97.4,-97.7,-98.6,-99.8,-99.8,-98.8,-99.4,-101.3,-103.3,-104.4,-103.8,-101.9,545.1,544.0,544.9,547.2,549.5,551.1,549.8,547.5,547.3,545.1,543.6,543.7,545.6,548.5,551.7,550.0,547.7,546.3,546.0,546.6,548.1,549.1,549.5,549.0,548.0,547.0,546.7,547.1,608.7,610.9,613.1,614.0,613.1,611.0,608.8,607.9,609.1,608.6,608.5,609.4,611.5,614.3,617.4,613.6,610.2,607.8,607.0,607.7,610.3,610.7,611.7,612.6,613.0,612.6,611.6,610.7,58.1,-69.3,622.0,0.17800000000000002,-0.11699999999999999,0.105,613.3,610.7,609.5,611.3,621.2,639.8,662.3,686.7,712.4,736.1,754.6,770.0,781.9,790.6,796.5,801.5,803.5,645.3,660.6,682.1,703.1,721.8,756.4,771.3,786.1,799.7,805.8,738.3,737.6,737.2,736.8,706.5,717.8,729.5,740.8,750.1,667.3,680.4,692.3,702.5,690.8,679.0,756.7,768.8,780.2,788.0,779.3,768.2,676.1,695.7,712.9,723.7,735.0,745.7,754.0,742.8,730.6,718.7,706.9,691.2,682.1,711.3,722.5,733.7,748.7,732.2,720.7,709.2,193.3,227.4,261.2,292.8,320.5,341.6,355.2,363.7,367.4,365.8,354.6,338.7,318.1,293.9,269.4,243.9,218.5,177.9,163.4,159.4,165.2,176.1,180.2,174.6,173.6,177.2,190.5,203.4,221.6,239.5,258.1,265.6,271.4,276.9,275.1,271.7,202.4,200.0,201.4,207.2,208.5,207.0,214.2,211.4,213.0,218.4,220.4,218.7,299.6,293.6,293.0,297.5,296.4,302.1,310.7,320.4,323.7,323.2,320.7,313.6,300.5,301.8,304.4,305.0,310.6,311.3,311.2,309.1,-19.9,-21.9,-23.0,-21.6,-14.1,-0.2,16.2,33.2,51.6,69.9,86.0,99.7,109.5,115.7,119.4,123.1,125.2,3.8,14.5,29.5,44.0,56.9,82.2,93.6,105.3,116.6,122.4,69.0,67.8,66.9,65.9,46.1,53.8,61.8,70.1,77.1,19.1,28.3,36.7,43.9,35.6,27.3,83.8,92.9,101.7,108.1,100.9,92.4,25.4,38.7,50.4,58.0,66.3,74.9,82.4,72.6,63.1,54.4,46.1,35.5,29.6,49.3,57.2,65.5,78.0,64.5,56.0,48.0,-124.0,-99.0,-74.3,-50.7,-29.6,-13.6,-3.5,2.7,5.2,4.3,-4.1,-16.3,-32.4,-50.8,-69.1,-88.5,-108.4,-128.8,-138.5,-140.6,-136.0,-127.9,-126.9,-132.2,-134.5,-133.5,-125.2,-109.9,-96.2,-82.8,-69.4,-65.3,-61.2,-57.3,-59.0,-61.8,-110.6,-112.1,-111.4,-107.5,-106.2,-106.9,-104.7,-107.2,-106.6,-103.4,-101.1,-101.8,-42.5,-46.2,-46.4,-43.4,-44.4,-41.0,-35.6,-28.0,-25.3,-25.4,-27.1,-32.2,-41.8,-40.3,-38.6,-38.4,-35.5,-34.1,-33.9,-35.2,651.0,653.5,658.1,659.7,656.2,648.1,634.0,622.6,624.0,637.0,656.4,671.2,675.1,672.4,667.7,667.0,670.2,619.1,616.4,613.6,611.0,608.8,617.7,624.1,631.0,639.1,646.0,613.9,607.7,601.5,595.8,605.8,604.9,604.2,608.4,612.7,614.0,612.9,614.5,615.4,613.2,611.5,628.1,631.2,634.4,638.9,633.8,630.6,615.9,608.6,605.3,606.6,611.2,620.0,632.2,618.3,609.1,604.0,602.6,606.5,614.2,605.8,607.2,611.9,628.2,612.1,607.3,606.3,1.399,0.095,-0.20800000000000002,0.11800000000000001,721.703,262.036,-28.406,30.648000000000003,-15.758,-0.9840000000000001,-2.574,4.803999999999999,-10.398,-2.025,-11.734000000000002,3.275,-3.12,-4.819,6.662999999999999,5.152,-5.939,5.553,-1.805,-4.331,-12.172,1.8090000000000002,2.499,-0.18100000000000002,3.301,-4.0169999999999995,2.414,1.608,-0.78,-1.102,0.026000000000000002,-0.446,0.004,0.14300000000000002,-0.183,0.418,0.1,0.0,0.0,0.0,0.64,1.87,0.0,0.13,1.0,0.3,0.89,0.16,0.0,0.0,0.73,0.0,0.65,0.0,1.0,0.0,0.0,0.0,1.0,0.0,0.0,0.0,1.0,1.0,0.0,0.0,0.0,0.0,0.0,0.0,1.0
21,0,0.8340000000000001,0.98,1,0.16663699999999998,0.41129399999999994,-0.896141,-0.005343,0.356008,-0.934467,0.08800000000000001,0.397,677.5,681.1,687.5,693.0,694.4,690.9,684.3,678.8,665.8,671.7,678.4,685.4,691.5,695.7,698.2,694.8,689.9,683.6,677.1,670.8,682.5,684.7,687.3,688.8,688.3,686.0,683.4,682.0,761.5,764.7,770.7,776.1,777.7,774.6,768.6,762.6,754.9,759.3,764.7,770.8,776.1,780.2,783.1,780.0,775.7,770.6,764.7,758.8,766.4,768.8,771.4,772.8,772.1,769.7,767.1,765.7,204.9,198.5,196.1,199.0,205.7,212.4,214.5,211.5,203.1,202.5,202.5,202.5,203.2,204.3,206.0,208.9,210.3,210.5,209.3,206.7,207.5,208.7,207.7,205.1,202.4,201.2,202.2,204.8,214.8,209.6,208.5,212.2,218.5,223.8,224.8,221.6,214.6,213.7,213.5,214.4,216.4,218.6,221.6,222.6,222.4,221.4,219.7,217.8,219.0,220.6,220.2,217.9,215.1,213.5,213.9,216.2,24.6,27.0,31.3,35.0,36.0,33.8,29.3,25.6,17.0,20.8,25.2,29.8,33.9,36.9,38.8,36.3,32.9,28.7,24.4,20.3,28.1,29.6,31.4,32.3,31.9,30.4,28.6,27.7,88.8,91.4,96.1,100.1,101.2,98.6,93.9,89.4,84.1,87.2,91.1,95.6,99.8,103.1,105.8,102.9,99.3,95.2,90.8,86.7,92.6,94.3,96.4,97.5,97.1,95.3,93.3,92.1,-101.9,-106.0,-107.9,-106.4,-102.3,-98.0,-96.3,-97.9,-103.3,-103.4,-103.3,-103.3,-103.3,-103.1,-102.5,-100.2,-98.8,-98.3,-99.0,-100.8,-100.7,-100.1,-100.9,-102.6,-104.2,-104.8,-104.1,-102.4,-106.1,-110.3,-111.4,-108.7,-103.9,-99.8,-98.7,-101.0,-106.4,-106.9,-107.0,-106.4,-105.3,-104.0,-102.3,-101.0,-100.6,-101.0,-102.2,-103.8,-103.2,-102.1,-102.5,-104.4,-106.5,-107.7,-107.2,-105.4,574.8,574.4,575.8,578.2,580.1,580.9,579.1,576.7,576.2,574.4,573.5,574.0,576.3,579.3,582.5,580.2,577.3,575.4,574.8,575.3,577.9,578.8,579.4,579.3,578.5,577.5,577.0,577.1,639.5,641.6,643.3,643.8,642.7,640.7,638.9,638.5,640.3,639.5,639.1,639.6,641.3,643.8,646.8,643.2,640.0,637.9,637.4,638.5,640.7,640.9,641.7,642.6,643.1,642.9,642.1,641.2,56.0,-69.7,630.5,0.16899999999999998,-0.08,0.12300000000000001,613.6,610.5,608.5,609.5,618.5,635.8,657.3,681.4,707.1,731.0,750.3,766.8,779.5,788.7,794.9,800.9,804.2,644.0,658.6,679.8,700.8,719.6,753.0,769.1,784.7,798.7,804.2,734.3,733.0,731.9,730.6,701.6,712.4,723.7,734.9,744.5,666.1,678.7,690.2,699.9,688.7,677.5,753.3,765.1,776.4,784.2,775.3,764.5,670.9,689.9,706.5,717.6,729.3,740.6,749.3,737.3,724.4,712.1,700.0,684.9,676.7,704.8,716.2,727.9,744.0,726.1,714.2,702.4,193.9,227.2,260.0,291.0,318.2,339.7,354.1,363.6,367.8,366.7,356.4,341.2,320.8,296.4,271.2,244.9,218.7,180.9,165.6,160.9,165.9,176.1,180.2,175.5,176.0,181.9,196.5,204.3,221.8,239.2,257.3,264.9,270.7,276.3,274.7,271.9,203.8,201.5,202.9,208.1,209.5,208.0,215.7,213.6,215.5,220.8,222.3,220.4,299.1,293.2,292.9,297.5,296.9,302.7,311.6,321.4,324.2,323.4,320.5,313.1,300.0,301.2,304.1,305.0,311.4,312.3,311.8,309.4,-20.0,-22.4,-24.1,-23.3,-16.4,-3.2,12.7,29.8,48.4,67.0,83.6,98.0,108.4,115.3,119.3,123.7,126.9,2.9,13.4,28.4,43.2,56.3,80.8,93.3,105.6,117.2,122.6,67.1,65.6,64.2,62.7,43.3,50.9,58.7,67.0,74.2,18.7,27.6,35.9,42.8,34.7,26.6,82.3,91.2,99.8,106.2,98.9,90.6,22.1,35.3,46.8,54.6,63.3,72.2,79.9,69.6,59.6,50.5,42.0,31.7,26.2,45.6,53.7,62.4,75.6,61.1,52.3,44.0,-125.8,-100.9,-76.4,-52.8,-31.8,-15.2,-4.3,2.6,5.6,4.9,-2.7,-14.6,-30.5,-49.3,-68.4,-88.5,-109.2,-129.4,-139.7,-142.2,-137.9,-130.1,-128.6,-133.2,-134.3,-131.5,-122.0,-110.8,-97.4,-84.4,-71.1,-66.9,-62.7,-58.7,-60.2,-62.5,-111.5,-113.0,-112.2,-108.6,-107.3,-108.1,-104.8,-106.7,-105.8,-102.5,-100.7,-101.6,-43.6,-47.2,-47.2,-44.0,-44.7,-41.1,-35.4,-27.6,-25.3,-25.7,-27.7,-33.0,-42.9,-41.4,-39.4,-39.0,-35.4,-33.8,-34.0,-35.7,662.8,664.7,668.6,669.7,664.8,656.4,641.7,630.2,631.7,644.4,662.9,676.2,680.0,678.3,674.0,673.1,676.3,632.2,628.9,625.2,621.9,618.9,625.8,632.0,638.7,646.3,653.1,622.7,616.8,611.0,605.8,615.6,614.6,613.7,617.7,621.6,624.5,623.7,625.1,625.6,623.6,622.2,635.3,637.7,640.3,644.3,639.9,637.3,626.4,618.9,615.4,616.0,620.0,628.1,639.7,626.6,618.1,613.4,612.6,617.0,624.9,615.5,616.5,620.4,636.1,620.9,616.6,616.2,1.38,0.085,-0.163,0.134,717.84,262.737,-34.438,27.039,-14.761,-3.222,-2.133,4.245,-8.953,-7.303,-9.95,4.268,-7.507999999999999,-8.491,6.671,4.401,-6.067,8.002,-1.99,-4.167,-11.542,0.927,2.248,-0.397,2.784,-4.306,0.914,1.4080000000000001,-0.7240000000000001,-1.216,0.1,-0.44299999999999995,0.051,0.08199999999999999,-0.086,0.381,0.23,0.0,0.0,0.0,0.5,1.67,0.0,0.09,0.94,0.1,1.05,0.05,0.0,0.0,0.64,0.0,0.83,0.0,0.0,0.0,0.0,0.0,1.0,0.0,0.0,0.0,1.0,1.0,0.0,0.0,0.0,0.0,0.0,0.0,1.0
22,0,0.8759999999999999,0.98,1,0.177871,0.454359,-0.8728799999999999,-0.107732,0.398593,-0.9107790000000001,0.039,0.446,676.9,680.2,686.4,692.0,693.7,690.6,684.2,678.6,665.2,671.1,677.5,684.1,690.1,694.5,697.3,694.0,689.0,682.8,676.5,670.4,681.8,684.2,687.0,688.5,687.7,685.3,682.5,681.0,755.9,759.7,766.0,771.1,772.0,768.2,761.9,756.3,750.7,755.2,760.5,766.6,772.0,776.2,779.1,775.4,770.8,765.5,759.6,754.0,760.8,762.9,765.6,767.2,766.8,764.7,762.0,760.4,207.8,201.3,198.9,201.9,208.7,215.6,217.6,214.5,206.1,205.3,205.0,204.9,205.3,206.2,207.7,210.8,212.2,212.6,211.5,209.4,210.8,212.2,211.1,208.2,205.2,203.9,205.0,207.8,217.9,212.5,211.5,215.3,221.7,227.0,228.1,224.6,215.3,215.4,216.1,217.5,219.7,221.7,224.0,225.4,225.3,224.2,222.0,219.2,221.7,223.3,222.8,220.6,217.8,216.2,216.7,219.0,24.8,27.0,31.3,35.2,36.4,34.3,29.9,26.0,17.0,20.9,25.1,29.6,33.8,36.9,39.0,36.6,33.1,28.8,24.5,20.4,28.2,29.9,31.8,32.8,32.3,30.6,28.7,27.7,85.6,88.5,93.2,97.0,97.8,94.9,90.2,86.0,81.9,85.0,88.9,93.4,97.7,101.2,103.9,100.6,96.8,92.6,88.1,84.2,89.4,91.1,93.1,94.3,94.0,92.3,90.3,89.1,-102.3,-106.7,-108.6,-107.0,-102.6,-98.0,-96.3,-98.0,-103.7,-103.9,-104.0,-104.1,-104.2,-104.1,-103.7,-101.1,-99.6,-99.1,-99.7,-101.2,-100.8,-100.0,-100.9,-102.8,-104.7,-105.5,-104.6,-102.7,-105.0,-109.0,-109.9,-107.2,-102.4,-98.5,-97.6,-100.1,-107.1,-106.8,-106.1,-105.1,-103.8,-102.8,-101.6,-100.0,-99.6,-100.1,-101.7,-104.0,-102.4,-101.3,-101.6,-103.3,-105.3,-106.5,-106.1,-104.4,588.1,588.2,589.8,592.0,593.5,593.8,591.7,589.5,589.6,587.8,587.0,587.5,589.5,592.3,595.4,592.9,589.9,588.1,587.7,588.4,591.0,592.0,592.7,592.7,592.1,591.1,590.4,590.4,646.4,646.5,647.1,647.8,648.1,648.0,647.4,646.9,647.5,646.0,645.1,645.4,647.3,650.1,653.6,650.3,647.4,645.4,644.8,646.0,647.9,648.2,648.4,648.5,648.3,648.0,647.8,647.7,53.7,-69.1,631.3,0.174,-0.069,0.15,614.3,610.7,608.0,607.6,614.5,629.4,649.7,673.7,699.5,723.9,743.8,761.6,775.9,786.3,793.2,800.1,804.5,642.3,655.6,676.1,697.2,716.5,750.8,767.9,783.9,797.7,802.1,730.8,729.5,728.2,726.8,698.4,709.0,719.9,731.0,740.6,665.6,677.6,688.8,698.4,687.7,676.8,749.4,760.8,771.7,779.8,770.8,760.2,667.6,686.1,702.6,713.6,725.6,737.0,745.5,733.3,720.3,707.8,695.8,680.9,673.3,700.6,711.9,724.0,740.5,721.9,709.8,698.1,192.6,224.2,255.3,284.9,311.3,333.5,349.7,362.0,368.5,368.7,360.1,345.8,326.0,301.4,275.0,247.4,219.6,185.0,168.8,163.1,167.1,176.1,180.6,177.2,179.3,187.9,203.8,206.5,223.5,240.3,257.9,265.2,271.0,276.7,275.4,273.2,206.1,204.1,205.4,210.2,211.3,210.1,217.8,216.1,218.3,223.4,224.6,222.6,298.4,293.1,293.1,297.9,297.6,303.6,312.2,322.6,325.0,323.7,320.4,312.5,299.4,301.0,304.3,305.4,311.9,313.2,312.2,309.3,-19.6,-22.3,-24.5,-24.8,-19.4,-8.0,7.1,24.4,43.1,61.9,78.9,94.3,106.1,114.2,119.0,124.0,128.0,1.7,11.3,25.9,40.8,54.2,79.2,92.4,105.2,116.7,121.3,64.7,63.1,61.7,60.2,41.2,48.6,56.1,64.3,71.5,18.3,26.9,34.9,41.9,34.1,26.3,79.4,88.0,96.3,102.8,95.5,87.5,19.8,32.7,44.1,51.8,60.6,69.6,77.2,66.8,56.7,47.6,39.1,29.0,23.9,42.7,50.8,59.5,73.2,58.1,49.2,41.0,-127.4,-103.5,-80.2,-57.6,-37.1,-19.9,-7.6,1.4,6.1,6.4,0.1,-11.0,-26.5,-45.8,-66.0,-87.2,-109.3,-127.4,-138.1,-141.2,-137.5,-130.2,-128.2,-132.1,-132.1,-127.4,-116.8,-109.3,-96.3,-83.7,-70.8,-66.9,-62.6,-58.5,-59.8,-61.7,-110.1,-111.4,-110.8,-107.4,-106.2,-106.9,-103.3,-104.8,-103.5,-100.4,-98.9,-100.0,-44.3,-47.5,-47.2,-43.8,-44.2,-40.5,-35.0,-26.8,-24.7,-25.5,-27.8,-33.6,-43.5,-41.6,-39.3,-38.7,-35.0,-33.2,-33.7,-35.8,665.9,667.0,670.1,671.0,666.2,658.9,644.6,632.6,633.9,645.8,665.0,678.4,683.5,683.3,679.6,677.9,681.0,636.7,632.4,627.6,623.6,619.7,625.4,632.4,639.8,647.5,654.7,623.1,617.4,611.7,606.6,617.3,616.0,614.7,618.6,622.1,626.3,625.5,626.7,627.2,625.2,623.9,635.3,637.3,639.5,643.3,639.1,636.9,628.8,620.5,616.5,616.6,619.6,628.0,640.6,626.5,617.7,613.8,613.8,619.0,627.5,616.8,617.2,620.3,637.1,620.3,616.9,617.2,1.3769999999999998,0.09,-0.152,0.161,714.4839999999999,263.695,-25.0,17.15,-11.675,-2.81,-5.8839999999999995,2.6639999999999997,-6.888999999999999,-8.976,-7.827000000000001,5.166,-15.5,-8.833,8.293,3.097,-3.875,9.302,-0.228,-5.537999999999999,-12.07,-1.3459999999999999,1.632,-0.294,3.408,-3.2260000000000004,-0.9129999999999999,1.3130000000000002,-0.435,-1.5519999999999998,0.47200000000000003,-0.428,0.18,0.273,-0.132,0.308,0.23,0.0,0.0,0.0,0.41,1.6,0.0,0.1,0.92,0.0,1.24,0.1,0.0,0.0,0.66,0.0,0.86,0.0,0.0,0.0,0.0,0.0,1.0,0.0,0.0,0.0,0.0,1.0,0.0,0.0,0.0,0.0,0.0,0.0,1.0
23,0,0.9179999999999999,0.98,1,0.17993499999999998,0.438337,-0.880616,-0.114126,0.39776500000000004,-0.9103620000000001,0.037000000000000005,0.43700000000000006,678.6,681.8,688.0,693.5,695.2,692.2,685.9,680.3,666.9,672.8,679.1,685.8,691.8,696.1,698.9,695.6,690.7,684.6,678.2,672.1,683.5,686.0,688.7,690.0,689.3,686.9,684.2,682.8,757.5,761.3,767.6,772.8,773.8,770.1,763.7,758.1,752.8,756.8,761.9,768.0,773.8,778.4,781.8,777.6,772.5,767.0,761.1,755.9,762.6,764.9,767.6,769.2,768.7,766.5,763.8,762.2,206.9,200.5,198.0,200.9,207.5,214.4,216.4,213.5,205.2,204.4,204.2,204.0,204.5,205.3,206.7,209.6,210.8,211.1,210.2,208.2,209.8,211.0,210.0,207.2,204.3,203.0,204.1,206.9,217.4,212.1,211.0,214.7,221.2,226.5,227.6,224.2,215.1,214.8,215.4,216.8,219.0,221.1,223.6,224.9,224.8,223.8,221.6,218.9,221.2,222.8,222.3,220.0,217.3,215.7,216.2,218.5,26.3,28.5,32.8,36.8,38.0,36.0,31.5,27.6,18.4,22.4,26.6,31.2,35.4,38.5,40.7,38.2,34.7,30.4,26.1,21.9,29.8,31.6,33.4,34.4,33.8,32.1,30.2,29.3,87.3,90.0,94.7,98.6,99.4,96.7,92.0,87.8,84.0,86.7,90.3,94.8,99.2,103.0,106.0,102.5,98.4,94.1,89.7,86.0,91.2,92.9,94.9,96.1,95.7,94.1,92.1,90.9,-104.4,-108.8,-110.8,-109.2,-104.9,-100.3,-98.5,-100.2,-105.9,-106.1,-106.1,-106.3,-106.3,-106.3,-105.9,-103.4,-102.1,-101.6,-102.2,-103.6,-103.0,-102.3,-103.1,-105.1,-106.9,-107.6,-106.8,-104.8,-105.9,-109.8,-110.6,-107.8,-103.1,-99.2,-98.4,-101.0,-107.9,-107.8,-107.1,-106.0,-104.6,-103.4,-102.0,-100.7,-100.3,-100.9,-102.5,-104.8,-103.3,-102.1,-102.4,-104.1,-106.1,-107.3,-107.0,-105.3,596.9,596.9,598.5,600.6,602.1,602.5,600.6,598.4,598.6,596.7,595.8,596.2,598.2,601.1,604.1,601.6,598.7,596.9,596.5,597.2,599.8,600.7,601.4,601.4,600.8,599.8,599.2,599.1,650.0,649.6,649.4,649.6,649.9,650.3,650.5,650.7,651.5,649.6,648.0,647.7,649.0,651.3,654.4,651.7,649.5,648.0,648.1,649.8,651.0,651.1,651.0,650.8,650.7,650.6,650.7,650.8,54.3,-68.7,628.5,0.17300000000000001,-0.085,0.163,615.7,612.1,609.2,608.4,614.1,627.7,647.8,672.3,698.8,723.4,742.9,760.4,775.1,786.1,793.8,801.5,806.4,643.6,657.2,677.1,697.9,717.3,752.7,769.7,785.2,798.7,803.9,732.3,731.1,730.0,728.5,700.1,710.7,721.6,732.6,742.1,667.2,679.2,690.4,700.1,689.6,678.7,751.3,762.6,773.6,781.8,772.7,762.1,668.8,687.3,703.7,715.1,727.8,739.1,747.2,735.5,722.5,709.4,696.9,682.0,674.7,701.6,713.4,726.0,742.4,724.0,711.3,699.1,192.0,222.8,252.9,281.6,307.6,330.1,347.3,360.9,368.5,369.9,362.5,348.7,329.2,304.4,277.6,249.5,221.0,185.6,170.7,165.5,169.1,176.9,181.9,179.3,181.7,189.9,204.8,206.1,223.2,240.2,257.9,265.1,270.9,276.6,275.3,273.3,205.5,203.2,204.4,209.4,210.3,209.2,217.2,215.3,217.7,223.0,224.0,221.8,298.6,293.0,293.1,298.1,298.0,304.2,313.1,323.1,325.5,324.0,320.5,312.4,299.6,300.9,304.3,305.7,312.7,313.5,312.4,309.1,-18.4,-21.1,-23.4,-24.0,-19.5,-9.2,5.7,23.2,42.3,61.2,77.9,93.1,105.5,114.2,119.6,125.3,129.7,2.6,12.4,26.5,41.1,54.5,80.4,93.5,105.9,117.1,122.2,65.4,64.0,62.6,61.1,42.2,49.5,57.1,65.1,72.3,19.4,27.9,35.9,42.9,35.3,27.5,80.5,89.0,97.3,103.9,96.6,88.6,20.6,33.4,44.7,52.7,61.8,70.8,78.0,68.1,58.0,48.5,39.8,29.6,24.8,43.2,51.5,60.7,74.2,59.3,50.0,41.5,-126.9,-103.7,-81.3,-59.6,-39.6,-22.3,-9.3,0.6,6.1,7.3,1.9,-8.7,-24.1,-43.5,-64.1,-85.7,-108.4,-126.3,-136.1,-138.8,-135.4,-129.1,-127.0,-130.3,-130.1,-125.4,-115.7,-109.1,-96.0,-83.3,-70.4,-66.7,-62.4,-58.3,-59.6,-61.3,-110.1,-111.6,-111.0,-107.6,-106.5,-107.1,-103.3,-105.0,-103.7,-100.4,-99.0,-100.2,-43.9,-47.2,-46.9,-43.4,-43.7,-39.9,-34.1,-26.3,-24.2,-25.1,-27.6,-33.5,-43.1,-41.5,-39.1,-38.3,-34.2,-32.8,-33.4,-35.7,661.3,661.7,664.5,665.4,661.1,654.6,641.1,628.8,630.0,642.1,662.3,676.6,683.2,684.0,680.5,678.8,682.0,633.5,629.0,624.7,620.9,616.8,623.9,631.1,638.3,645.4,652.2,620.1,614.5,608.7,603.5,614.6,613.0,611.6,615.5,618.9,623.4,622.7,624.0,624.7,622.5,621.1,633.3,635.1,637.2,640.9,636.8,634.7,625.3,617.0,613.5,613.4,616.4,624.9,637.0,623.5,614.8,611.1,611.2,616.2,623.9,613.8,614.1,617.1,633.7,617.2,614.0,614.4,1.383,0.09,-0.175,0.17600000000000002,715.671,263.87,-21.706999999999997,9.85,-10.663,-3.2060000000000004,-8.502,3.052,-5.468999999999999,-7.484,-3.34,5.466,-14.97,-7.61,9.624,3.6319999999999997,-3.6710000000000003,8.802999999999999,1.285,-4.0,-11.968,-3.5269999999999997,2.207,0.655,2.8339999999999996,-2.8930000000000002,-1.216,1.1159999999999999,-0.7090000000000001,-1.3459999999999999,0.304,-0.377,0.251,0.18600000000000003,-0.171,0.37,0.16,0.0,0.0,0.0,0.38,1.84,0.0,0.07,0.94,0.0,1.3,0.2,0.0,0.0,0.56,0.0,0.61,0.0,0.0,0.0,0.0,0.0,1.0,0.0,0.0,0.0,0.0,1.0,0.0,0.0,0.0,0.0,0.0,0.0,1.0
24,0,0.9590000000000001,0.98,1,0.199014,0.428701,-0.8812540000000001,0.021593,0.35388800000000004,-0.935039,0.121,0.40700000000000003,682.5,686.1,692.8,698.7,700.4,697.1,690.1,684.2,671.3,676.7,683.0,690.0,696.5,701.3,704.5,700.5,694.9,688.3,681.9,675.9,688.0,690.6,693.4,694.9,694.2,691.7,688.9,687.3,767.5,770.7,776.7,782.0,783.4,780.2,774.2,768.3,760.4,764.9,770.5,776.6,781.9,785.9,788.7,785.6,781.4,776.2,770.2,764.3,772.2,774.5,777.1,778.5,777.9,775.6,773.0,771.6,203.7,197.3,195.1,198.3,205.1,211.8,213.6,210.4,201.7,201.0,201.1,201.2,202.1,203.4,205.4,207.9,208.9,208.9,207.5,205.1,206.7,208.0,207.1,204.4,201.5,200.2,201.1,203.8,214.7,209.5,208.5,212.3,218.7,224.0,225.0,221.5,214.5,213.7,213.5,214.4,216.4,218.9,221.8,222.8,222.5,221.4,219.6,217.7,219.0,220.6,220.2,217.9,215.1,213.5,213.9,216.2,28.2,30.5,35.0,39.1,40.3,38.1,33.4,29.4,20.9,24.4,28.5,33.1,37.5,40.9,43.2,40.4,36.5,32.0,27.8,23.9,32.0,33.7,35.6,36.6,36.1,34.4,32.5,31.5,92.5,95.2,99.8,103.7,104.6,102.0,97.3,93.0,87.5,90.6,94.6,99.1,103.3,106.7,109.3,106.4,102.7,98.6,94.2,90.1,96.2,97.8,99.9,101.0,100.6,98.9,96.9,95.8,-103.6,-107.7,-109.4,-107.6,-103.3,-99.0,-97.6,-99.4,-105.4,-105.5,-105.2,-105.0,-104.7,-104.3,-103.5,-101.4,-100.4,-100.2,-101.1,-102.9,-102.1,-101.3,-102.0,-103.8,-105.6,-106.3,-105.6,-103.9,-105.4,-109.6,-110.6,-107.9,-103.1,-98.9,-98.0,-100.4,-105.7,-106.2,-106.2,-105.7,-104.5,-103.2,-101.5,-100.2,-99.9,-100.4,-101.6,-103.1,-102.6,-101.4,-101.8,-103.6,-105.7,-106.9,-106.4,-104.7,580.2,579.6,580.4,582.1,583.7,584.6,583.4,581.7,582.9,580.5,578.9,578.7,580.3,582.8,585.6,583.6,581.2,580.0,580.2,581.4,582.6,583.3,583.7,583.5,582.8,582.1,581.7,582.0,634.9,636.8,638.6,639.2,638.4,636.5,634.7,634.1,635.7,634.8,634.4,635.1,637.0,639.7,642.9,639.1,635.9,633.6,633.0,634.0,636.3,636.6,637.3,638.2,638.5,638.3,637.5,636.7,58.0,-66.9,612.3,0.17300000000000001,-0.121,0.139,617.3,613.3,610.3,610.4,618.8,635.7,658.2,683.3,709.4,732.9,751.4,767.5,780.8,791.0,798.5,805.2,808.7,647.1,661.0,682.9,704.7,724.0,758.9,775.7,791.6,805.5,809.7,739.8,739.2,738.7,738.0,707.3,718.6,730.3,741.5,751.2,671.1,683.6,695.3,705.3,694.2,682.7,759.0,770.9,782.1,789.8,780.9,770.1,677.5,696.9,713.6,724.8,736.9,747.4,754.7,744.2,732.2,719.8,707.6,692.3,683.7,711.6,723.2,735.2,749.8,733.7,721.5,709.6,193.2,225.2,256.7,286.9,314.2,336.8,353.5,365.7,371.6,370.9,360.3,345.2,325.2,300.9,275.0,247.9,220.8,181.9,165.9,160.9,166.4,177.0,182.3,177.8,178.6,186.0,201.6,205.3,223.1,240.7,259.0,265.9,272.1,277.9,276.3,273.6,202.3,200.1,201.5,207.3,208.2,206.7,215.6,213.5,215.7,221.2,222.4,220.3,300.6,295.2,295.0,299.8,299.2,305.0,313.6,323.4,326.5,325.6,322.4,314.7,301.6,303.5,306.6,307.5,313.2,313.9,313.3,310.4,-16.7,-19.6,-21.9,-21.9,-15.7,-3.2,13.0,30.3,48.8,66.7,82.5,96.6,107.7,115.4,120.4,125.1,128.2,5.0,14.6,29.7,44.5,57.7,82.7,95.4,108.0,119.4,123.9,68.9,67.7,66.6,65.4,45.8,53.4,61.3,69.5,76.6,21.5,30.2,38.3,45.3,37.5,29.5,84.1,93.0,101.4,107.6,100.5,92.3,26.0,38.9,50.0,57.8,66.4,74.8,81.6,72.5,63.2,54.2,45.8,35.7,30.2,48.8,56.8,65.4,77.6,64.4,55.6,47.4,-122.3,-99.1,-76.5,-54.3,-33.8,-16.9,-4.6,4.0,8.1,7.8,0.2,-11.2,-26.6,-45.2,-64.6,-84.9,-105.8,-124.9,-135.2,-137.7,-133.3,-125.6,-123.6,-128.2,-129.3,-125.6,-115.7,-106.8,-93.5,-80.5,-67.5,-64.0,-59.7,-55.7,-57.3,-59.6,-109.1,-110.6,-109.8,-106.1,-105.0,-105.8,-102.1,-104.1,-103.0,-99.8,-98.1,-99.1,-41.1,-44.2,-44.2,-41.0,-41.7,-38.3,-33.0,-25.5,-23.0,-23.4,-25.5,-30.9,-40.4,-38.5,-36.4,-36.1,-33.0,-31.7,-31.9,-33.8,641.3,643.5,647.6,649.4,645.5,637.9,623.8,612.8,614.5,628.1,647.7,662.9,669.2,668.9,664.8,662.8,665.2,613.7,609.1,605.4,602.7,600.5,608.7,615.7,623.5,631.7,639.1,604.1,597.4,590.6,584.5,595.4,594.4,593.9,598.5,603.0,605.5,604.9,606.4,607.6,605.3,603.7,618.6,621.4,624.5,628.9,624.0,621.0,605.9,597.8,594.9,596.0,600.0,609.3,622.2,608.5,599.2,594.2,593.1,596.8,604.5,595.7,596.9,601.2,618.1,601.5,597.1,596.4,1.42,0.092,-0.218,0.153,722.937,263.936,-17.442999999999998,20.572,-12.364,1.595,-6.962999999999999,3.8489999999999998,-8.591000000000001,-3.707,-4.66,3.5189999999999997,-7.599,-7.712999999999999,10.204,2.589,-3.9939999999999998,6.347,-2.479,-5.55,-8.954,-0.155,1.605,-0.607,2.13,-4.39,1.442,1.879,-0.368,-1.245,0.131,-0.341,-0.027999999999999997,0.156,-0.146,0.331,0.0,0.0,0.0,0.0,0.49,2.02,0.0,0.06,0.92,0.0,1.21,0.43,0.0,0.02,0.35,0.0,0.28,0.0,0.0,0.0,0.0,0.0,1.0,0.0,0.0,0.0,0.0,1.0,1.0,0.0,0.0,0.0,0.0,0.0,1.0
25,0,1.001,0.98,1,0.16050599999999998,0.38466999999999996,-0.908992,0.04904,0.32932,-0.942944,0.113,0.368,687.9,692.1,699.2,705.1,706.4,702.5,695.1,689.2,677.3,683.1,690.0,697.4,703.8,708.1,710.5,706.7,701.5,695.0,688.3,682.0,693.3,695.8,698.9,700.7,700.2,697.6,694.5,692.7,774.3,777.8,784.3,790.0,791.6,788.1,781.7,775.3,766.7,771.4,777.3,784.1,790.0,794.3,797.1,793.8,789.2,783.5,777.1,770.9,779.4,782.0,784.9,786.5,785.7,783.1,780.2,778.7,202.0,195.5,193.2,196.5,203.4,210.2,212.1,208.9,200.4,199.7,199.9,200.1,200.9,202.6,205.0,207.5,208.8,208.9,207.2,204.2,204.9,206.3,205.4,202.5,199.5,198.1,199.1,201.9,212.9,206.9,205.3,209.1,216.1,222.1,223.6,220.2,213.8,212.3,211.7,212.2,214.1,216.3,219.1,220.8,221.1,220.4,218.8,216.9,217.0,218.8,218.1,215.3,212.2,210.5,211.2,213.9,29.9,32.5,37.0,40.8,41.8,39.4,34.7,30.9,23.3,26.9,31.2,35.8,39.9,42.9,44.7,42.1,38.6,34.4,30.2,26.3,33.5,35.1,37.1,38.2,37.8,36.1,34.2,33.1,90.4,92.9,97.5,101.6,102.6,100.1,95.5,91.1,85.4,88.4,92.4,97.0,101.3,104.8,107.2,104.4,100.7,96.6,92.1,88.0,94.1,95.9,98.0,99.1,98.6,96.8,94.7,93.6,-98.7,-102.6,-104.2,-102.6,-98.6,-94.5,-93.1,-94.8,-100.0,-100.1,-99.8,-99.7,-99.6,-99.1,-98.2,-96.2,-94.9,-94.6,-95.5,-97.5,-97.4,-96.7,-97.4,-99.1,-100.8,-101.5,-100.8,-99.1,-99.0,-103.2,-104.5,-102.1,-97.4,-93.2,-91.9,-94.1,-98.6,-99.4,-99.8,-99.5,-98.6,-97.6,-96.2,-94.5,-93.8,-93.9,-94.9,-96.3,-96.5,-95.4,-96.0,-97.9,-100.0,-101.1,-100.5,-98.6,546.5,545.8,546.8,549.0,551.1,552.3,550.8,548.6,548.1,546.3,545.3,545.8,548.0,551.0,554.1,552.1,549.5,547.7,547.1,547.5,549.5,550.5,550.9,550.5,549.6,548.7,548.2,548.6,588.8,590.0,591.5,592.5,592.4,591.3,589.8,588.9,589.9,588.9,588.4,589.0,591.1,594.1,597.3,594.0,590.9,588.7,588.0,588.8,590.6,591.0,591.7,592.2,592.3,591.8,591.1,590.6,62.2,-65.6,603.9,0.185,-0.146,0.127,622.8,618.6,615.7,616.3,625.7,643.4,665.6,689.7,715.3,738.1,756.2,771.9,785.2,795.7,803.3,809.9,812.9,652.3,667.2,689.7,711.6,731.1,766.4,782.7,798.2,811.9,815.9,747.3,747.0,747.0,746.8,714.9,726.6,738.7,749.9,759.3,677.0,690.2,702.3,712.5,701.0,688.8,765.9,778.2,789.7,797.3,788.7,777.4,685.2,705.4,722.4,733.3,744.9,754.6,761.6,752.1,741.1,729.1,717.1,701.5,691.7,720.3,731.6,743.2,756.8,742.6,730.9,719.2,191.7,225.6,259.4,291.3,319.9,342.4,358.3,369.0,373.7,372.5,360.8,344.2,323.2,298.1,272.1,245.1,218.0,180.7,164.7,159.9,165.5,176.2,181.1,176.4,176.4,182.9,198.4,204.0,222.5,240.9,259.9,267.8,273.8,279.5,277.7,274.6,201.4,198.8,200.4,206.8,207.9,206.4,214.4,211.4,213.5,219.1,221.1,219.1,303.9,298.9,298.2,302.9,301.8,307.2,314.9,323.7,326.7,326.2,323.5,316.7,304.9,307.2,310.0,310.6,314.9,313.6,313.4,310.9,-12.4,-15.5,-17.6,-17.3,-10.4,2.4,18.0,34.4,52.3,69.6,84.9,98.8,109.6,117.5,122.6,127.2,129.9,8.5,18.5,33.7,48.5,61.5,86.7,99.0,111.3,122.6,127.0,73.0,71.9,71.0,70.1,50.1,57.9,65.9,74.0,81.1,25.1,34.1,42.4,49.5,41.4,33.1,87.8,96.9,105.5,111.7,104.7,96.2,30.8,44.0,55.2,62.6,71.0,78.8,85.3,76.8,68.2,59.6,51.5,41.3,35.1,53.9,61.6,70.0,81.4,69.5,61.0,53.1,-120.9,-97.0,-73.1,-50.1,-29.1,-12.7,-1.2,6.2,9.5,8.9,0.6,-11.8,-27.8,-46.7,-65.9,-86.0,-106.8,-123.3,-133.3,-135.8,-131.6,-124.1,-122.6,-127.3,-129.1,-126.3,-116.6,-106.1,-92.4,-79.1,-65.7,-61.7,-57.5,-53.7,-55.5,-58.0,-107.8,-109.4,-108.6,-104.6,-103.4,-104.1,-101.5,-104.2,-103.3,-100.1,-97.8,-98.7,-38.2,-41.1,-41.4,-38.3,-39.4,-36.2,-31.7,-24.9,-22.4,-22.6,-24.3,-29.0,-37.4,-35.5,-33.6,-33.5,-31.4,-31.4,-31.3,-32.9,628.8,631.5,636.1,638.3,635.2,628.4,615.8,605.8,607.0,620.5,639.4,655.1,660.9,660.2,656.6,655.0,657.7,601.9,597.4,594.1,592.0,590.5,599.8,607.0,615.2,624.0,631.7,595.3,588.2,581.1,574.5,585.6,584.5,584.2,589.4,594.6,595.0,594.0,595.7,597.2,594.8,592.9,610.2,613.2,616.6,621.5,616.0,612.7,596.0,588.6,585.9,587.4,591.8,601.2,614.3,599.9,590.3,585.1,583.6,587.0,594.4,587.1,588.6,593.3,609.8,592.4,587.6,586.6,1.442,0.105,-0.253,0.14400000000000002,730.065,264.395,-17.885,22.763,-14.831,7.595,-5.348,7.111000000000001,-10.314,-6.14,-6.664,1.44,-5.694,-3.3680000000000003,9.412,2.9610000000000003,-4.0,5.452999999999999,-3.0869999999999997,-6.751,-7.539,-0.33299999999999996,3.471,-1.72,1.55,-4.13,2.825,0.9209999999999999,-0.25,-0.993,-0.21100000000000002,-0.006999999999999999,-0.094,-0.003,-0.248,0.345,0.0,0.0,0.0,0.0,0.55,2.19,0.0,0.02,0.86,0.0,0.88,0.68,0.0,0.22,0.17,0.0,0.05,0.0,0.0,0.0,0.0,0.0,1.0,0.0,0.0,0.0,0.0,1.0,1.0,0.0,0.0,0.0,0.0,0.0,0.0
26,0,1.043,0.98,1,0.189742,0.35467,-0.915536,0.093776,0.323294,-0.941641,0.151,0.35,695.4,699.3,707.3,714.7,717.2,713.8,705.4,697.9,684.7,689.9,697.0,706.0,714.6,720.2,723.5,718.5,711.6,703.4,696.1,689.5,702.7,705.8,709.1,710.7,709.7,706.6,703.3,701.7,782.4,785.8,792.5,798.5,800.4,797.0,790.3,783.7,774.8,779.0,784.7,791.7,798.3,803.6,807.1,802.8,797.2,790.9,784.5,778.7,788.3,790.8,793.6,795.0,794.3,791.7,788.9,787.5,201.0,194.6,192.0,194.8,201.3,207.9,210.3,207.5,200.0,199.0,199.2,198.9,198.8,199.5,201.5,205.0,207.7,208.4,206.7,203.8,202.9,204.1,203.0,200.4,197.7,196.5,197.6,200.2,211.8,205.6,203.6,206.9,213.6,219.8,221.8,218.8,213.5,211.4,210.3,210.5,211.8,213.4,215.6,218.5,220.0,220.2,218.9,216.7,214.9,216.3,215.5,212.9,210.1,208.7,209.5,212.1,30.7,32.7,37.0,41.3,42.9,41.2,36.5,32.3,24.9,27.6,31.4,36.3,41.2,44.5,46.6,43.8,39.8,35.2,31.1,27.6,34.9,36.6,38.5,39.3,38.6,36.9,35.0,34.2,94.8,97.0,101.4,105.6,107.0,104.9,100.4,95.9,90.2,92.6,96.1,100.7,105.3,109.4,112.3,109.1,104.9,100.5,96.2,92.6,99.0,100.8,102.6,103.6,103.0,101.2,99.3,98.4,-88.0,-91.1,-92.5,-91.2,-88.1,-85.0,-83.6,-84.9,-89.2,-89.2,-88.6,-88.6,-88.9,-89.0,-88.5,-86.4,-84.7,-84.2,-85.2,-87.0,-87.4,-86.9,-87.4,-88.7,-90.0,-90.5,-90.0,-88.7,-98.7,-102.7,-104.1,-102.0,-97.7,-93.7,-92.3,-94.2,-98.0,-99.0,-99.4,-99.2,-98.6,-98.0,-97.0,-94.7,-93.4,-93.1,-94.0,-95.6,-96.9,-96.0,-96.6,-98.3,-100.1,-100.9,-100.3,-98.7,484.4,482.1,481.5,483.2,486.0,488.8,488.9,487.3,487.9,484.5,482.3,481.4,482.8,485.4,488.6,487.7,486.3,485.8,486.3,487.2,486.7,487.4,487.2,486.2,485.1,484.4,484.6,485.6,582.6,582.0,582.1,583.0,584.0,584.6,584.4,583.9,585.1,582.9,581.2,580.7,582.2,584.9,588.1,586.0,584.0,582.7,582.8,584.1,584.2,584.6,584.7,584.4,584.0,583.6,583.6,583.8,65.8,-64.2,594.5,0.201,-0.16,0.124,628.2,623.9,621.3,622.0,630.9,648.0,670.6,694.7,720.0,742.5,760.3,775.8,788.6,799.0,807.3,814.6,817.6,658.4,673.3,696.2,718.5,738.4,773.3,788.9,803.9,817.7,822.9,754.8,754.7,755.0,755.0,722.9,734.5,746.5,757.0,766.0,684.9,699.0,711.7,722.0,710.2,697.4,773.1,786.2,798.1,805.5,797.2,785.3,693.2,713.6,730.8,740.8,751.7,760.5,767.4,758.5,748.5,737.3,725.9,710.3,699.8,728.4,739.0,749.7,762.8,749.9,739.1,728.2,191.4,226.1,260.8,293.6,323.1,345.9,361.7,371.1,374.9,373.2,360.9,343.5,321.8,296.3,270.4,243.5,216.0,180.8,164.6,159.7,165.5,176.4,180.8,175.8,174.9,180.3,195.2,202.8,222.2,241.4,261.2,270.0,275.8,281.2,279.3,276.3,200.2,197.1,198.9,206.4,207.4,205.9,213.4,209.2,211.0,217.2,219.9,218.1,306.5,302.5,301.3,306.0,304.6,310.0,316.6,324.8,327.7,327.4,325.1,319.0,307.7,310.6,313.3,313.8,317.0,313.8,313.8,311.6,-8.3,-11.4,-13.3,-12.9,-6.5,5.7,21.2,37.3,54.8,71.7,86.8,100.4,111.0,118.8,124.5,129.6,132.4,12.4,22.3,37.4,52.1,65.2,89.9,101.5,113.2,124.5,129.6,76.8,75.8,74.9,74.0,54.4,61.9,69.8,77.5,84.2,30.0,39.3,48.0,55.0,46.9,38.2,91.2,100.7,109.5,115.6,108.8,100.0,35.6,48.7,59.8,66.5,74.3,81.4,87.8,79.7,71.9,63.9,56.3,46.3,39.9,58.4,65.5,73.2,84.0,73.1,65.3,58.1,-119.0,-94.8,-70.7,-47.5,-26.4,-10.0,1.2,7.6,10.2,9.3,0.7,-12.2,-28.5,-47.6,-66.7,-86.5,-107.3,-121.2,-131.0,-133.5,-129.2,-121.7,-120.8,-125.5,-127.9,-125.9,-116.8,-105.2,-91.0,-77.3,-63.6,-59.1,-55.2,-51.7,-53.4,-55.9,-106.8,-108.6,-107.7,-103.0,-101.9,-102.5,-100.5,-103.9,-103.2,-99.8,-96.9,-97.7,-35.8,-38.0,-38.6,-35.6,-36.9,-33.8,-29.9,-23.7,-21.4,-21.4,-22.9,-27.0,-34.9,-32.6,-30.9,-30.9,-29.5,-30.7,-30.5,-31.9,617.7,619.9,624.2,626.7,624.6,619.2,607.3,597.8,599.2,612.3,631.3,647.3,653.6,653.9,651.0,649.2,652.1,591.8,586.6,583.2,581.2,579.8,590.0,596.3,604.4,613.0,620.0,585.3,577.8,570.0,562.8,574.8,573.7,573.6,579.3,584.9,584.9,583.2,584.9,586.5,584.1,582.1,599.8,602.5,606.1,611.3,605.6,602.1,585.8,578.8,576.0,577.7,581.9,590.7,603.4,588.9,579.8,574.9,573.6,576.6,583.9,577.8,579.1,583.8,598.7,581.7,577.1,576.1,1.466,0.12300000000000001,-0.276,0.14400000000000002,736.8969999999999,264.947,-11.943,19.528,-17.965,14.262,-5.595,10.395,-6.8420000000000005,-10.132,-9.447000000000001,1.8980000000000001,-3.4139999999999997,-0.902,11.359000000000002,2.3930000000000002,-4.95,3.048,-0.455,-4.755,-7.0089999999999995,-0.012,6.172999999999999,-4.916,-0.439,-3.9610000000000003,4.131,0.8959999999999999,0.11199999999999999,-0.573,-0.19899999999999998,-0.134,0.564,0.391,0.028999999999999998,0.267,0.0,0.0,0.0,0.0,0.47,2.01,0.0,0.0,0.77,0.11,0.58,1.03,0.0,0.4,0.0,0.0,0.0,1.0,1.0,0.0,0.0,0.0,1.0,0.0,0.0,0.0,0.0,0.0,1.0,0.0,0.0,0.0,0.0,0.0,0.0
27,0,1.084,0.98,1,0.295607,0.329,-0.8968700000000001,0.095289,0.33195,-0.938472,0.21,0.34600000000000003,704.8,708.4,715.5,721.8,723.7,720.4,713.1,706.7,692.0,696.7,703.6,712.6,720.7,725.8,728.7,724.3,717.9,710.3,703.2,696.8,710.8,713.5,716.5,718.0,717.2,714.5,711.5,710.0,787.0,790.3,796.9,802.9,804.8,801.5,794.9,788.4,779.6,783.9,789.7,796.7,803.2,808.2,811.4,807.4,802.1,796.0,789.6,783.7,792.7,795.3,798.1,799.5,798.7,796.1,793.3,791.9,200.7,194.7,192.3,195.0,201.2,207.5,209.6,206.9,201.1,199.7,199.2,198.8,199.2,200.3,202.4,205.5,207.6,208.2,207.1,204.9,202.9,204.0,203.0,200.5,197.8,196.7,197.7,200.3,211.7,205.5,203.3,206.5,213.2,219.4,221.6,218.7,213.8,211.4,210.1,210.1,211.4,213.0,215.4,218.4,220.0,220.3,219.1,217.0,214.8,216.1,215.2,212.6,209.8,208.4,209.3,212.0,38.1,40.1,44.2,48.0,49.4,47.6,43.2,39.4,30.8,33.4,37.3,42.5,47.4,50.6,52.7,50.0,46.0,41.4,37.3,33.6,41.8,43.4,45.2,46.0,45.5,43.8,42.1,41.2,97.7,99.8,104.3,108.4,109.9,107.7,103.2,98.8,93.1,95.6,99.2,103.8,108.5,112.3,115.1,112.0,108.0,103.7,99.4,95.6,101.8,103.6,105.4,106.4,105.7,104.0,102.1,101.2,-93.5,-96.8,-98.2,-96.9,-93.7,-90.4,-89.0,-90.3,-94.3,-94.5,-94.3,-94.3,-94.4,-94.3,-93.6,-91.5,-90.0,-89.6,-90.3,-91.8,-92.7,-92.2,-92.8,-94.2,-95.5,-96.1,-95.5,-94.1,-98.5,-102.6,-104.1,-102.1,-97.9,-93.8,-92.3,-94.1,-97.5,-98.7,-99.4,-99.3,-98.8,-98.2,-97.2,-94.8,-93.3,-92.9,-93.6,-95.2,-96.8,-95.9,-96.6,-98.3,-100.1,-101.0,-100.3,-98.6,513.9,512.3,512.4,514.1,516.4,518.5,517.9,516.2,519.2,515.6,513.1,512.0,513.5,516.4,519.6,518.3,516.6,516.1,516.7,517.8,516.3,517.0,517.1,516.4,515.4,514.7,514.7,515.3,581.3,580.9,581.4,582.4,583.3,583.7,583.2,582.5,583.3,581.4,580.0,579.8,581.6,584.5,587.9,585.6,583.3,581.8,581.5,582.5,583.1,583.5,583.7,583.5,583.1,582.7,582.5,582.7,70.1,-64.5,599.6,0.218,-0.188,0.122,633.0,628.9,626.4,627.0,635.8,653.1,675.8,700.1,725.2,747.2,764.5,779.1,791.6,802.0,810.8,818.1,820.9,664.8,680.7,702.9,724.3,743.8,779.2,793.3,806.7,820.0,827.1,760.6,760.7,761.1,761.3,729.4,740.8,752.5,762.8,771.4,691.3,705.7,718.3,728.1,716.6,703.9,778.3,791.0,802.7,809.7,801.8,790.3,699.8,719.7,736.5,746.5,757.1,765.4,771.8,763.6,754.1,743.0,731.7,716.4,706.5,734.2,744.8,755.4,767.4,755.5,744.8,733.9,191.2,226.4,261.5,294.5,324.4,347.1,362.5,371.2,374.4,372.8,360.3,342.8,321.0,295.6,270.1,243.6,216.4,177.8,163.4,159.8,165.8,176.2,180.7,175.9,174.0,176.6,188.4,202.9,222.5,241.8,261.7,271.1,276.8,282.0,280.1,276.8,200.7,197.6,199.4,206.8,208.0,206.5,213.4,209.1,210.6,216.7,219.8,218.1,308.2,304.0,302.8,307.3,305.8,311.0,317.4,325.1,328.2,328.3,326.1,320.5,309.4,311.8,314.4,314.7,318.0,314.6,314.9,312.9,-4.9,-7.8,-9.7,-9.3,-3.0,9.3,25.0,41.3,58.7,75.4,90.3,103.4,113.7,121.6,127.6,132.9,135.7,16.8,27.3,42.0,56.2,69.0,94.6,105.3,115.9,126.8,133.2,81.3,80.3,79.6,78.9,59.2,66.7,74.5,82.1,88.6,34.3,43.9,52.5,59.3,51.3,42.6,95.5,104.8,113.6,119.6,112.9,104.2,40.2,53.1,64.1,71.0,78.8,85.4,91.5,84.0,76.4,68.4,60.7,50.7,44.6,62.8,70.1,77.8,87.8,77.6,69.8,62.4,-118.9,-94.5,-70.2,-46.9,-25.4,-9.1,1.8,7.7,9.9,9.0,0.2,-12.8,-29.3,-48.3,-67.2,-86.9,-107.7,-123.1,-131.8,-133.7,-129.4,-122.3,-121.9,-126.5,-129.3,-129.2,-122.1,-105.8,-91.6,-77.7,-63.9,-58.9,-55.1,-51.6,-53.4,-56.1,-106.7,-108.5,-107.7,-103.1,-101.8,-102.3,-101.2,-104.7,-104.3,-101.0,-97.9,-98.4,-34.8,-37.3,-38.1,-35.1,-36.4,-33.4,-29.6,-23.7,-21.3,-21.1,-22.4,-26.2,-33.9,-32.1,-30.5,-30.5,-29.0,-30.5,-30.0,-31.3,616.2,618.9,623.9,626.9,625.0,620.1,609.5,600.9,602.7,615.8,634.6,650.6,656.5,656.6,653.9,652.7,656.2,590.9,586.7,584.3,582.9,582.2,594.9,601.0,608.4,616.4,622.9,589.5,582.7,575.6,568.9,579.9,579.0,579.2,584.5,589.9,586.0,584.5,586.6,588.7,585.8,583.5,604.4,607.1,610.9,616.5,610.7,606.7,588.4,583.2,581.7,583.6,588.4,596.3,607.6,594.4,586.1,581.0,579.2,580.9,586.7,583.0,584.8,589.9,603.1,588.0,583.1,581.6,1.4569999999999999,0.14,-0.312,0.146,742.19,265.182,-23.009,19.914,-22.499000000000002,12.625,-3.093,10.894,-5.164,-8.389,-9.658999999999999,3.3139999999999996,-2.335,2.064,9.735,4.383,-4.985,1.258,-1.19,-4.342,-9.711,-0.955,6.994,-5.545,-1.89,-4.251,4.3469999999999995,1.335,-0.408,-0.344,-0.156,-0.255,0.728,0.39,0.024,0.247,0.0,0.0,0.0,0.0,0.39,2.07,0.0,0.0,0.69,0.27,0.26,1.1,0.0,0.57,0.0,0.01,0.0,1.0,1.0,0.0,0.0,0.0,1.0,0.0,0.0,0.0,0.0,0.0,1.0,0.0,0.0,0.0,0.0,0.0,0.0
28,0,1.126,0.98,1,0.29646100000000003,0.33737,-0.8934719999999999,0.09593600000000001,0.337264,-0.936509,0.21100000000000002,0.353,707.6,711.2,718.3,724.6,726.5,723.2,715.8,709.4,694.9,699.8,706.6,715.7,723.8,728.7,731.7,727.2,720.6,712.9,705.9,699.7,713.6,716.3,719.2,720.8,720.0,717.3,714.4,712.8,789.2,792.4,798.8,804.8,806.8,803.6,797.2,790.6,781.7,786.2,792.0,799.0,805.3,810.0,813.0,809.4,804.4,798.5,792.1,786.0,794.8,797.4,800.1,801.5,800.6,798.1,795.3,793.9,201.5,195.5,193.1,195.9,202.0,208.3,210.4,207.6,201.3,200.2,199.9,199.6,200.0,200.9,202.8,206.4,208.7,209.3,208.0,205.5,203.6,204.7,203.7,201.2,198.6,197.5,198.5,201.0,211.9,205.6,203.4,206.7,213.4,219.7,221.9,219.1,214.2,211.9,210.5,210.3,211.6,213.3,215.8,218.8,220.3,220.5,219.4,217.5,215.3,216.7,215.7,213.0,210.1,208.7,209.6,212.4,39.7,41.7,45.8,49.7,51.0,49.3,44.8,41.0,32.6,35.2,39.0,44.2,49.1,52.3,54.4,51.6,47.5,43.0,38.9,35.3,43.4,45.0,46.8,47.6,47.1,45.5,43.7,42.9,99.0,101.1,105.6,109.7,111.2,109.0,104.5,100.1,94.2,97.0,100.7,105.3,109.9,113.6,116.3,113.3,109.4,105.2,100.9,96.9,103.0,104.8,106.7,107.6,107.0,105.2,103.3,102.4,-93.1,-96.3,-97.6,-96.4,-93.2,-89.9,-88.6,-89.9,-94.1,-94.1,-93.8,-93.8,-93.8,-93.8,-93.3,-90.9,-89.2,-88.8,-89.7,-91.4,-92.3,-91.7,-92.3,-93.7,-95.0,-95.5,-95.0,-93.6,-98.2,-102.5,-104.1,-102.1,-97.7,-93.4,-91.8,-93.6,-96.9,-98.3,-99.0,-99.2,-98.7,-98.0,-96.9,-94.4,-93.0,-92.6,-93.2,-94.6,-96.3,-95.5,-96.2,-98.0,-99.9,-100.7,-100.1,-98.2,513.8,512.1,512.1,513.8,516.2,518.3,517.9,516.2,518.7,515.0,512.7,511.6,513.1,515.9,519.0,517.9,516.3,515.8,516.4,517.5,516.2,516.9,516.9,516.2,515.2,514.5,514.4,515.2,580.5,580.8,581.7,582.8,583.2,582.9,582.0,581.2,581.9,580.4,579.4,579.6,581.6,584.6,588.0,585.2,582.5,580.7,580.2,581.0,582.3,582.7,583.1,583.3,583.1,582.6,582.2,582.1,72.9,-65.0,603.8,0.225,-0.198,0.115,636.6,632.6,630.2,630.6,639.2,656.6,679.9,704.9,730.3,752.0,768.7,782.5,794.4,804.7,813.3,820.2,822.4,669.1,685.9,707.3,727.8,746.6,783.0,795.8,808.1,820.8,829.0,763.8,764.1,764.8,765.5,733.5,744.8,756.4,766.6,775.0,694.1,708.7,721.3,731.1,719.5,706.8,780.7,793.2,804.8,811.7,804.0,792.7,703.9,723.9,740.5,750.5,760.7,768.8,775.2,767.4,758.0,747.2,736.1,720.7,710.6,738.5,749.0,759.2,770.9,759.4,748.9,738.2,192.1,227.2,262.4,295.4,325.1,347.4,362.3,370.4,373.3,371.4,358.9,341.4,319.9,294.8,269.8,243.9,217.4,174.7,162.7,160.5,166.6,176.8,181.2,176.6,174.1,174.6,183.9,203.6,223.0,242.2,261.9,271.7,277.3,282.4,280.4,276.9,201.3,198.4,200.1,207.5,208.8,207.3,213.9,209.4,210.8,216.6,220.0,218.5,308.6,304.3,303.1,307.5,305.8,310.8,316.9,324.4,327.7,328.1,326.2,320.9,309.8,312.0,314.4,314.6,317.6,314.4,314.9,313.2,-2.4,-5.3,-7.0,-6.7,-0.6,11.9,28.0,44.8,62.6,79.3,94.0,106.6,116.5,124.2,130.1,135.1,137.5,19.7,30.9,45.1,58.7,71.2,97.8,107.7,117.6,128.1,135.4,84.0,83.2,82.7,82.2,62.4,69.9,77.6,85.2,91.6,36.4,46.1,54.8,61.7,53.5,44.8,97.9,107.1,116.0,122.0,115.4,106.7,43.2,56.3,67.3,74.2,81.8,88.4,94.5,87.1,79.7,71.7,64.1,53.9,47.6,66.1,73.4,81.0,90.8,80.8,73.1,65.8,-118.7,-94.3,-69.9,-46.6,-25.1,-9.0,1.6,7.2,9.2,8.1,-0.8,-13.9,-30.3,-49.2,-67.7,-87.1,-107.5,-125.4,-132.8,-133.8,-129.3,-122.4,-122.2,-126.7,-130.0,-131.4,-126.1,-106.0,-91.8,-78.0,-64.2,-58.9,-55.1,-51.8,-53.5,-56.4,-106.9,-108.5,-107.7,-103.2,-101.7,-102.3,-101.7,-105.3,-105.0,-101.9,-98.5,-98.8,-34.8,-37.3,-38.1,-35.3,-36.7,-33.8,-30.2,-24.3,-21.8,-21.4,-22.5,-26.1,-33.9,-32.2,-30.7,-30.9,-29.4,-30.9,-30.3,-31.3,618.2,621.3,626.7,630.1,628.6,623.9,613.6,604.9,606.6,619.7,638.8,654.9,660.3,659.8,656.9,656.1,659.7,592.0,588.6,586.7,585.3,584.5,598.2,604.8,612.1,620.0,626.7,593.2,586.6,579.7,573.1,584.1,583.2,583.4,588.4,593.7,589.0,587.3,589.5,591.9,588.7,586.3,608.7,611.8,615.8,621.8,615.5,611.3,591.7,586.9,585.8,587.9,593.0,600.6,611.7,598.6,590.5,585.3,583.2,584.6,590.0,587.0,589.0,594.3,607.2,592.5,587.5,585.8,1.4480000000000002,0.146,-0.326,0.141,745.6360000000001,265.173,-25.145,22.073,-24.302,12.079,-2.269,10.390999999999998,-5.688,-4.954,-11.124,3.958,0.027999999999999997,3.85,7.4510000000000005,4.6080000000000005,-4.282,0.6940000000000001,-1.82,-4.359,-11.987,-1.463,7.138,-5.0760000000000005,-2.932,-3.91,3.778,1.8019999999999998,-0.86,-0.18600000000000003,-0.12,-0.257,0.688,0.33799999999999997,0.028999999999999998,0.294,0.09,0.0,0.0,0.0,0.38,1.95,0.0,0.0,0.71,0.52,0.1,1.16,0.0,0.51,0.0,0.01,0.0,1.0,1.0,0.0,0.0,0.0,1.0,0.0,0.0,0.0,0.0,0.0,1.0,0.0,0.0,0.0,0.0,0.0,0.0
29,0,1.168,0.98,1,0.29096500000000003,0.331421,-0.897496,0.087548,0.36324,-0.927573,0.204,0.364,709.7,713.3,720.3,726.5,728.4,725.2,717.9,711.6,697.3,702.1,708.9,717.7,725.7,730.6,733.6,729.2,722.7,715.2,708.2,702.0,715.7,718.3,721.3,722.8,722.0,719.4,716.4,714.9,790.3,793.3,799.6,805.6,807.7,804.7,798.3,791.8,783.2,787.7,793.4,800.1,806.2,810.9,814.1,810.3,805.3,799.6,793.3,787.4,795.9,798.4,801.2,802.5,801.6,799.0,796.3,795.0,202.1,196.1,193.8,196.4,202.6,208.8,210.9,208.2,202.1,201.0,200.7,200.4,200.7,201.5,203.3,206.9,209.2,209.9,208.7,206.2,204.2,205.3,204.3,201.8,199.2,198.1,199.0,201.6,213.0,206.7,204.4,207.5,214.1,220.4,222.6,220.0,214.7,212.4,211.0,210.9,212.2,213.9,216.3,219.1,220.4,220.6,219.6,217.8,216.1,217.5,216.5,213.8,210.9,209.6,210.6,213.3,41.4,43.4,47.5,51.4,52.8,51.0,46.6,42.7,34.4,37.0,40.8,46.0,50.8,54.1,56.2,53.4,49.4,44.8,40.7,37.1,45.2,46.8,48.6,49.4,48.9,47.2,45.4,44.6,102.6,104.7,109.1,113.4,114.9,112.8,108.3,103.7,98.0,100.7,104.5,109.1,113.6,117.3,120.2,117.1,113.1,108.9,104.5,100.6,106.7,108.5,110.5,111.4,110.7,108.9,106.9,106.0,-93.8,-97.1,-98.5,-97.2,-94.0,-90.6,-89.3,-90.6,-94.7,-94.7,-94.5,-94.4,-94.6,-94.6,-94.1,-91.7,-90.0,-89.6,-90.4,-92.0,-93.0,-92.4,-93.0,-94.4,-95.8,-96.3,-95.8,-94.4,-100.4,-104.7,-106.4,-104.4,-100.0,-95.6,-94.0,-95.7,-99.4,-100.7,-101.5,-101.6,-101.0,-100.3,-99.2,-96.9,-95.5,-95.1,-95.7,-97.1,-98.5,-97.6,-98.4,-100.2,-102.1,-103.0,-102.3,-100.4,519.8,518.2,518.2,519.9,522.3,524.4,523.9,522.2,524.8,521.2,518.9,517.8,519.4,522.1,525.3,524.2,522.5,522.0,522.6,523.6,522.2,523.0,523.0,522.3,521.3,520.6,520.5,521.2,597.2,597.5,598.3,599.2,599.7,599.4,598.6,597.9,598.6,597.0,596.0,596.1,598.0,600.9,604.2,601.4,598.7,597.0,596.6,597.5,598.9,599.3,599.7,599.8,599.6,599.2,598.9,598.7,74.8,-65.7,610.1,0.22399999999999998,-0.2,0.115,638.8,634.5,631.7,632.1,641.0,658.9,682.4,707.6,732.8,754.2,770.6,783.9,795.7,805.9,814.6,821.3,823.3,673.4,689.9,710.4,729.9,747.9,784.8,797.1,808.8,821.1,829.5,765.5,765.7,766.4,766.9,735.1,746.4,758.0,768.2,776.4,696.6,710.9,723.2,732.9,721.4,709.2,782.1,794.4,805.8,812.6,805.1,794.1,704.6,724.9,741.6,751.7,762.0,770.2,776.7,768.7,759.2,748.5,737.2,721.6,711.3,739.7,750.3,760.5,772.4,760.5,750.0,739.2,192.5,227.4,262.5,295.5,325.5,348.1,363.0,370.8,373.4,371.3,358.6,341.2,319.7,294.9,270.1,244.3,218.0,174.7,163.3,161.2,167.2,176.9,181.3,176.7,174.2,174.3,183.2,203.8,223.2,242.4,262.2,271.6,277.1,282.3,280.3,276.8,202.0,199.3,201.0,208.0,209.4,207.8,214.2,210.1,211.3,217.0,220.2,218.8,307.5,303.3,302.2,306.6,305.0,309.9,316.1,323.7,326.9,327.2,325.2,319.9,308.8,311.1,313.6,313.7,316.9,313.7,314.2,312.6,-0.9,-4.0,-6.0,-5.7,0.7,13.6,30.0,47.2,65.0,81.7,96.2,108.6,118.5,126.1,132.0,136.9,139.2,22.8,33.9,47.7,60.9,72.9,100.2,109.8,119.3,129.5,136.9,86.0,85.3,84.8,84.2,64.2,71.7,79.6,87.2,93.6,38.5,48.1,56.6,63.5,55.3,46.8,99.9,109.1,117.8,123.8,117.3,108.7,44.2,57.6,68.8,75.9,83.7,90.4,96.7,89.0,81.3,73.3,65.4,55.1,48.6,67.6,75.1,82.8,92.9,82.5,74.7,67.2,-119.4,-95.0,-70.5,-46.8,-25.0,-8.6,2.1,7.5,9.3,8.1,-1.0,-14.2,-30.6,-49.5,-68.0,-87.4,-107.8,-126.4,-133.6,-134.7,-130.4,-123.8,-123.7,-128.1,-131.3,-132.8,-127.7,-107.1,-92.8,-78.9,-64.9,-59.7,-55.9,-52.4,-54.2,-57.1,-107.3,-108.9,-108.2,-103.8,-102.3,-102.9,-102.4,-105.9,-105.7,-102.6,-99.3,-99.7,-35.9,-38.5,-39.2,-36.3,-37.7,-34.8,-31.0,-25.1,-22.6,-22.2,-23.4,-27.1,-34.9,-33.1,-31.6,-31.8,-30.3,-31.7,-31.1,-32.1,623.4,626.6,632.2,635.7,634.2,629.5,619.2,610.6,612.7,625.8,644.7,660.5,665.6,665.0,661.7,660.8,664.3,596.6,594.2,593.0,592.1,591.6,605.4,611.7,618.4,625.8,632.0,599.9,593.5,586.9,580.5,590.9,590.0,590.2,595.2,600.5,594.5,593.0,595.4,597.6,594.4,591.9,614.9,618.0,621.9,627.6,621.5,617.4,598.1,593.4,592.4,594.6,599.8,607.5,618.6,605.3,597.0,591.5,589.3,590.7,596.4,593.4,595.4,600.9,614.2,599.2,594.0,592.1,1.433,0.146,-0.32799999999999996,0.141,747.2080000000001,265.098,-30.506,23.930999999999997,-24.191999999999997,9.43,-3.4619999999999997,11.43,-5.18,-4.8180000000000005,-13.353,3.696,0.018000000000000002,4.515,7.028,4.375,-4.54,1.391,-2.516,-3.1,-12.037,-1.631,6.275,-4.833,-2.3930000000000002,-4.069,3.467,1.6280000000000001,-0.831,-0.129,-0.111,-0.248,0.703,0.326,0.031,0.28600000000000003,0.21,0.0,0.0,0.0,0.37,1.78,0.0,0.0,0.87,0.62,0.21,1.06,0.0,0.33,0.0,0.11,0.07,1.0,1.0,0.0,0.0,0.0,1.0,0.0,0.0,0.0,1.0,0.0,1.0,0.0,0.0,0.0,0.0,0.0,0.0
30,0,1.21,0.98,1,0.306896,0.479541,-0.8221040000000001,-0.009356999999999999,0.42719300000000004,-0.904112,0.171,0.484,709.0,711.9,717.7,722.9,724.4,721.6,715.8,710.6,696.2,702.3,708.8,715.3,720.9,724.8,727.2,724.4,719.9,714.1,707.8,701.5,713.4,715.6,718.1,719.3,718.7,716.4,713.9,712.7,784.9,788.0,793.5,798.3,799.6,796.6,791.1,785.7,780.1,784.5,789.8,795.2,799.7,802.8,804.7,802.3,798.9,794.6,789.3,783.7,789.2,791.3,793.8,795.1,794.5,792.4,790.0,788.7,209.3,202.7,200.2,203.2,210.0,217.0,219.0,216.0,207.8,206.6,206.2,206.0,206.6,207.7,209.5,212.5,213.7,214.0,213.0,211.0,212.3,213.6,212.5,209.7,206.8,205.5,206.5,209.4,217.4,212.2,210.9,214.3,220.4,225.7,227.0,223.9,215.9,215.5,215.8,217.0,218.8,220.7,222.9,224.5,224.6,223.8,221.9,219.5,221.1,222.6,222.0,219.7,217.0,215.5,216.1,218.4,46.2,48.2,52.2,56.0,57.2,55.2,51.1,47.4,37.7,41.7,46.0,50.4,54.4,57.3,59.2,57.0,53.7,49.6,45.3,41.1,49.4,51.0,52.7,53.6,53.1,51.5,49.7,48.9,112.2,114.8,119.4,123.4,124.4,121.8,117.2,112.8,108.5,111.9,115.9,120.3,124.3,127.3,129.5,126.9,123.6,119.8,115.4,111.1,115.9,117.6,119.7,120.8,120.3,118.6,116.6,115.5,-100.9,-105.4,-107.4,-105.9,-101.6,-96.8,-95.0,-96.6,-102.0,-102.5,-102.8,-103.1,-103.1,-102.9,-102.3,-99.7,-98.4,-97.8,-98.3,-99.7,-99.4,-98.7,-99.6,-101.6,-103.4,-104.1,-103.2,-101.3,-110.4,-114.7,-116.0,-113.5,-108.8,-104.5,-103.2,-105.4,-111.6,-111.8,-111.6,-110.9,-109.9,-109.0,-107.7,-106.0,-105.3,-105.5,-106.7,-108.6,-107.9,-106.8,-107.4,-109.3,-111.3,-112.4,-111.9,-110.0,585.6,586.2,588.5,591.1,592.5,592.3,589.6,587.0,586.4,585.1,584.7,585.7,588.2,591.3,594.4,591.6,588.3,586.0,585.2,585.4,588.8,590.0,591.0,591.2,590.6,589.5,588.5,588.2,677.6,678.9,680.7,682.0,682.0,680.7,678.9,677.7,677.7,677.2,677.3,678.6,681.2,684.3,687.9,684.1,680.6,677.8,676.4,676.7,679.6,680.2,681.0,681.5,681.5,681.0,680.2,679.6,76.1,-67.2,630.4,0.205,-0.218,0.113,637.9,634.0,630.9,631.1,641.1,660.4,682.9,707.7,732.5,753.7,770.4,784.0,796.3,806.6,814.1,819.7,821.4,672.7,689.2,709.6,728.9,746.9,783.6,795.5,806.8,818.0,825.0,763.5,763.7,764.2,764.6,733.5,744.6,755.9,766.2,774.5,696.0,709.1,720.2,729.2,718.6,707.8,778.8,789.5,799.8,806.4,798.9,789.2,702.6,723.0,739.6,750.0,760.1,768.5,774.5,766.7,757.0,746.6,735.4,719.5,709.0,738.0,748.6,758.8,770.3,758.5,748.2,737.4,195.1,229.5,264.0,296.5,325.9,348.0,362.3,371.1,374.3,372.0,358.9,341.3,320.1,295.6,271.5,246.9,222.4,175.9,164.6,162.1,167.5,176.9,181.7,177.6,176.1,176.6,185.3,207.4,225.1,242.7,260.9,271.0,276.5,281.7,279.7,275.9,207.4,205.9,207.0,211.1,213.3,212.0,217.4,216.1,217.6,221.7,223.9,222.3,306.8,301.8,301.2,305.4,304.1,308.5,315.2,323.0,326.2,326.5,324.6,319.2,307.9,310.3,312.6,312.8,315.8,313.4,314.0,312.5,-1.6,-4.4,-6.8,-6.7,0.8,15.0,31.1,48.4,66.6,83.6,98.8,111.6,121.7,129.2,134.2,138.6,140.7,23.0,34.4,48.7,62.2,74.7,102.8,112.8,122.4,132.4,139.0,87.7,87.0,86.6,86.2,65.5,73.2,81.2,89.1,95.8,39.2,48.3,56.3,62.9,55.1,47.3,101.1,109.5,117.8,123.7,117.0,109.1,44.1,58.2,69.8,77.4,85.3,92.5,98.6,90.8,82.7,74.6,66.4,55.5,48.6,68.8,76.5,84.5,94.8,84.0,76.1,68.2,-120.7,-96.1,-71.3,-47.5,-25.4,-8.8,1.7,7.9,10.3,8.8,-0.8,-14.5,-31.1,-49.9,-68.2,-87.2,-106.8,-129.1,-136.8,-138.4,-134.5,-128.0,-127.6,-132.4,-135.0,-136.4,-131.3,-108.3,-94.9,-81.9,-68.5,-62.3,-58.4,-54.8,-56.7,-59.9,-106.7,-107.8,-107.5,-105.1,-102.8,-103.3,-103.8,-105.4,-105.0,-102.8,-100.2,-100.7,-37.5,-40.8,-41.2,-38.4,-39.7,-37.0,-32.8,-26.5,-23.9,-23.4,-24.7,-28.5,-36.6,-34.9,-33.4,-33.6,-32.2,-33.1,-32.4,-33.2,640.4,644.5,650.5,653.5,649.9,644.0,634.0,626.3,629.6,643.7,662.7,677.9,681.2,678.3,674.5,674.7,679.0,613.7,612.7,611.8,611.7,611.8,626.3,634.9,642.3,650.6,657.7,621.1,615.8,610.5,605.4,612.5,612.4,613.0,617.7,622.8,612.1,611.9,614.8,617.5,613.4,610.6,637.2,641.0,644.9,650.4,644.4,640.1,616.8,613.5,613.4,615.9,621.5,629.6,641.4,627.3,618.3,612.0,609.3,610.3,615.7,613.7,616.5,622.2,636.8,620.7,614.8,612.4,1.3880000000000001,0.124,-0.345,0.136,745.405,266.15,-47.158,32.848,-25.151999999999997,-0.043,-1.112,7.03,-12.454,-3.0380000000000003,-12.24,3.7710000000000004,-6.307,3.1180000000000003,0.9079999999999999,5.4270000000000005,-1.5390000000000001,2.839,-7.357,-7.218999999999999,-14.415,-2.5580000000000003,5.522,-4.211,1.4680000000000002,-4.721,0.821,1.242,-1.3030000000000002,-1.127,0.196,-0.5579999999999999,0.214,0.402,-0.16399999999999998,0.445,0.37,0.0,0.0,0.0,0.41,1.35,0.0,0.0,1.01,0.72,0.39,1.03,0.02,0.14,0.0,0.18,0.15,1.0,1.0,0.0,0.0,0.0,1.0,0.0,0.0,0.0,1.0,0.0,1.0,0.0,0.0,0.0,0.0,0.0,0.0
31,0,1.251,0.98,1,0.290394,0.488055,-0.8230879999999999,-0.025454,0.42766499999999996,-0.9035790000000001,0.152,0.488,705.6,708.7,714.8,720.3,721.9,719.0,712.8,707.3,693.4,699.3,705.6,712.2,718.1,722.4,725.1,721.9,717.1,711.0,704.6,698.5,710.4,712.7,715.3,716.7,716.0,713.6,711.0,709.7,782.8,785.9,791.6,796.4,797.6,794.4,788.8,783.4,778.0,782.5,787.7,793.1,797.7,800.8,802.8,800.3,796.8,792.5,787.1,781.6,787.1,789.2,791.6,793.0,792.5,790.4,787.9,786.6,209.5,203.0,200.6,203.6,210.4,217.3,219.3,216.3,208.1,207.1,206.7,206.6,207.0,208.0,209.5,212.6,213.9,214.2,213.2,211.2,212.5,213.9,212.8,210.0,207.1,205.8,206.8,209.6,218.1,212.8,211.5,215.0,221.2,226.4,227.7,224.6,216.1,216.0,216.6,217.8,219.7,221.4,223.6,225.1,225.3,224.5,222.5,219.9,221.7,223.2,222.7,220.4,217.7,216.2,216.8,219.0,44.3,46.4,50.7,54.6,55.9,53.9,49.4,45.5,36.2,40.1,44.2,48.8,52.9,56.1,58.2,55.8,52.3,48.0,43.6,39.6,47.8,49.5,51.3,52.2,51.7,50.0,48.2,47.2,110.2,112.9,117.5,121.5,122.4,119.8,115.1,110.8,106.6,109.9,114.0,118.4,122.4,125.4,127.6,124.9,121.6,117.8,113.4,109.2,113.9,115.6,117.7,118.8,118.4,116.7,114.6,113.5,-101.6,-106.1,-108.1,-106.4,-102.1,-97.3,-95.6,-97.3,-102.8,-103.2,-103.4,-103.6,-103.7,-103.5,-102.9,-100.4,-99.0,-98.5,-99.1,-100.5,-100.1,-99.4,-100.2,-102.2,-104.1,-104.8,-103.9,-102.0,-109.6,-113.8,-115.1,-112.6,-107.9,-103.6,-102.4,-104.6,-111.1,-111.1,-110.7,-109.9,-108.9,-108.1,-106.9,-105.1,-104.4,-104.6,-106.0,-108.0,-107.1,-106.0,-106.6,-108.4,-110.5,-111.6,-111.0,-109.2,591.0,591.4,593.3,595.6,596.9,597.0,594.7,592.4,592.4,590.8,590.1,590.7,592.9,595.7,598.7,596.1,593.0,591.1,590.6,591.2,594.1,595.1,595.9,596.0,595.4,594.5,593.6,593.5,675.6,676.7,678.5,679.7,679.9,678.7,677.0,675.9,675.7,675.2,675.2,676.5,679.1,682.2,685.9,682.1,678.6,675.8,674.4,674.7,677.7,678.2,679.0,679.5,679.4,678.8,678.1,677.6,74.7,-67.6,631.8,0.198,-0.2,0.11199999999999999,635.7,632.1,629.4,629.7,639.9,659.2,681.3,705.7,730.4,751.9,769.2,783.3,795.9,806.4,813.7,818.9,820.4,670.4,687.4,707.9,727.0,744.7,781.7,793.5,804.9,816.2,823.5,761.4,761.5,761.9,762.2,730.8,742.1,753.6,764.2,772.8,693.0,706.3,717.3,726.5,715.7,705.0,776.7,787.4,797.7,804.6,796.8,787.1,698.7,719.6,736.7,747.4,758.0,766.7,773.0,764.6,754.6,743.8,732.3,715.9,705.0,735.3,746.2,756.7,768.6,756.1,745.5,734.3,195.4,229.9,264.7,297.2,326.5,348.5,362.5,371.1,374.3,372.0,359.0,341.4,320.2,295.6,271.5,246.9,222.7,174.3,163.6,161.6,167.4,177.0,181.9,177.8,176.3,176.6,185.1,207.8,225.2,242.5,260.6,270.2,275.9,281.2,279.2,275.4,207.4,206.3,207.4,211.3,213.4,212.0,217.9,217.0,218.5,222.5,224.5,222.9,305.1,300.1,299.7,304.0,302.8,307.2,314.0,322.1,325.4,325.6,323.7,317.9,306.3,308.6,311.0,311.2,314.6,312.9,313.4,312.0,-3.2,-5.8,-7.9,-7.7,-0.0,14.2,30.0,47.2,65.2,82.4,98.0,111.1,121.4,129.0,133.9,138.0,140.1,21.4,33.3,47.7,61.1,73.4,101.5,111.6,121.3,131.3,138.3,86.4,85.7,85.2,84.8,63.7,71.6,79.7,87.9,94.7,37.3,46.5,54.5,61.3,53.3,45.5,99.8,108.2,116.6,122.7,115.7,107.9,41.6,56.0,68.0,75.8,84.0,91.5,97.8,89.6,81.2,72.7,64.4,53.1,45.9,67.0,75.0,83.2,94.0,82.6,74.3,66.2,-121.3,-96.5,-71.3,-47.2,-25.0,-8.5,1.8,8.0,10.3,8.9,-0.8,-14.4,-31.0,-49.9,-68.2,-87.2,-106.6,-130.8,-138.2,-139.3,-135.2,-128.3,-127.6,-132.4,-135.1,-136.7,-131.8,-108.3,-95.1,-82.2,-69.0,-63.0,-59.0,-55.3,-57.2,-60.3,-107.2,-108.0,-107.6,-105.3,-103.2,-103.7,-103.7,-105.1,-104.6,-102.5,-100.0,-100.6,-38.9,-42.1,-42.4,-39.5,-40.8,-38.1,-33.8,-27.2,-24.5,-24.1,-25.4,-29.5,-38.0,-36.1,-34.6,-34.8,-33.2,-33.5,-32.8,-33.7,644.8,648.8,654.5,657.2,653.4,647.1,636.8,628.3,631.2,644.7,663.6,678.5,681.3,677.9,674.2,674.9,679.5,616.4,615.5,614.3,613.9,613.6,627.2,636.1,643.5,652.2,659.5,622.8,617.4,612.1,607.1,614.4,614.0,614.4,619.0,624.0,614.9,614.5,617.2,619.8,615.7,613.0,638.8,642.7,646.6,652.0,645.9,641.7,619.7,615.8,615.2,617.5,623.2,631.4,643.7,629.0,619.5,613.2,610.6,612.3,618.5,615.3,617.9,623.7,639.3,622.3,616.3,614.1,1.3840000000000001,0.11599999999999999,-0.322,0.133,743.299,265.851,-47.896,35.0,-21.761,-1.722,-0.33399999999999996,7.087000000000001,-13.662,-2.764,-14.172,3.0439999999999996,-5.821000000000001,3.5380000000000003,-1.137,5.841,-1.276,2.68,-7.601,-8.241,-15.369000000000002,-2.7110000000000003,4.715,-3.79,1.838,-4.99,0.449,1.281,-1.145,-1.218,0.326,-0.637,0.19899999999999998,0.502,-0.141,0.376,0.31,0.0,0.0,0.0,0.46,1.37,0.0,0.0,1.08,0.74,0.39,0.93,0.03,0.0,0.0,0.18,0.2,1.0,1.0,0.0,0.0,0.0,1.0,0.0,0.0,0.0,1.0,0.0,1.0,0.0,0.0,0.0,0.0,0.0,0.0
32,0,1.2930000000000001,0.98,1,0.282933,0.468703,-0.8368190000000001,0.018256,0.410214,-0.9118059999999999,0.171,0.466,701.0,704.2,710.4,715.9,717.6,714.6,708.2,702.7,688.1,694.0,700.5,707.5,713.7,718.0,720.7,717.3,712.3,705.9,699.4,693.2,705.9,708.3,710.9,712.3,711.6,709.2,706.6,705.2,783.0,786.1,791.8,796.9,798.3,795.2,789.4,783.8,776.7,781.1,786.4,792.4,797.5,801.2,803.6,800.8,796.9,792.1,786.3,780.5,787.5,789.7,792.2,793.6,792.9,790.8,788.3,786.9,206.7,200.3,197.8,200.8,207.5,214.4,216.5,213.5,205.2,204.2,203.8,203.7,204.5,205.7,207.6,210.1,211.0,211.0,210.0,208.2,209.6,210.9,209.9,207.1,204.3,203.0,204.1,206.8,216.2,210.8,209.5,212.9,219.1,224.5,225.9,222.8,215.1,214.5,214.6,215.4,217.2,219.1,221.6,223.2,223.4,222.6,220.9,218.7,219.9,221.3,220.8,218.4,215.7,214.3,214.8,217.2,40.6,42.8,47.0,50.9,52.2,50.2,45.7,41.9,32.2,36.0,40.2,44.9,49.2,52.4,54.5,51.9,48.3,43.9,39.6,35.5,44.2,45.8,47.6,48.5,48.0,46.4,44.5,43.6,107.3,109.8,114.4,118.4,119.4,116.9,112.3,107.9,102.7,105.8,109.8,114.4,118.7,122.0,124.5,121.7,118.2,114.1,109.6,105.4,111.0,112.8,114.7,115.8,115.4,113.7,111.7,110.6,-102.1,-106.5,-108.4,-106.8,-102.5,-97.9,-96.2,-97.9,-103.5,-103.8,-103.9,-104.0,-103.9,-103.6,-102.8,-100.7,-99.6,-99.3,-99.9,-101.3,-100.7,-100.0,-100.8,-102.7,-104.5,-105.2,-104.3,-102.5,-107.9,-112.2,-113.5,-111.0,-106.3,-102.1,-100.8,-103.0,-108.9,-109.1,-109.1,-108.6,-107.6,-106.6,-105.3,-103.5,-102.9,-103.0,-104.2,-106.0,-105.5,-104.4,-105.0,-106.8,-108.8,-109.9,-109.3,-107.5,583.0,583.2,584.8,587.0,588.4,588.7,586.6,584.4,585.0,583.1,582.1,582.4,584.5,587.3,590.2,587.7,584.8,583.0,582.8,583.6,585.9,586.9,587.6,587.6,587.0,586.1,585.4,585.3,656.6,657.8,659.4,660.5,660.4,659.2,657.6,656.6,657.3,656.5,656.1,657.0,659.3,662.2,665.8,662.2,658.9,656.4,655.4,656.0,658.4,658.9,659.6,660.1,660.2,659.7,659.0,658.5,71.8,-67.5,626.0,0.192,-0.163,0.11199999999999999,633.4,629.8,627.3,628.2,638.2,657.1,678.5,702.0,726.7,749.0,767.2,782.2,795.0,805.6,812.7,817.9,819.7,666.5,684.1,704.9,724.2,741.7,778.7,791.3,803.5,815.7,823.3,758.7,758.4,758.5,758.5,727.0,738.4,750.0,761.1,769.8,687.7,701.1,712.8,722.5,711.0,699.6,775.3,786.7,797.5,804.7,796.6,786.3,694.3,715.5,733.2,743.4,753.8,763.0,770.4,760.7,749.9,739.2,728.0,711.4,700.5,731.6,742.2,752.5,765.7,751.7,741.2,730.4,194.8,229.8,265.0,297.8,327.2,349.0,362.7,371.0,374.1,372.0,358.9,341.1,319.6,294.8,270.8,246.2,222.1,172.9,162.5,161.1,167.2,177.3,182.1,177.8,176.1,176.4,185.4,205.8,224.0,242.0,260.7,269.2,275.0,280.6,278.5,274.7,204.7,203.2,204.6,209.1,210.9,209.4,216.2,214.8,216.3,220.8,222.8,221.0,303.5,299.0,298.7,302.9,301.7,306.3,313.1,321.7,325.0,325.0,323.1,317.0,304.9,307.3,309.7,310.0,313.7,312.4,312.9,311.4,-4.9,-7.6,-9.5,-8.9,-1.4,12.6,27.9,44.3,62.1,79.7,95.6,109.3,119.6,127.1,131.8,135.9,138.1,18.6,30.9,45.4,58.7,70.8,98.5,108.9,119.0,129.5,136.6,83.8,82.7,82.0,81.2,60.5,68.3,76.4,84.7,91.6,33.4,42.7,51.1,58.1,49.7,41.6,97.9,106.7,115.3,121.5,114.4,106.3,38.3,52.8,65.0,72.3,80.3,88.0,95.1,86.0,77.1,68.9,60.9,49.6,42.5,63.9,71.5,79.4,91.0,78.7,70.7,62.9,-121.5,-96.4,-70.9,-46.6,-24.4,-8.1,2.0,7.9,10.1,8.8,-0.8,-14.5,-31.2,-50.0,-68.1,-86.9,-106.0,-131.3,-138.4,-139.0,-134.5,-127.2,-126.4,-131.1,-133.8,-135.3,-130.1,-108.8,-95.0,-81.7,-68.1,-63.2,-59.0,-55.1,-57.0,-60.2,-108.7,-109.6,-109.0,-106.2,-104.3,-105.0,-104.0,-105.7,-105.2,-102.7,-100.3,-101.0,-39.8,-42.7,-42.7,-39.9,-41.1,-38.4,-34.2,-27.3,-24.6,-24.3,-25.6,-29.9,-38.7,-36.7,-35.2,-35.3,-33.5,-33.5,-32.9,-33.8,643.6,647.5,653.0,655.7,652.2,645.5,634.4,624.9,626.6,639.5,657.9,672.5,675.3,671.5,667.7,668.2,672.5,614.3,613.0,611.5,610.4,609.3,621.6,629.7,636.7,645.0,652.1,617.2,611.2,605.3,599.8,608.3,607.4,607.4,612.0,617.1,612.5,611.6,613.8,615.7,612.3,610.1,633.0,636.8,640.4,645.4,639.5,635.6,616.6,611.8,610.0,611.9,617.3,625.6,637.8,623.1,613.7,607.9,605.7,608.2,615.1,610.2,612.3,617.9,633.6,616.6,610.9,609.1,1.395,0.111,-0.278,0.132,740.3739999999999,264.992,-45.278,34.919000000000004,-18.791,0.7909999999999999,0.255,8.97,-14.189,-3.878,-13.66,1.248,-0.953,3.695,-0.16699999999999998,4.463,-2.286,1.965,-6.558,-6.971,-14.140999999999998,-0.508,4.891,-2.5580000000000003,2.489,-4.275,1.0190000000000001,1.399,-0.66,-0.971,0.015,-0.513,0.27899999999999997,0.33799999999999997,-0.067,0.33899999999999997,0.19,0.0,0.0,0.0,0.59,1.62,0.0,0.0,1.04,0.89,0.18,0.87,0.03,0.0,0.1,0.09,0.2,1.0,1.0,0.0,0.0,1.0,1.0,0.0,0.0,0.0,1.0,0.0,1.0,0.0,0.0,0.0,0.0,0.0,0.0
33,0,1.335,0.98,1,0.21599400000000002,0.42242299999999994,-0.880287,0.032101,0.369861,-0.928532,0.136,0.413,696.7,700.8,707.6,713.3,714.4,710.5,703.5,697.8,684.1,690.6,697.8,705.3,711.6,715.7,718.0,714.3,709.3,702.8,696.0,689.4,701.7,704.0,706.9,708.6,708.2,705.8,702.9,701.2,781.4,784.2,790.2,795.8,797.8,795.0,789.1,782.8,773.8,778.6,784.5,791.0,796.5,800.2,802.6,800.1,796.3,791.3,785.0,778.4,786.2,788.8,791.5,792.8,791.9,789.3,786.6,785.3,205.0,198.3,195.6,198.5,205.4,212.4,214.8,211.9,202.8,202.3,202.5,202.6,203.1,204.2,206.0,209.1,210.8,211.2,209.7,206.8,207.5,208.8,207.6,204.8,201.9,200.7,201.8,204.7,215.3,209.4,207.9,211.6,218.4,224.3,225.8,222.6,215.4,214.2,213.7,214.3,216.2,218.5,221.6,223.3,223.5,222.8,221.1,219.0,219.6,221.3,220.5,217.9,214.8,213.1,213.8,216.5,34.6,37.0,41.3,45.0,45.9,43.6,39.1,35.4,27.0,30.8,35.2,39.8,43.8,46.6,48.3,45.9,42.5,38.4,34.2,30.2,37.9,39.4,41.2,42.3,41.9,40.4,38.5,37.5,94.9,97.1,101.5,105.5,106.8,104.6,100.2,95.8,89.9,93.0,96.9,101.5,105.7,108.8,111.0,108.6,105.3,101.5,97.1,92.7,98.5,100.3,102.3,103.3,102.7,100.9,98.9,97.9,-94.5,-98.5,-100.5,-99.2,-95.4,-91.2,-89.4,-90.8,-96.1,-96.1,-95.9,-95.9,-96.1,-96.0,-95.4,-93.1,-91.6,-91.0,-91.8,-93.5,-93.6,-93.1,-93.9,-95.6,-97.2,-97.7,-96.9,-95.2,-97.1,-101.4,-102.8,-100.6,-95.9,-91.6,-90.2,-92.2,-97.0,-97.8,-98.2,-98.0,-97.1,-96.1,-94.5,-92.7,-92.0,-92.1,-93.0,-94.5,-94.6,-93.5,-94.2,-96.1,-98.2,-99.3,-98.6,-96.7,533.8,533.2,534.7,537.5,539.8,540.9,538.9,536.2,534.6,533.1,532.4,533.2,535.8,538.9,542.2,540.0,537.1,535.0,534.1,534.2,537.3,538.4,539.1,538.8,537.8,536.6,536.0,536.3,587.3,589.2,591.5,592.8,592.3,590.4,588.1,586.9,587.4,587.0,587.2,588.4,590.9,594.0,597.4,593.5,589.9,587.2,585.9,586.2,589.2,589.8,590.8,591.7,591.9,591.3,590.3,589.4,69.1,-67.3,622.8,0.196,-0.14,0.12300000000000001,631.3,627.4,624.9,625.7,635.2,653.5,673.9,696.9,721.5,744.2,763.0,779.0,792.5,803.6,811.1,816.6,818.8,663.8,681.9,702.6,721.6,738.8,776.9,789.8,802.2,814.7,822.8,756.3,755.6,755.2,754.8,723.0,734.4,746.1,757.3,766.3,684.3,698.1,710.1,720.0,708.1,696.3,773.2,785.0,796.4,803.8,795.5,784.7,688.1,709.8,728.2,738.7,749.5,759.4,767.5,756.5,744.8,733.4,721.8,704.8,694.2,726.5,737.4,748.1,762.5,746.8,735.8,724.6,193.8,229.0,264.5,297.6,327.4,349.6,363.9,372.4,375.5,373.5,360.4,342.4,320.6,295.6,271.3,246.3,221.6,171.7,161.7,160.7,167.0,177.1,182.2,177.9,176.1,176.5,185.6,205.1,223.4,241.6,260.5,268.8,274.8,280.5,278.6,275.0,203.2,201.4,203.1,208.7,210.1,208.3,216.2,214.0,215.6,220.7,222.9,221.1,301.7,297.8,298.0,302.4,301.4,306.1,312.9,322.5,325.9,325.8,323.5,316.5,303.4,306.4,309.0,309.5,313.6,313.6,313.9,312.1,-6.4,-9.3,-11.2,-10.7,-3.5,9.9,24.5,40.5,58.2,75.7,91.9,106.0,116.7,124.5,129.6,134.0,136.6,16.7,29.2,43.6,56.7,68.5,96.7,107.1,117.2,127.9,135.2,81.6,80.3,79.2,78.2,57.5,65.2,73.2,81.5,88.5,30.9,40.5,49.0,56.1,47.5,39.1,95.7,104.9,113.6,119.9,112.8,104.4,33.8,48.7,61.2,68.7,76.9,85.0,92.6,82.6,73.2,64.7,56.4,45.0,38.0,60.0,67.8,76.0,88.4,75.0,66.6,58.7,-122.0,-96.7,-71.0,-46.6,-24.2,-7.6,2.8,8.8,11.1,9.8,0.3,-13.4,-30.2,-49.0,-67.2,-86.3,-105.7,-131.8,-138.5,-138.8,-134.1,-126.8,-125.6,-130.2,-132.8,-134.3,-129.0,-108.6,-94.9,-81.4,-67.8,-63.1,-58.8,-54.9,-56.6,-59.6,-109.4,-110.5,-109.7,-106.1,-104.5,-105.4,-103.3,-105.5,-105.0,-102.0,-99.5,-100.2,-41.0,-43.4,-43.0,-40.1,-41.1,-38.4,-34.2,-26.6,-23.8,-23.7,-25.2,-30.2,-39.7,-37.2,-35.5,-35.5,-33.5,-32.6,-32.1,-33.2,642.4,645.7,650.8,653.1,649.9,643.8,633.4,623.8,624.6,636.3,653.6,667.2,669.5,666.1,662.9,663.9,668.4,612.4,611.1,609.4,607.9,606.6,617.9,625.5,632.2,640.3,647.3,613.7,607.6,601.7,596.0,605.5,604.1,603.9,608.4,613.3,610.7,609.6,611.7,613.1,609.9,607.9,629.0,632.6,636.0,640.8,635.0,631.3,615.9,610.2,607.6,609.2,614.4,622.7,634.9,620.4,611.0,605.4,603.6,606.8,614.2,607.6,609.5,614.8,631.1,614.0,608.6,607.1,1.401,0.115,-0.249,0.142,737.0139999999999,264.875,-49.449,33.417,-14.136,1.364,1.943,9.57,-14.21,-6.486000000000001,-14.442,0.5710000000000001,-0.006,4.757,-0.889,4.508,-2.687,1.7890000000000001,-5.474,-5.156000000000001,-13.956,-0.254,3.818,-2.833,1.7590000000000001,-3.841,1.5390000000000001,0.982,-0.628,-0.7440000000000001,-0.091,-0.414,0.092,0.256,-0.125,0.33399999999999996,0.06,0.08,0.0,0.0,0.7,2.16,0.0,0.0,1.04,1.0,0.0,0.78,0.01,0.0,0.14,0.12,0.16,1.0,1.0,0.0,0.0,1.0,1.0,0.0,0.0,0.0,1.0,0.0,1.0,0.0,0.0,0.0,0.0,0.0,0.0
34,0,1.376,0.98,1,0.23550100000000002,0.35859,-0.903301,0.021519999999999997,0.337787,-0.940976,0.138,0.361,695.0,699.2,706.2,712.0,713.1,709.0,701.8,696.1,682.6,688.5,695.7,703.2,709.7,713.8,715.8,711.8,706.6,700.2,693.5,687.2,700.1,702.5,705.5,707.3,706.9,704.4,701.4,699.6,779.5,782.5,788.6,794.1,795.9,793.0,786.9,780.7,771.9,776.6,782.6,789.2,794.8,798.7,800.8,798.1,794.1,789.0,782.7,776.2,784.4,786.9,789.5,790.8,790.0,787.6,784.9,783.6,203.9,197.6,194.8,197.3,203.5,209.9,212.5,210.0,202.0,201.7,202.3,202.4,202.7,203.7,205.5,208.4,210.3,210.8,209.2,206.0,205.7,206.7,205.6,202.9,200.3,199.2,200.4,203.1,215.2,209.3,207.7,211.4,218.2,224.2,225.7,222.5,215.5,214.2,213.7,214.3,216.5,218.9,222.1,224.0,224.3,223.5,221.6,219.3,219.3,220.9,220.2,217.6,214.7,213.0,213.7,216.3,33.4,35.9,40.3,44.0,44.9,42.5,38.0,34.3,26.0,29.5,33.8,38.4,42.5,45.3,46.8,44.2,40.8,36.7,32.6,28.8,36.8,38.4,40.2,41.3,40.9,39.3,37.5,36.4,93.0,95.3,99.7,103.6,104.8,102.5,98.1,93.8,88.0,91.1,95.0,99.6,103.8,107.0,109.1,106.5,103.2,99.4,95.0,90.7,96.6,98.3,100.3,101.3,100.7,99.0,97.1,96.1,-94.9,-98.5,-100.3,-99.4,-96.1,-92.5,-90.7,-91.7,-96.3,-96.2,-95.6,-95.6,-95.9,-95.9,-95.4,-93.3,-91.7,-91.1,-92.0,-93.9,-94.4,-94.0,-94.8,-96.3,-97.7,-98.1,-97.3,-95.8,-96.6,-100.8,-102.2,-99.9,-95.3,-91.0,-89.7,-91.7,-96.4,-97.2,-97.5,-97.3,-96.2,-95.1,-93.5,-91.6,-90.9,-91.0,-92.1,-93.7,-94.1,-93.2,-93.7,-95.6,-97.6,-98.6,-98.0,-96.2,532.0,530.6,531.7,534.5,537.4,539.2,537.7,534.9,533.4,531.5,530.5,531.0,533.4,536.7,540.2,538.6,536.2,534.4,533.5,533.4,535.4,536.6,537.1,536.5,535.2,534.1,533.6,534.2,583.5,585.1,587.2,588.4,588.1,586.5,584.4,583.2,583.8,583.2,583.1,584.2,586.8,589.8,593.2,589.5,586.1,583.5,582.2,582.6,585.4,586.0,586.8,587.6,587.7,587.2,586.3,585.5,67.2,-66.9,622.3,0.196,-0.121,0.129,629.8,625.6,623.0,623.5,632.9,651.0,671.4,694.2,718.7,741.8,761.3,777.7,791.2,802.0,809.5,815.3,817.8,662.0,679.8,700.6,719.5,736.6,774.1,787.4,800.1,813.0,821.0,753.9,752.8,752.0,751.3,720.1,731.3,742.7,754.0,763.1,682.4,696.0,708.0,717.7,705.8,694.0,771.1,783.1,794.5,801.9,793.5,782.6,685.7,706.9,725.0,735.5,746.5,756.6,765.0,753.3,741.2,729.7,718.1,701.5,691.7,723.3,734.2,745.0,759.8,743.5,732.3,721.1,192.9,228.3,263.9,297.2,327.1,349.6,364.1,372.8,376.1,374.3,361.3,343.5,321.8,296.9,272.6,247.5,222.7,172.1,161.6,160.5,166.9,177.4,182.8,178.5,177.0,177.7,187.2,205.2,223.6,241.9,260.9,268.9,275.0,280.7,279.0,275.4,202.7,200.8,202.7,208.4,209.7,207.8,216.5,214.3,215.9,221.2,223.3,221.5,301.8,297.7,298.0,302.5,301.6,306.5,313.7,323.7,327.3,327.1,324.7,317.3,303.5,306.5,309.2,309.7,314.3,314.8,315.0,313.1,-7.5,-10.6,-12.7,-12.3,-5.3,8.1,22.8,38.6,56.2,74.0,90.5,104.9,115.5,123.1,128.1,132.5,135.3,15.5,27.9,42.2,55.3,67.0,94.7,105.2,115.4,126.2,133.3,79.8,78.3,77.0,75.8,55.4,63.0,70.9,79.2,86.2,29.6,39.0,47.6,54.5,45.9,37.5,94.1,103.3,112.0,118.3,111.1,102.7,32.2,46.6,59.0,66.5,74.7,82.9,90.5,80.3,70.7,62.1,53.9,42.7,36.3,57.8,65.6,73.8,86.2,72.6,64.2,56.3,-123.0,-97.5,-71.7,-47.1,-24.5,-7.6,3.0,9.1,11.5,10.4,1.0,-12.6,-29.2,-47.9,-66.0,-85.1,-104.5,-131.7,-138.7,-139.0,-134.2,-126.7,-125.1,-129.6,-131.9,-133.0,-127.3,-108.6,-94.7,-81.2,-67.4,-63.0,-58.7,-54.7,-56.3,-59.2,-109.8,-110.9,-110.0,-106.2,-104.8,-105.8,-103.0,-105.1,-104.5,-101.3,-99.0,-99.8,-41.0,-43.5,-43.0,-40.0,-41.0,-38.0,-33.6,-25.7,-22.8,-22.8,-24.4,-29.6,-39.7,-37.2,-35.4,-35.3,-32.9,-31.7,-31.3,-32.6,643.9,647.7,653.0,655.4,651.7,644.9,633.7,623.7,624.4,636.1,653.1,666.4,668.4,664.8,661.1,661.6,665.6,613.3,611.7,610.0,608.3,606.9,617.8,624.7,630.8,638.2,644.5,613.4,607.4,601.4,595.8,605.5,604.1,603.7,607.9,612.6,611.0,609.8,611.7,613.0,610.1,608.2,628.1,631.3,634.4,639.0,633.6,630.2,616.1,610.2,607.4,608.9,613.9,621.9,633.5,619.9,611.1,605.7,603.9,607.1,614.4,607.5,609.2,614.4,629.8,614.0,608.8,607.4,1.402,0.115,-0.223,0.146,734.544,265.262,-50.898,34.704,-14.610999999999999,1.499,0.39799999999999996,9.314,-11.894,-5.66,-13.599,0.578,0.096,3.511,0.63,4.648,-3.338,1.681,-5.26,-4.9430000000000005,-13.532,0.371,3.87,-2.7560000000000002,1.524,-3.51,1.5619999999999998,0.9009999999999999,-0.665,-0.907,-0.096,-0.392,-0.03,0.226,-0.142,0.377,0.04,0.09,0.0,0.0,0.7,2.39,0.0,0.0,1.0,0.98,0.0,0.7,0.01,0.0,0.21,0.3,0.1,0.0,1.0,0.0,0.0,1.0,1.0,0.0,0.0,0.0,1.0,0.0,0.0,0.0,0.0,0.0,0.0,0.0,0.0
35,0,1.4180000000000001,0.98,1,0.224938,0.307282,-0.924652,-0.031051,0.324312,-0.94544,0.10300000000000001,0.326,693.4,697.2,703.8,709.4,710.6,707.0,700.2,694.6,681.5,686.5,693.1,700.6,707.2,711.2,713.1,709.1,703.7,697.4,691.2,685.6,698.3,700.8,703.8,705.5,704.9,702.4,699.5,697.8,777.3,780.8,787.1,792.6,794.0,790.6,784.2,778.2,770.7,775.2,780.9,787.6,793.4,797.5,799.8,796.5,792.0,786.7,780.6,774.6,782.3,784.7,787.5,789.0,788.4,786.0,783.2,781.7,202.5,196.9,194.7,197.1,202.8,208.6,210.6,208.2,201.6,201.3,201.9,202.2,202.7,203.8,205.7,208.4,210.1,210.4,208.7,205.7,204.5,205.6,204.6,202.1,199.5,198.5,199.5,202.0,215.7,209.9,208.5,212.2,218.9,224.6,226.1,222.8,216.3,214.8,214.2,215.0,217.2,219.6,222.7,224.8,225.2,224.5,222.6,220.1,219.7,221.3,220.7,218.1,215.1,213.5,214.1,216.7,34.3,36.6,40.9,44.7,45.7,43.5,39.0,35.2,26.8,29.9,34.0,38.9,43.2,46.1,47.6,44.8,41.2,37.1,33.0,29.4,37.7,39.3,41.3,42.3,41.9,40.2,38.3,37.2,93.9,96.5,101.0,104.9,105.9,103.4,98.8,94.5,89.5,92.4,96.2,100.9,105.3,108.6,110.8,107.9,104.3,100.3,96.0,92.0,97.6,99.3,101.3,102.4,102.0,100.3,98.3,97.2,-101.1,-104.4,-106.0,-104.9,-101.7,-98.3,-96.8,-97.9,-102.3,-102.0,-101.3,-101.1,-101.2,-101.0,-100.4,-98.5,-97.0,-96.6,-97.6,-99.6,-100.4,-99.9,-100.6,-102.1,-103.5,-104.0,-103.3,-101.8,-98.7,-102.8,-104.0,-101.6,-97.0,-92.9,-91.7,-93.9,-98.4,-99.3,-99.6,-99.2,-98.0,-96.8,-95.2,-93.3,-92.5,-92.6,-93.8,-95.7,-96.3,-95.2,-95.7,-97.5,-99.6,-100.6,-100.1,-98.3,561.9,560.4,561.0,563.3,566.0,568.0,566.9,564.6,565.0,562.4,560.8,560.7,562.8,565.9,569.3,568.1,566.2,565.0,564.7,564.8,564.9,566.0,566.2,565.5,564.3,563.3,563.0,563.7,598.5,599.4,600.6,601.5,601.5,600.7,599.4,598.6,599.4,598.3,597.7,598.3,600.5,603.4,606.7,603.6,600.6,598.4,597.6,598.3,600.1,600.5,601.1,601.5,601.5,601.1,600.5,600.1,65.1,-67.0,625.1,0.18600000000000003,-0.09,0.147,629.8,625.3,622.1,621.9,630.0,646.9,666.7,689.7,714.2,737.4,757.3,774.5,788.6,799.9,807.7,814.7,818.7,659.5,677.0,698.0,717.5,735.1,771.9,786.4,800.0,813.6,821.3,751.4,749.8,748.3,746.8,716.6,727.2,738.2,749.4,758.7,680.4,693.6,705.7,715.4,703.5,691.7,769.4,781.5,793.0,800.6,791.8,780.9,681.6,701.9,719.7,730.1,741.3,752.0,760.7,747.9,734.9,723.2,711.4,695.5,687.4,717.6,728.6,739.7,755.5,737.5,726.1,714.7,192.4,227.4,262.5,295.3,325.0,348.0,363.3,372.8,376.7,375.5,363.6,346.3,324.9,299.8,274.6,248.3,222.1,174.3,162.9,161.4,167.5,177.5,183.1,179.1,178.4,180.3,190.9,205.0,223.3,241.6,260.8,268.2,274.3,280.2,278.7,275.6,202.5,200.6,202.5,208.2,209.5,207.5,216.9,214.8,216.7,222.2,224.2,222.2,301.1,296.9,297.6,302.4,301.9,307.3,315.1,325.6,328.6,327.9,325.1,317.1,302.7,305.7,308.8,309.8,315.5,316.1,315.8,313.5,-7.6,-11.0,-13.4,-13.6,-7.5,5.1,19.4,35.5,53.1,70.9,87.6,102.4,113.5,121.6,126.9,132.2,135.9,13.8,26.1,40.8,54.3,66.4,93.5,104.9,115.6,126.8,133.8,78.5,76.6,74.9,73.2,53.4,60.6,68.1,76.4,83.4,28.4,37.7,46.3,53.1,44.6,36.2,93.2,102.3,111.1,117.3,110.2,101.7,29.5,43.4,55.6,63.1,71.4,79.9,87.5,76.7,66.7,57.9,49.7,38.8,33.5,54.2,62.0,70.3,83.3,68.8,60.3,52.3,-124.2,-98.7,-73.2,-48.8,-26.2,-8.9,2.4,9.1,12.0,11.3,2.7,-10.4,-26.8,-45.8,-64.6,-84.5,-104.9,-131.5,-139.2,-139.7,-134.9,-127.4,-125.5,-129.6,-131.3,-131.3,-124.8,-109.2,-95.4,-81.8,-68.0,-64.0,-59.5,-55.4,-56.8,-59.3,-110.8,-112.0,-111.0,-107.1,-105.7,-106.8,-103.0,-105.0,-104.1,-100.7,-98.5,-99.5,-41.8,-44.3,-43.6,-40.3,-41.0,-37.6,-32.6,-24.5,-22.0,-22.4,-24.3,-30.0,-40.5,-37.9,-35.8,-35.4,-32.1,-31.0,-30.9,-32.5,648.3,651.7,656.9,658.9,654.5,647.4,635.8,625.5,626.3,637.5,653.9,666.2,668.4,665.6,662.1,662.1,665.5,619.7,617.7,615.4,613.1,611.0,620.6,626.8,632.5,639.5,645.8,616.2,610.4,604.9,599.8,609.4,607.8,607.2,611.1,615.2,615.6,614.8,616.4,617.1,614.6,613.1,630.0,632.8,635.4,639.4,634.8,631.8,620.2,614.5,611.3,612.3,616.8,623.9,634.2,622.1,614.6,609.8,608.5,611.8,618.5,611.2,612.5,617.0,630.9,617.4,612.7,611.7,1.395,0.107,-0.18600000000000003,0.163,731.2760000000001,265.644,-57.291000000000004,30.322,-14.628,1.036,1.268,8.763,-11.037,-9.441,-10.315,0.013999999999999999,-1.321,-0.122,1.9280000000000002,5.379,-3.636,3.5410000000000004,-4.784,-3.029,-14.454,1.162,2.6319999999999997,-2.9589999999999996,1.795,-3.014,0.311,0.441,-0.62,-1.0190000000000001,-0.191,-0.3,-0.158,0.087,-0.17300000000000001,0.41600000000000004,0.04,0.09,0.0,0.0,0.68,2.48,0.0,0.0,0.95,0.8,0.0,0.59,0.05,0.0,0.18,0.47,0.04,0.0,1.0,0.0,0.0,1.0,1.0,0.0,0.0,1.0,1.0,0.0,0.0,0.0,0.0,0.0,0.0,0.0,0.0
36,0,1.46,0.98,1,0.19881400000000002,0.293808,-0.93496,-0.032626,0.29125100000000004,-0.95609,0.08800000000000001,0.3,690.6,694.0,700.6,706.7,708.6,705.5,698.5,692.5,680.1,684.0,689.7,697.3,704.6,709.3,711.9,707.4,701.4,694.7,688.8,683.7,696.4,699.0,701.9,703.4,702.6,699.9,697.0,695.6,775.6,779.1,785.5,790.9,792.1,788.6,782.2,776.2,768.8,773.1,778.7,785.5,791.4,795.5,798.0,794.5,789.9,784.5,778.4,772.5,780.4,782.8,785.6,787.2,786.7,784.3,781.4,779.8,201.9,196.4,194.4,197.1,202.9,208.7,210.4,207.7,201.5,200.7,201.1,201.4,202.3,203.7,206.2,208.7,210.3,210.3,208.4,205.4,204.2,205.3,204.5,202.0,199.5,198.3,199.2,201.6,216.2,210.6,209.4,213.2,219.8,225.4,226.7,223.2,217.4,215.9,215.3,216.0,218.2,220.6,223.7,225.9,226.3,225.6,223.7,221.2,220.3,222.0,221.4,218.9,216.0,214.3,214.8,217.3,32.7,34.8,39.0,43.0,44.4,42.6,38.1,34.1,26.2,28.5,32.1,36.9,41.7,44.9,46.8,43.8,39.9,35.5,31.7,28.4,36.6,38.3,40.2,41.1,40.5,38.7,36.9,36.0,93.2,95.8,100.3,104.2,105.1,102.4,97.9,93.7,88.7,91.5,95.3,100.0,104.4,107.8,110.0,107.1,103.4,99.3,95.0,91.1,96.8,98.5,100.5,101.7,101.3,99.6,97.5,96.4,-102.1,-105.4,-106.6,-105.1,-101.8,-98.4,-97.3,-98.8,-103.3,-103.2,-102.5,-102.0,-101.7,-101.2,-100.1,-98.4,-97.2,-97.1,-98.5,-100.6,-101.1,-100.4,-101.0,-102.4,-103.9,-104.5,-104.0,-102.5,-98.8,-102.8,-103.9,-101.4,-96.8,-92.8,-91.8,-94.0,-98.2,-99.1,-99.4,-99.0,-97.8,-96.6,-94.9,-92.9,-92.2,-92.4,-93.6,-95.4,-96.3,-95.2,-95.6,-97.4,-99.5,-100.6,-100.1,-98.3,565.3,563.5,563.2,564.6,566.9,569.2,569.0,567.6,570.2,566.8,564.3,563.1,564.3,566.7,569.6,569.0,567.9,567.7,568.4,569.4,567.5,568.1,568.0,567.2,566.2,565.5,565.7,566.5,601.6,602.4,603.6,604.3,604.2,603.3,602.2,601.6,602.8,601.6,600.9,601.3,603.3,606.2,609.4,606.4,603.5,601.5,600.8,601.6,603.0,603.4,603.9,604.3,604.3,604.0,603.5,603.1,63.0,-66.4,623.2,0.177,-0.069,0.159,628.8,624.0,620.6,620.0,627.4,643.7,663.2,686.2,710.8,734.2,754.3,771.9,786.3,797.7,805.8,813.1,817.7,657.2,674.3,695.4,715.2,733.0,769.1,784.4,798.7,812.8,820.0,748.8,746.8,745.0,743.1,713.0,723.6,734.6,746.0,755.5,678.2,691.3,703.5,713.1,701.3,689.3,767.1,779.4,791.1,798.7,789.8,778.7,677.9,698.1,715.9,726.5,738.0,749.1,758.3,744.8,731.3,719.3,707.4,691.6,683.7,713.8,724.8,736.2,752.9,734.0,722.3,710.9,192.0,226.7,261.4,293.9,323.4,346.6,362.4,372.5,376.9,376.2,365.1,348.5,327.6,302.6,277.1,250.4,223.7,175.7,163.5,161.7,167.8,178.1,184.2,180.3,180.2,183.5,195.5,205.5,224.0,242.5,261.7,268.5,274.8,280.8,279.5,276.7,202.2,200.1,202.2,208.4,209.4,207.3,217.9,215.6,217.7,223.6,225.5,223.2,300.6,296.9,297.8,302.8,302.5,308.1,316.1,326.6,329.3,328.3,325.2,316.8,302.3,305.9,309.2,310.3,316.4,316.8,316.2,313.6,-8.3,-12.0,-14.6,-15.1,-9.4,2.7,16.9,32.9,50.5,68.4,85.2,100.1,111.5,119.8,125.2,130.7,134.7,12.2,24.2,39.0,52.7,64.9,91.3,103.1,114.3,125.8,132.4,76.4,74.3,72.3,70.4,50.7,57.9,65.4,73.8,80.9,26.9,36.1,44.7,51.6,43.0,34.6,91.2,100.4,109.3,115.5,108.2,99.8,26.8,40.7,52.9,60.3,68.8,77.5,85.4,74.2,63.9,55.1,46.8,36.0,30.8,51.4,59.2,67.6,81.2,66.0,57.4,49.4,-124.8,-99.5,-74.1,-49.8,-27.4,-9.9,1.8,8.9,12.1,11.7,3.8,-8.7,-24.7,-43.6,-62.6,-82.7,-103.3,-130.8,-138.9,-139.5,-134.6,-126.9,-124.4,-128.3,-129.5,-128.5,-121.0,-108.5,-94.6,-81.0,-67.1,-63.6,-59.0,-54.7,-56.0,-58.4,-111.1,-112.3,-111.1,-106.8,-105.7,-107.0,-102.0,-104.0,-102.9,-99.2,-97.2,-98.4,-42.1,-44.2,-43.3,-39.9,-40.3,-36.8,-31.7,-23.7,-21.5,-22.0,-24.1,-30.1,-40.7,-37.7,-35.4,-34.9,-31.4,-30.4,-30.6,-32.4,649.9,653.0,657.8,659.5,654.8,647.3,634.8,623.8,624.2,635.3,651.9,664.2,666.9,664.6,661.0,660.4,663.4,621.2,618.6,615.7,612.9,610.3,618.9,624.8,630.4,637.2,643.5,614.6,608.6,602.8,597.5,607.9,606.1,605.1,609.1,613.1,615.7,614.9,616.2,616.7,614.4,613.1,627.9,630.5,632.9,636.6,632.2,629.6,619.7,613.2,609.5,610.2,614.4,621.6,632.1,619.8,612.0,607.5,606.5,610.5,618.0,609.5,610.5,614.6,628.8,614.9,610.5,609.9,1.399,0.098,-0.16,0.17300000000000001,728.5360000000001,266.269,-53.086000000000006,28.729,-13.222999999999999,1.544,-0.033,9.734,-10.863,-9.033,-9.337,0.39399999999999996,-2.5269999999999997,-1.696,3.2089999999999996,5.155,-4.296,4.71,-3.8110000000000004,-2.8160000000000003,-13.152999999999999,1.571,1.982,-2.844,1.652,-2.7,0.077,0.6,-0.638,-1.0759999999999998,-0.214,-0.265,-0.212,0.11199999999999999,-0.19899999999999998,0.397,0.0,0.01,0.0,0.0,0.66,2.52,0.0,0.0,0.87,0.45,0.0,0.47,0.05,0.06,0.21,0.66,0.0,0.0,1.0,0.0,0.0,1.0,1.0,0.0,0.0,1.0,1.0,0.0,0.0,0.0,0.0,0.0,0.0,0.0,0.0
37,0,1.5019999999999998,0.98,1,0.14901,0.27158499999999997,-0.950809,-0.047126,0.26427399999999995,-0.9632959999999999,0.053,0.273,686.7,690.2,697.4,704.1,706.4,703.3,695.7,689.0,676.8,680.7,686.7,694.7,702.6,707.9,711.0,706.1,699.6,692.4,686.1,680.6,693.3,696.2,699.2,700.7,699.8,696.9,693.8,692.4,773.2,776.8,783.3,788.8,790.1,786.4,779.9,773.8,766.3,770.7,776.5,783.4,789.5,793.7,796.2,792.7,787.9,782.4,776.1,770.1,778.1,780.6,783.5,785.1,784.5,782.1,779.2,777.6,201.7,196.0,194.0,197.0,203.0,208.9,210.7,207.8,200.9,200.1,200.7,201.2,201.9,203.4,206.0,208.6,210.5,210.6,208.5,205.0,204.0,205.2,204.4,201.9,199.3,198.1,198.9,201.4,216.8,211.1,209.9,213.8,220.5,226.2,227.5,224.0,218.1,216.5,215.8,216.6,218.9,221.5,224.8,226.8,227.1,226.3,224.4,221.9,221.0,222.7,222.2,219.6,216.6,214.9,215.5,218.0,28.2,30.1,34.4,38.5,40.0,38.4,33.8,29.7,22.4,24.6,28.1,32.8,37.6,40.9,43.0,40.1,36.1,31.7,27.9,24.7,32.2,34.0,35.8,36.7,36.0,34.3,32.4,31.6,89.5,92.1,96.7,100.5,101.3,98.7,94.2,90.0,85.1,87.9,91.6,96.3,100.8,104.2,106.4,103.5,99.8,95.7,91.4,87.5,93.1,94.8,96.8,98.0,97.6,95.9,93.9,92.7,-95.3,-98.3,-99.4,-97.9,-94.7,-91.6,-90.6,-92.1,-96.7,-96.5,-95.6,-95.1,-94.9,-94.4,-93.4,-91.7,-90.4,-90.4,-91.8,-94.1,-94.3,-93.7,-94.1,-95.4,-96.8,-97.4,-97.0,-95.7,-96.2,-100.2,-101.3,-98.8,-94.2,-90.2,-89.2,-91.4,-95.6,-96.5,-96.8,-96.4,-95.2,-93.9,-92.1,-90.3,-89.6,-89.8,-91.1,-92.9,-93.7,-92.6,-93.0,-94.8,-96.8,-97.9,-97.5,-95.7,527.0,524.7,523.9,525.2,527.7,530.5,530.8,529.6,531.7,528.2,525.5,524.1,525.0,527.4,530.5,530.1,529.3,529.2,530.0,531.1,529.0,529.5,529.2,528.2,527.1,526.6,526.9,527.9,588.3,589.1,590.2,590.9,590.8,589.9,588.8,588.3,589.5,588.3,587.5,587.9,589.9,592.8,596.0,593.0,590.1,588.1,587.4,588.3,589.7,590.0,590.5,590.9,591.0,590.6,590.2,589.8,59.8,-65.1,615.7,0.16399999999999998,-0.064,0.18899999999999997,628.7,623.6,619.7,618.1,623.3,636.7,655.1,677.8,703.1,727.0,747.1,765.6,781.2,793.7,802.5,811.0,816.8,652.7,668.6,690.4,711.7,730.8,766.1,783.4,799.3,813.6,818.9,745.4,743.2,741.2,738.9,708.9,719.5,730.7,742.2,752.0,675.5,688.6,701.0,711.0,699.2,687.0,764.5,777.2,789.1,797.1,788.0,776.4,674.4,694.1,711.6,722.2,734.5,745.8,755.2,741.6,727.9,715.2,703.2,687.7,680.3,709.3,720.5,732.6,750.1,730.3,717.9,706.2,191.5,224.8,257.7,288.6,316.8,339.9,356.9,369.3,376.1,377.3,368.6,353.6,333.4,308.3,281.9,254.1,225.7,182.0,167.6,164.3,169.6,179.3,185.2,182.1,183.6,190.6,205.7,206.1,224.7,243.4,262.7,268.2,274.9,281.2,280.1,277.8,202.3,199.7,201.8,208.8,209.2,207.3,218.8,215.7,218.2,224.8,226.4,223.9,299.6,296.7,298.0,303.3,303.4,309.3,317.1,327.2,329.5,327.8,324.2,315.3,301.4,305.2,309.0,310.5,317.1,317.5,316.4,313.1,-8.3,-12.1,-15.1,-16.3,-12.3,-2.4,10.9,26.7,44.4,62.4,79.0,94.6,107.3,116.8,123.0,129.3,134.3,9.0,20.2,35.3,49.8,62.7,88.1,101.2,113.7,125.4,130.7,73.1,70.8,68.6,66.4,47.2,54.3,61.7,70.1,77.3,24.9,33.9,42.7,49.7,41.3,32.7,88.3,97.7,106.6,112.9,105.6,97.0,24.1,37.4,49.2,56.5,65.3,74.1,82.1,70.9,60.5,51.4,43.2,32.9,28.1,47.6,55.4,64.0,78.1,62.4,53.6,45.5,-124.4,-100.0,-76.0,-53.1,-32.0,-14.7,-2.2,6.6,11.3,12.4,6.3,-4.8,-20.2,-39.2,-59.1,-80.1,-102.1,-126.3,-135.6,-136.9,-132.3,-124.8,-122.1,-125.5,-125.9,-122.3,-112.8,-106.8,-92.8,-79.1,-65.3,-62.9,-58.1,-53.7,-54.8,-56.8,-110.3,-111.9,-110.6,-105.7,-105.1,-106.3,-100.2,-102.8,-101.4,-97.1,-95.4,-96.8,-42.3,-43.8,-42.6,-39.0,-39.1,-35.5,-30.6,-22.9,-21.0,-22.0,-24.5,-30.8,-41.0,-37.6,-35.1,-34.2,-30.4,-29.4,-30.0,-32.3,646.0,647.1,650.2,651.3,647.6,641.5,629.5,617.5,616.8,627.7,645.6,659.0,664.4,664.6,662.3,661.7,665.0,620.8,616.4,612.1,608.0,604.0,611.4,617.5,624.4,632.0,639.5,607.2,600.4,593.7,587.6,599.9,597.4,595.9,600.2,604.4,611.8,610.8,611.7,611.7,609.9,608.9,620.6,623.1,625.3,628.8,624.4,622.2,613.3,605.5,601.0,601.2,604.6,612.6,623.8,610.8,602.5,598.8,598.5,603.6,611.4,601.2,601.6,605.1,620.6,605.3,601.7,601.9,1.413,0.085,-0.16,0.201,725.056,266.939,-33.881,13.985,-7.349,6.096,-1.95,9.915,-10.527999999999999,-11.261,-4.327,1.6019999999999999,-6.494,-3.3160000000000003,7.5120000000000005,4.978,-3.2119999999999997,6.159,-1.3,-1.8659999999999999,-11.58,1.327,2.251,-0.787,2.115,-1.63,0.597,0.27399999999999997,-0.48200000000000004,-1.094,-0.162,-0.092,-0.188,0.159,-0.184,0.38799999999999996,0.0,0.0,0.0,0.0,0.7,2.56,0.0,0.0,0.85,0.2,0.0,0.43,0.04,0.22,0.2,0.82,0.0,0.0,0.0,0.0,0.0,1.0,1.0,0.0,0.0,1.0,0.0,0.0,0.0,0.0,0.0,0.0,0.0,0.0,0.0
38,0,1.5430000000000001,0.98,1,0.11723599999999999,0.29944,-0.9468850000000001,-0.073199,0.270309,-0.959987,0.023,0.29,683.8,687.5,695.2,702.5,705.1,701.9,693.7,686.5,674.7,678.6,684.7,692.5,700.6,706.6,710.3,705.5,698.7,691.2,684.4,678.6,691.2,694.2,697.4,698.8,697.8,694.8,691.6,690.1,771.5,775.3,781.6,786.8,787.7,783.9,777.5,771.8,765.0,769.3,774.9,781.7,787.8,792.0,794.3,790.6,785.7,780.2,774.1,768.5,776.3,778.5,781.2,782.9,782.5,780.3,777.5,775.9,201.4,195.5,193.4,196.5,202.9,209.0,210.9,207.8,200.4,199.4,200.1,200.2,200.7,202.1,204.8,207.4,209.4,209.8,207.6,204.1,203.7,204.9,204.1,201.6,199.0,197.8,198.6,201.0,216.8,211.5,210.4,214.2,220.7,226.0,227.2,223.6,217.9,216.3,215.9,216.7,219.0,221.4,224.4,226.7,227.3,226.6,224.5,221.8,220.7,222.3,221.8,219.5,216.7,215.1,215.6,217.9,25.6,27.6,32.0,36.3,38.0,36.4,31.6,27.3,20.4,22.6,26.0,30.5,35.2,38.8,41.2,38.4,34.4,30.0,26.1,22.7,30.0,31.8,33.6,34.4,33.7,31.9,30.1,29.3,90.9,93.5,98.0,101.7,102.4,99.7,95.2,91.2,86.6,89.4,93.1,97.8,102.3,105.8,108.0,104.9,101.1,96.9,92.7,88.9,94.4,96.0,98.0,99.1,98.8,97.2,95.3,94.1,-92.6,-95.6,-96.5,-95.0,-91.8,-88.7,-87.7,-89.3,-93.9,-93.9,-93.0,-92.7,-92.6,-92.1,-91.1,-89.5,-88.2,-87.9,-89.4,-91.6,-91.6,-91.0,-91.4,-92.6,-93.9,-94.6,-94.2,-92.9,-99.0,-102.7,-103.5,-101.0,-96.6,-92.9,-92.0,-94.4,-98.5,-99.3,-99.4,-98.9,-97.7,-96.5,-94.9,-92.9,-92.1,-92.3,-93.6,-95.6,-96.6,-95.5,-95.8,-97.4,-99.4,-100.4,-100.1,-98.5,510.8,508.2,507.2,508.4,511.1,514.2,514.8,513.6,514.9,511.7,509.0,507.6,508.4,510.5,513.5,513.2,512.4,512.3,513.2,514.4,512.7,513.2,512.8,511.7,510.6,510.1,510.5,511.6,604.8,604.9,605.4,606.2,606.7,606.6,606.0,605.5,606.4,604.8,603.6,603.8,605.9,608.9,612.4,609.7,607.1,605.2,604.6,605.4,606.4,606.7,606.9,607.0,606.7,606.4,606.2,606.1,57.9,-65.0,614.5,0.16899999999999998,-0.062,0.20800000000000002,628.5,622.8,618.5,616.3,620.6,632.7,650.1,672.3,697.5,721.4,741.7,760.6,777.3,790.7,800.4,809.8,816.5,651.8,667.9,689.2,710.1,728.8,764.6,782.3,798.4,812.6,817.9,742.9,740.6,738.2,735.6,706.2,716.6,727.6,739.0,748.8,673.9,687.0,699.4,709.4,697.6,685.4,762.8,775.5,787.4,795.4,786.2,774.7,672.0,691.5,708.6,719.3,731.8,743.3,752.6,739.0,725.3,712.3,700.3,685.2,678.0,706.2,717.5,729.8,747.6,727.6,715.0,703.2,190.0,222.3,254.5,284.8,312.7,336.2,354.1,368.0,375.9,378.2,370.6,356.4,336.7,311.6,284.6,256.1,227.0,181.4,167.9,165.4,170.7,179.9,186.0,183.3,185.3,192.9,208.0,206.1,224.9,243.6,263.0,268.0,274.8,281.2,280.1,278.1,201.6,198.8,201.0,208.2,208.5,206.5,218.6,215.4,218.1,225.0,226.3,223.7,299.0,296.3,297.8,303.2,303.5,309.4,317.2,327.1,329.2,327.4,323.5,314.5,300.9,304.9,308.8,310.5,317.2,317.3,315.9,312.3,-8.5,-12.7,-16.0,-17.6,-14.4,-5.4,7.3,22.7,40.5,58.3,74.9,90.8,104.3,114.7,121.6,128.5,134.2,8.4,19.6,34.4,48.6,61.2,86.8,100.1,112.7,124.3,129.7,71.2,68.8,66.5,64.0,45.3,52.2,59.5,67.8,75.0,23.7,32.8,41.5,48.5,40.1,31.5,86.8,96.2,104.9,111.3,104.0,95.5,22.4,35.6,47.0,54.4,63.3,72.1,80.1,69.0,58.6,49.4,41.2,31.1,26.5,45.4,53.2,62.0,76.1,60.4,51.4,43.4,-125.2,-101.5,-78.1,-55.8,-34.9,-17.4,-4.2,5.6,11.2,13.0,7.8,-2.7,-17.7,-36.8,-57.1,-78.6,-101.1,-126.6,-135.1,-135.9,-131.3,-124.0,-121.2,-124.3,-124.3,-120.3,-110.8,-106.5,-92.5,-78.7,-64.9,-62.9,-58.0,-53.6,-54.6,-56.4,-110.7,-112.4,-111.0,-106.0,-105.5,-106.7,-100.0,-102.6,-101.1,-96.7,-95.1,-96.6,-42.7,-44.0,-42.6,-39.0,-39.0,-35.3,-30.4,-22.9,-21.1,-22.3,-24.9,-31.3,-41.2,-37.8,-35.1,-34.1,-30.3,-29.5,-30.3,-32.8,644.4,645.2,648.1,649.4,646.1,640.3,628.6,616.6,615.7,626.5,644.8,658.6,664.8,665.6,663.5,662.3,665.0,620.3,615.4,611.2,606.9,602.7,609.5,615.5,622.5,630.0,637.7,605.5,598.8,592.2,586.1,598.7,596.1,594.5,598.8,603.0,611.3,610.2,611.0,611.2,609.3,608.4,618.9,621.1,623.2,626.6,622.4,620.3,612.5,604.4,600.1,600.0,603.1,611.2,622.1,609.3,601.2,597.8,597.7,602.8,610.5,600.3,600.5,603.7,619.1,603.7,600.5,600.9,1.416,0.09,-0.158,0.221,722.6110000000001,266.893,-31.006,7.162999999999999,-6.632000000000001,6.49,-3.727,11.199000000000002,-8.749,-10.254000000000001,-2.2880000000000003,0.584,-7.138999999999999,-3.7119999999999997,7.321000000000001,4.3919999999999995,-2.326,6.284,-0.924,-1.838,-10.657,0.139,2.75,0.013000000000000001,2.122,-1.003,0.631,0.061,-0.182,-1.09,-0.13699999999999998,-0.24600000000000002,0.075,0.273,-0.125,0.43799999999999994,0.0,0.0,0.0,0.0,0.72,2.66,0.0,0.0,0.84,0.0,0.0,0.41,0.0,0.44,0.3,1.03,0.0,0.0,0.0,0.0,0.0,1.0,1.0,0.0,0.0,1.0,0.0,0.0,0.0,0.0,0.0,0.0,0.0,0.0,0.0
39,0,1.585,0.98,1,0.112078,0.285998,-0.9516530000000001,-0.08263200000000001,0.267407,-0.960034,0.015,0.282,683.3,686.5,693.5,700.2,702.7,699.9,692.4,685.7,673.9,677.6,683.4,691.1,698.7,704.6,708.6,704.0,697.4,690.1,683.6,677.9,690.0,692.8,695.6,697.0,696.0,693.2,690.4,689.0,769.5,773.3,779.6,784.7,785.7,781.8,775.5,769.8,763.1,767.4,773.0,779.9,786.1,790.3,792.5,788.7,783.8,778.3,772.2,766.5,774.3,776.5,779.2,780.9,780.5,778.3,775.6,774.0,200.9,194.9,192.7,195.7,202.1,208.4,210.2,207.2,200.5,199.7,199.8,199.7,200.2,201.4,203.4,206.4,208.4,208.9,207.4,204.5,203.2,204.5,203.6,201.2,198.5,197.3,198.2,200.6,216.8,211.4,210.3,214.1,220.5,225.9,227.0,223.5,217.9,216.3,215.8,216.6,218.9,221.3,224.3,226.7,227.3,226.6,224.6,221.8,220.5,222.1,221.6,219.3,216.6,215.0,215.4,217.7,26.6,28.5,32.8,36.9,38.6,37.0,32.4,28.3,21.0,23.2,26.7,31.3,36.0,39.7,42.4,39.5,35.4,30.9,26.9,23.5,30.9,32.6,34.3,35.1,34.4,32.7,31.0,30.2,89.0,91.6,96.0,99.6,100.4,97.8,93.3,89.3,84.8,87.5,91.2,95.9,100.5,104.0,106.1,103.0,99.2,95.1,90.8,87.1,92.5,94.1,96.0,97.1,96.8,95.2,93.3,92.2,-97.9,-101.2,-102.4,-100.7,-97.2,-93.8,-92.7,-94.4,-99.1,-99.0,-98.4,-98.1,-97.9,-97.6,-96.8,-94.8,-93.4,-93.2,-94.3,-96.4,-96.8,-96.1,-96.5,-97.9,-99.3,-100.0,-99.6,-98.2,-98.4,-102.1,-102.9,-100.5,-96.1,-92.4,-91.6,-93.9,-97.9,-98.7,-98.9,-98.3,-97.1,-96.0,-94.5,-92.4,-91.5,-91.7,-93.0,-95.1,-96.1,-95.0,-95.4,-97.0,-98.8,-99.9,-99.5,-98.0,538.5,536.4,535.6,536.5,538.6,541.0,541.4,540.5,543.6,540.2,537.4,535.7,536.3,538.3,540.9,540.3,539.3,539.4,540.6,542.2,540.1,540.4,540.1,539.3,538.4,538.0,538.4,539.2,601.2,601.1,601.5,602.3,602.9,603.0,602.5,602.0,602.8,601.2,599.9,600.0,602.2,605.4,609.0,606.2,603.6,601.8,601.2,601.9,602.7,603.1,603.3,603.2,603.0,602.6,602.4,602.5,56.4,-65.3,615.7,0.168,-0.061,0.22,626.7,621.1,616.6,614.2,618.1,629.6,646.5,668.3,693.3,717.2,737.8,756.9,774.1,788.0,798.2,808.1,815.6,649.9,665.9,687.1,707.8,726.6,762.3,780.1,796.1,810.5,816.3,740.6,738.1,735.5,732.7,703.7,714.0,724.8,736.2,746.0,672.6,685.6,697.9,707.8,696.2,684.1,761.0,773.6,785.4,793.4,784.2,772.8,669.5,688.9,705.7,716.5,729.3,740.9,750.4,736.7,722.9,709.6,697.5,682.6,675.6,703.3,714.6,727.2,745.4,725.1,712.2,700.4,189.0,220.9,252.5,282.3,310.2,334.0,352.6,367.2,375.7,378.6,371.7,357.9,338.5,313.6,286.5,257.8,228.4,181.8,168.4,166.1,171.4,180.5,186.8,184.2,186.2,193.8,208.6,206.0,224.8,243.6,263.1,267.8,274.6,281.0,280.0,278.1,201.2,198.5,200.7,207.7,207.9,206.0,218.4,215.4,218.1,225.0,226.2,223.5,298.1,295.8,297.6,303.0,303.5,309.4,317.0,326.6,328.7,326.7,322.7,313.6,300.1,304.5,308.6,310.4,317.0,316.8,315.3,311.4,-9.8,-14.0,-17.3,-19.1,-16.2,-7.6,4.7,19.9,37.5,55.3,72.1,88.1,102.1,112.9,120.3,127.6,133.8,7.1,18.3,33.0,47.2,59.8,85.4,98.7,111.2,122.8,128.5,69.8,67.3,64.8,62.2,43.7,50.5,57.8,66.0,73.2,22.9,31.9,40.5,47.4,39.2,30.8,85.7,94.9,103.6,109.9,102.7,94.3,20.7,33.8,45.2,52.6,61.7,70.6,78.6,67.5,57.1,47.7,39.4,29.4,24.9,43.5,51.4,60.3,74.7,58.8,49.7,41.6,-126.2,-102.7,-79.7,-57.7,-36.8,-19.0,-5.4,5.1,11.1,13.3,8.6,-1.6,-16.4,-35.4,-55.9,-77.6,-100.3,-126.7,-135.1,-135.8,-131.1,-124.0,-121.0,-123.9,-123.8,-119.7,-110.3,-106.8,-92.7,-78.9,-65.1,-63.3,-58.3,-53.8,-54.9,-56.5,-111.2,-112.9,-111.5,-106.7,-106.1,-107.4,-100.3,-102.8,-101.2,-96.8,-95.3,-96.9,-43.4,-44.4,-42.9,-39.2,-39.0,-35.5,-30.6,-23.3,-21.6,-22.8,-25.6,-32.0,-41.9,-38.2,-35.4,-34.3,-30.4,-29.9,-30.8,-33.4,645.7,646.1,648.8,650.0,646.4,640.5,628.9,616.9,616.3,627.0,645.6,659.6,666.2,667.6,665.5,664.2,666.8,622.1,616.9,612.7,608.5,604.2,611.0,616.6,623.2,630.2,637.5,606.6,600.1,593.6,587.7,600.4,597.6,596.0,600.2,604.3,612.7,611.6,612.5,612.7,610.8,609.9,620.0,621.9,623.7,626.9,623.0,621.2,614.0,606.0,601.9,601.8,604.8,612.5,623.0,610.5,602.5,599.2,599.3,604.4,612.0,602.0,602.2,605.2,620.1,605.0,601.9,602.4,1.413,0.09,-0.156,0.23199999999999998,720.201,266.76099999999997,-31.595,3.2680000000000002,-6.571000000000001,4.613,-4.606,13.124,-6.995,-9.828,-0.409,0.541,-8.468,-3.909,7.294,4.772,-2.505,5.415,-0.598,-1.03,-10.395,-0.575,3.3360000000000003,-0.5720000000000001,2.195,-0.948,0.882,0.174,0.009000000000000001,-1.03,-0.127,-0.419,0.31,0.35600000000000004,-0.086,0.465,0.0,0.0,0.0,0.0,0.74,2.78,0.0,0.0,0.87,0.0,0.0,0.4,0.0,0.61,0.29,1.08,0.0,0.0,0.0,0.0,0.0,1.0,1.0,0.0,0.0,1.0,0.0,0.0,0.0,0.0,0.0,0.0,0.0,0.0,0.0
40,0,1.6269999999999998,0.98,1,0.10411400000000001,0.264606,-0.9587200000000001,-0.08589,0.257715,-0.9623959999999999,0.009000000000000001,0.265,681.8,685.0,691.9,698.4,700.7,698.0,690.7,684.2,672.7,676.2,681.9,689.5,697.2,702.9,706.7,702.1,695.6,688.4,682.0,676.6,688.4,691.1,693.9,695.3,694.3,691.6,688.7,687.4,767.5,771.2,777.5,782.7,783.6,779.9,773.6,767.9,760.9,765.3,771.0,777.8,784.0,788.3,790.6,786.8,781.8,776.2,770.1,764.4,772.4,774.6,777.2,778.8,778.4,776.2,773.6,772.0,200.4,194.3,192.2,195.4,201.9,208.2,210.0,206.9,201.0,199.7,199.5,199.3,200.0,201.5,203.9,206.5,208.1,208.4,207.1,204.6,203.0,204.3,203.5,201.0,198.2,196.9,197.8,200.3,216.6,211.3,210.1,213.9,220.3,225.7,226.8,223.4,217.9,216.4,215.9,216.6,218.8,221.3,224.3,226.7,227.2,226.4,224.4,221.7,220.4,222.0,221.5,219.2,216.5,214.9,215.4,217.7,26.1,28.0,32.3,36.4,37.9,36.4,31.8,27.7,20.6,22.7,26.1,30.8,35.6,39.3,41.8,38.9,34.8,30.3,26.4,23.0,30.3,32.0,33.8,34.6,33.9,32.2,30.5,29.7,87.6,90.2,94.6,98.2,99.0,96.4,92.0,88.0,83.3,86.1,89.8,94.6,99.1,102.6,104.9,101.7,97.8,93.6,89.4,85.6,91.2,92.7,94.6,95.7,95.4,93.8,92.0,90.9,-99.8,-103.2,-104.4,-102.6,-98.8,-95.2,-94.2,-96.0,-100.4,-100.6,-100.2,-99.9,-99.6,-99.1,-98.0,-96.2,-95.0,-94.9,-95.9,-97.8,-98.4,-97.6,-98.1,-99.5,-101.1,-101.9,-101.4,-100.0,-98.5,-102.2,-103.1,-100.6,-96.3,-92.5,-91.7,-94.0,-98.0,-98.7,-98.9,-98.4,-97.2,-96.0,-94.5,-92.4,-91.6,-91.8,-93.1,-95.1,-96.2,-95.1,-95.5,-97.1,-98.9,-100.0,-99.6,-98.0,547.0,545.2,544.4,545.1,546.8,548.9,549.4,548.7,552.5,548.9,546.0,544.2,544.8,546.7,549.3,548.5,547.5,547.6,548.9,550.8,548.4,548.7,548.4,547.6,546.9,546.6,547.0,547.7,601.3,601.4,601.9,602.6,603.0,602.9,602.3,601.9,603.0,601.4,600.2,600.3,602.4,605.5,609.1,606.1,603.4,601.6,601.0,601.9,602.7,603.0,603.2,603.3,603.1,602.8,602.6,602.6,55.2,-65.5,618.1,0.16399999999999998,-0.055999999999999994,0.22399999999999998,625.7,620.1,615.8,613.3,616.9,628.0,644.1,665.3,689.9,713.9,734.8,754.4,772.1,786.4,796.9,807.0,814.8,648.4,664.5,685.3,705.7,724.3,760.1,777.8,793.7,808.1,814.7,738.4,735.8,733.2,730.2,701.8,711.9,722.5,733.8,743.6,671.1,684.1,696.3,706.1,694.6,682.5,759.0,771.5,783.3,791.4,782.2,770.8,667.4,686.6,703.4,714.3,727.3,739.0,748.8,734.8,720.8,707.3,695.1,680.2,673.4,700.9,712.4,725.2,743.8,723.1,710.0,698.1,189.4,221.0,252.5,282.0,309.6,333.3,351.9,366.8,375.7,379.1,372.6,359.1,339.7,314.7,287.3,258.5,228.9,181.8,169.2,167.2,172.3,180.9,187.3,185.0,187.2,194.5,208.8,205.9,224.7,243.5,262.8,267.8,274.5,280.8,279.9,278.1,201.2,198.4,200.6,207.6,207.8,205.9,218.4,215.3,218.0,224.9,226.1,223.4,297.6,295.5,297.4,302.8,303.4,309.2,316.7,326.4,328.5,326.5,322.4,313.2,299.7,304.2,308.4,310.2,316.8,316.5,314.9,311.0,-10.6,-14.7,-18.0,-19.9,-17.1,-8.8,3.0,17.9,35.3,53.1,70.1,86.4,100.8,112.0,119.7,127.2,133.6,6.0,17.3,31.9,45.9,58.5,84.2,97.5,109.8,121.4,127.5,68.5,66.0,63.5,60.9,42.6,49.3,56.4,64.6,71.8,21.9,30.9,39.6,46.5,38.3,29.8,84.6,93.8,102.5,108.8,101.6,93.2,19.3,32.5,43.9,51.3,60.6,69.6,77.7,66.4,55.9,46.3,37.9,27.9,23.5,42.1,50.0,59.2,73.8,57.7,48.4,40.2,-126.5,-103.1,-80.0,-58.1,-37.3,-19.6,-5.8,4.8,11.1,13.7,9.4,-0.7,-15.5,-34.7,-55.5,-77.3,-100.3,-127.3,-135.2,-135.7,-131.1,-124.2,-121.2,-123.8,-123.6,-119.5,-110.4,-107.3,-93.2,-79.4,-65.5,-63.6,-58.6,-54.2,-55.2,-56.8,-111.7,-113.5,-112.1,-107.2,-106.7,-107.9,-100.7,-103.2,-101.5,-97.0,-95.6,-97.3,-44.0,-44.9,-43.3,-39.5,-39.3,-35.7,-30.9,-23.5,-21.8,-23.0,-25.9,-32.5,-42.4,-38.6,-35.7,-34.6,-30.7,-30.2,-31.1,-33.9,648.5,648.7,651.2,652.4,648.5,642.6,631.1,619.0,618.4,628.7,647.3,661.2,667.9,669.5,667.7,666.4,669.1,625.2,619.8,615.7,611.4,606.9,613.8,619.1,625.5,632.0,638.9,609.3,602.8,596.3,590.3,603.3,600.1,598.5,602.5,606.6,615.6,614.5,615.3,615.5,613.5,612.7,622.4,624.0,625.7,628.7,625.0,623.4,617.0,609.0,604.9,604.6,607.4,614.9,625.0,612.8,605.0,601.9,602.2,607.3,614.9,605.0,605.0,607.8,622.3,607.4,604.4,605.1,1.4069999999999998,0.086,-0.149,0.235,718.206,266.809,-33.433,0.851,-5.926,3.838,-5.132999999999999,14.258,-6.1979999999999995,-10.039,0.586,0.115,-8.63,-3.443,6.928999999999999,5.117,-2.54,4.544,-0.263,-1.19,-10.333,-1.5230000000000001,3.667,-0.74,2.009,-0.27399999999999997,0.6970000000000001,0.09300000000000001,0.003,-1.026,-0.067,-0.425,0.294,0.366,-0.10800000000000001,0.40299999999999997,0.0,0.0,0.0,0.0,0.73,2.91,0.0,0.0,0.93,0.0,0.0,0.33,0.0,0.7,0.31,1.09,0.0,0.0,0.0,0.0,0.0,1.0,1.0,0.0,0.0,1.0,0.0,0.0,0.0,0.0,0.0,0.0,0.0,0.0,0.0
41,0,1.6680000000000001,0.98,1,0.087103,0.272014,-0.9583430000000001,-0.08756,0.260438,-0.961512,-0.0,0.271,680.7,683.9,690.7,697.3,699.8,697.2,689.8,683.2,671.8,675.4,681.0,688.5,696.2,702.2,706.4,701.7,695.1,687.8,681.3,675.7,687.4,690.2,693.0,694.3,693.3,690.6,687.7,686.4,766.9,770.6,776.9,782.0,783.1,779.3,773.1,767.4,760.4,764.8,770.5,777.2,783.3,787.7,790.1,786.2,781.2,775.5,769.5,763.8,771.8,774.0,776.7,778.2,777.8,775.6,773.0,771.4,199.8,193.6,191.4,194.6,201.3,207.9,209.7,206.5,200.5,199.2,198.9,198.6,199.2,200.6,202.7,205.6,207.3,207.7,206.6,204.1,202.6,203.9,203.0,200.4,197.6,196.3,197.2,199.8,216.1,210.8,209.6,213.4,219.8,225.1,226.3,222.9,217.2,215.9,215.4,216.1,218.4,220.8,223.8,226.2,226.7,225.8,223.8,221.1,219.9,221.5,221.0,218.7,216.0,214.4,214.9,217.2,25.2,27.1,31.3,35.4,37.0,35.5,31.0,26.8,19.9,22.0,25.4,29.9,34.7,38.5,41.3,38.3,34.1,29.6,25.7,22.3,29.4,31.2,32.9,33.7,33.0,31.3,29.6,28.8,87.6,90.2,94.6,98.2,99.0,96.4,92.0,88.0,83.3,86.1,89.9,94.5,99.1,102.6,104.9,101.7,97.8,93.6,89.3,85.5,91.2,92.7,94.6,95.7,95.4,93.9,92.0,90.9,-99.3,-102.8,-104.0,-102.1,-98.2,-94.5,-93.5,-95.4,-99.9,-100.0,-99.7,-99.5,-99.2,-98.7,-97.8,-95.8,-94.6,-94.4,-95.4,-97.2,-97.8,-97.0,-97.5,-98.9,-100.6,-101.3,-100.9,-99.4,-99.3,-103.0,-103.9,-101.4,-97.0,-93.3,-92.4,-94.7,-98.8,-99.5,-99.6,-99.1,-97.9,-96.7,-95.2,-93.1,-92.3,-92.6,-94.0,-96.0,-96.9,-95.9,-96.3,-97.8,-99.7,-100.7,-100.4,-98.8,542.2,540.5,539.7,540.1,541.6,543.6,544.1,543.7,547.8,544.3,541.3,539.4,539.7,541.5,543.9,543.1,542.1,542.4,543.8,545.9,543.4,543.6,543.2,542.5,541.9,541.7,542.1,542.8,604.0,604.1,604.6,605.2,605.5,605.4,604.9,604.5,605.7,604.1,602.9,603.0,605.0,608.1,611.5,608.6,605.9,604.1,603.6,604.6,605.3,605.6,605.8,605.8,605.7,605.5,605.3,605.2,54.4,-65.6,615.2,0.16,-0.055999999999999994,0.226,625.3,619.6,615.2,612.6,616.0,626.7,642.7,663.9,688.9,713.0,734.0,753.6,771.3,785.6,796.1,806.3,814.1,647.6,663.3,684.2,704.9,723.4,760.0,778.0,794.1,808.5,814.5,737.7,735.0,732.3,729.3,700.8,710.9,721.6,733.0,742.9,670.3,683.3,695.5,705.4,693.9,681.9,758.4,770.9,782.7,790.9,781.6,770.2,666.6,685.8,702.7,713.5,726.4,738.3,748.0,734.0,719.9,706.5,694.3,679.5,672.7,700.1,711.5,724.3,743.0,722.2,709.1,697.3,189.3,220.6,251.8,281.1,308.6,332.4,351.2,366.5,375.6,379.1,372.7,359.2,339.8,314.9,287.5,258.6,229.0,180.8,167.5,165.3,170.6,179.6,186.1,183.4,185.6,193.4,208.2,205.3,224.0,242.8,262.2,266.9,273.8,280.2,279.2,277.5,200.5,197.8,200.0,206.8,207.1,205.2,217.7,214.8,217.6,224.4,225.5,222.8,297.0,294.9,296.9,302.3,302.9,308.8,316.4,326.2,328.2,326.2,322.0,312.7,299.1,303.7,307.9,309.8,316.5,316.2,314.6,310.6,-10.9,-15.1,-18.4,-20.3,-17.7,-9.7,1.9,16.8,34.3,52.2,69.2,85.5,99.8,111.0,118.6,126.1,132.6,5.4,16.4,31.0,45.1,57.6,83.7,97.2,109.7,121.2,127.0,67.7,65.2,62.6,59.9,41.7,48.4,55.5,63.8,71.0,21.3,30.3,38.9,45.8,37.6,29.2,83.8,92.9,101.6,107.9,100.7,92.3,18.7,31.7,43.1,50.5,59.7,68.7,76.8,65.5,55.0,45.5,37.2,27.3,22.9,41.3,49.2,58.2,72.9,56.7,47.5,39.4,-126.0,-102.9,-80.2,-58.6,-37.9,-20.2,-6.3,4.6,11.0,13.7,9.3,-0.6,-15.3,-34.4,-55.1,-76.9,-99.8,-127.6,-135.9,-136.5,-131.8,-124.6,-121.3,-124.3,-124.1,-119.9,-110.5,-107.2,-93.2,-79.5,-65.7,-63.8,-58.8,-54.3,-55.4,-57.0,-111.8,-113.5,-112.1,-107.3,-106.8,-108.0,-100.7,-103.1,-101.4,-97.0,-95.6,-97.3,-44.2,-45.1,-43.4,-39.6,-39.4,-35.8,-31.0,-23.5,-21.9,-23.2,-26.0,-32.7,-42.6,-38.7,-35.8,-34.7,-30.8,-30.2,-31.2,-34.0,645.8,645.8,648.2,649.4,645.6,639.7,628.2,616.1,615.2,625.5,644.2,658.4,665.2,666.8,664.9,663.6,666.2,623.1,617.6,613.1,608.7,604.2,610.4,615.9,622.5,629.6,636.9,606.4,599.8,593.3,587.3,600.3,597.3,595.6,599.8,603.9,613.4,612.3,613.0,613.2,611.3,610.5,619.5,621.3,622.9,626.0,622.2,620.5,614.1,605.8,601.6,601.3,604.0,611.6,622.1,609.6,601.8,598.7,599.0,604.2,612.0,601.8,601.7,604.5,619.3,604.2,601.3,602.0,1.4140000000000001,0.08199999999999999,-0.14800000000000002,0.237,717.4689999999999,266.225,-32.622,-0.185,-5.832999999999999,5.228,-5.041,13.675,-7.0360000000000005,-9.262,-0.017,0.616,-9.177999999999999,-4.572,6.641,4.512,-1.367,4.881,-0.314,-1.347,-10.527999999999999,-1.179,3.529,-1.089,2.478,-0.7609999999999999,1.024,0.17300000000000001,-0.002,-0.995,-0.061,-0.504,0.35,0.423,-0.094,0.45,0.0,0.0,0.0,0.0,0.7,2.93,0.0,0.0,0.95,0.0,0.0,0.29,0.0,0.74,0.26,1.05,0.0,0.0,0.0,0.0,0.0,1.0,1.0,0.0,0.0,1.0,0.0,0.0,0.0,0.0,0.0,0.0,0.0,0.0,0.0
42,0,1.71,0.98,1,0.08695599999999999,0.268969,-0.9592149999999999,-0.084485,0.25605,-0.9629639999999999,0.001,0.267,680.6,683.8,690.6,697.1,699.5,696.8,689.5,683.0,671.6,675.2,680.8,688.3,696.0,701.9,706.1,701.5,694.8,687.6,681.0,675.5,687.2,689.9,692.8,694.1,693.1,690.4,687.5,686.2,766.7,770.4,776.7,781.9,782.9,779.1,772.8,767.1,760.2,764.5,770.1,776.9,783.1,787.6,790.1,786.1,780.9,775.2,769.1,763.5,771.6,773.8,776.5,778.1,777.7,775.5,772.8,771.2,199.5,193.2,191.1,194.3,201.0,207.6,209.4,206.2,200.2,198.9,198.5,198.3,199.0,200.5,202.7,205.5,207.0,207.4,206.3,203.9,202.3,203.7,202.8,200.2,197.4,196.1,197.0,199.6,215.9,210.6,209.5,213.2,219.6,225.0,226.1,222.7,217.1,215.7,215.2,215.9,218.2,220.6,223.5,225.9,226.5,225.8,223.7,221.0,219.7,221.3,220.8,218.5,215.8,214.2,214.7,216.9,25.3,27.2,31.4,35.5,37.0,35.5,30.9,26.8,19.9,22.0,25.4,30.0,34.7,38.5,41.3,38.4,34.1,29.7,25.6,22.2,29.5,31.2,32.9,33.7,33.1,31.4,29.6,28.8,87.3,89.8,94.2,97.9,98.6,96.1,91.7,87.7,83.1,85.8,89.4,94.1,98.7,102.3,104.6,101.4,97.4,93.2,89.0,85.2,90.9,92.4,94.3,95.4,95.1,93.5,91.7,90.6,-100.0,-103.6,-104.8,-102.9,-98.9,-95.2,-94.1,-96.1,-100.6,-100.8,-100.5,-100.2,-99.9,-99.3,-98.4,-96.4,-95.3,-95.1,-96.1,-97.9,-98.5,-97.6,-98.1,-99.6,-101.3,-102.1,-101.6,-100.1,-99.2,-102.9,-103.7,-101.3,-96.9,-93.2,-92.4,-94.7,-98.8,-99.5,-99.6,-99.0,-97.8,-96.6,-95.2,-93.1,-92.3,-92.5,-93.9,-95.9,-96.9,-95.8,-96.2,-97.8,-99.6,-100.7,-100.3,-98.8,545.2,543.7,543.0,543.3,544.7,546.5,547.0,546.6,550.9,547.4,544.4,542.6,543.0,544.8,547.1,546.2,545.1,545.3,546.8,548.9,546.4,546.6,546.3,545.6,545.1,544.9,545.2,545.8,602.8,602.7,603.0,603.6,604.1,604.2,603.9,603.6,604.8,603.0,601.6,601.5,603.6,606.6,610.1,607.3,604.8,603.1,602.7,603.7,604.2,604.5,604.6,604.5,604.3,604.1,603.9,604.0,54.2,-65.7,615.1,0.159,-0.055,0.22699999999999998,625.3,619.7,615.4,612.7,615.9,626.4,642.2,663.4,688.4,712.5,733.6,753.3,771.0,785.4,795.8,806.1,814.0,647.0,662.7,683.5,704.1,722.8,759.7,777.6,793.6,808.0,814.1,737.4,734.8,732.1,729.1,700.6,710.8,721.5,732.9,742.7,670.1,683.0,695.3,705.2,693.6,681.6,758.1,770.6,782.5,790.7,781.4,769.9,666.4,685.6,702.5,713.3,726.3,738.2,748.0,733.9,719.8,706.3,694.1,679.2,672.4,699.9,711.4,724.2,742.9,722.0,709.0,697.1,188.9,220.1,251.2,280.4,307.9,331.8,350.9,366.4,375.7,379.2,372.7,359.3,340.0,315.0,287.7,258.8,229.2,181.0,167.7,165.4,170.5,179.3,186.2,183.8,186.1,193.9,208.6,205.1,223.8,242.6,261.9,266.7,273.6,280.0,279.0,277.3,200.2,197.5,199.6,206.7,206.8,204.9,217.6,214.6,217.4,224.3,225.4,222.7,296.7,294.6,296.5,302.0,302.5,308.4,316.1,326.1,328.1,326.1,322.0,312.6,298.8,303.4,307.6,309.4,316.2,316.1,314.5,310.5,-10.8,-15.0,-18.2,-20.3,-17.8,-10.0,1.6,16.5,34.0,51.8,68.9,85.2,99.6,110.8,118.4,126.0,132.5,5.0,16.0,30.5,44.6,57.2,83.5,96.9,109.3,120.9,126.7,67.5,65.0,62.4,59.8,41.6,48.3,55.4,63.6,70.8,21.1,30.1,38.7,45.7,37.5,29.0,83.6,92.8,101.5,107.8,100.6,92.1,18.5,31.5,43.0,50.4,59.6,68.6,76.7,65.4,54.9,45.3,37.0,27.0,22.7,41.2,49.1,58.2,72.8,56.6,47.4,39.3,-126.3,-103.3,-80.6,-59.1,-38.4,-20.6,-6.6,4.5,11.0,13.7,9.4,-0.5,-15.2,-34.3,-55.0,-76.8,-99.6,-127.5,-135.8,-136.4,-131.8,-124.8,-121.3,-124.1,-123.8,-119.5,-110.2,-107.3,-93.3,-79.6,-65.8,-64.0,-59.0,-54.4,-55.5,-57.1,-112.0,-113.7,-112.3,-107.4,-107.0,-108.2,-100.8,-103.3,-101.5,-97.1,-95.7,-97.4,-44.4,-45.3,-43.6,-39.9,-39.7,-36.1,-31.2,-23.6,-21.9,-23.2,-26.0,-32.7,-42.8,-38.9,-36.1,-34.9,-31.0,-30.3,-31.3,-34.0,646.0,646.1,648.4,649.5,645.7,639.8,628.4,616.1,615.1,625.4,644.0,658.2,665.2,666.9,665.0,663.7,666.4,623.3,617.7,613.2,608.7,604.1,610.8,616.3,622.8,629.5,636.6,606.4,599.7,593.0,586.9,600.2,597.1,595.3,599.4,603.5,613.3,612.2,612.9,613.1,611.2,610.4,619.6,621.4,623.0,626.1,622.3,620.6,614.0,605.7,601.4,601.1,603.8,611.4,622.0,609.4,601.5,598.5,598.8,604.0,612.0,601.6,601.6,604.3,619.1,603.9,601.1,601.8,1.4140000000000001,0.08,-0.147,0.23800000000000002,717.2130000000001,266.078,-31.684,-0.256,-5.117,5.35,-5.74,13.482999999999999,-7.115,-8.773,0.856,0.414,-9.619,-3.825,7.122999999999999,4.687,-1.399,4.301,-0.031,-1.248,-10.395,-1.242,3.4819999999999998,-1.03,2.176,-0.619,0.715,0.201,0.179,-1.085,-0.10099999999999999,-0.49200000000000005,0.348,0.428,-0.09300000000000001,0.42100000000000004,0.0,0.0,0.0,0.0,0.67,2.77,0.0,0.0,0.95,0.0,0.0,0.3,0.0,0.75,0.31,1.1,0.0,0.0,0.0,0.0,0.0,1.0,1.0,0.0,0.0,1.0,0.0,0.0,0.0,0.0,0.0,0.0,0.0,0.0,0.0
43,0,1.7519999999999998,0.98,1,0.088933,0.271478,-0.958327,-0.08442899999999999,0.261573,-0.961484,0.002,0.271,680.6,683.7,690.6,697.2,699.6,696.9,689.6,683.0,671.5,675.1,680.7,688.3,696.0,702.0,706.2,701.6,694.9,687.6,681.0,675.4,687.3,690.0,692.8,694.1,693.1,690.4,687.6,686.3,766.7,770.5,776.8,782.0,783.0,779.2,772.9,767.2,760.2,764.5,770.1,777.0,783.2,787.7,790.2,786.2,781.0,775.3,769.2,763.6,771.7,773.9,776.6,778.2,777.8,775.6,772.9,771.3,199.3,193.0,190.9,194.1,200.8,207.4,209.2,205.9,199.9,198.7,198.4,198.2,198.8,200.2,202.4,205.2,206.8,207.2,206.0,203.6,202.1,203.4,202.5,199.9,197.2,195.8,196.7,199.3,215.7,210.3,209.2,213.0,219.4,224.8,225.9,222.4,216.9,215.4,214.9,215.7,217.9,220.3,223.2,225.7,226.3,225.5,223.5,220.7,219.4,221.0,220.6,218.3,215.5,213.9,214.4,216.7,25.1,27.0,31.2,35.2,36.8,35.3,30.8,26.7,19.7,21.8,25.2,29.7,34.5,38.3,41.1,38.2,34.0,29.5,25.5,22.1,29.3,31.0,32.8,33.5,32.9,31.2,29.4,28.7,87.1,89.6,94.0,97.7,98.4,95.8,91.4,87.5,82.8,85.6,89.2,93.9,98.5,102.1,104.4,101.2,97.2,93.0,88.7,85.0,90.7,92.2,94.1,95.2,94.9,93.3,91.4,90.3,-99.5,-103.0,-104.2,-102.3,-98.4,-94.7,-93.7,-95.6,-100.1,-100.2,-99.9,-99.7,-99.3,-98.8,-97.9,-96.0,-94.8,-94.6,-95.6,-97.5,-98.0,-97.2,-97.6,-99.1,-100.7,-101.5,-101.0,-99.6,-99.1,-102.8,-103.6,-101.1,-96.8,-93.1,-92.3,-94.6,-98.6,-99.3,-99.5,-98.9,-97.7,-96.5,-95.1,-93.0,-92.2,-92.4,-93.8,-95.8,-96.8,-95.7,-96.1,-97.6,-99.5,-100.6,-100.2,-98.6,541.5,539.9,539.1,539.5,540.9,542.9,543.3,542.9,547.3,543.7,540.7,538.8,539.2,541.0,543.3,542.4,541.4,541.7,543.2,545.3,542.7,542.9,542.5,541.9,541.3,541.1,541.4,542.1,601.0,600.9,601.2,601.8,602.3,602.4,602.1,601.8,602.9,601.2,599.8,599.7,601.7,604.7,608.3,605.5,603.0,601.3,600.9,601.9,602.4,602.6,602.8,602.7,602.5,602.3,602.1,602.2,54.0,-65.7,612.9,0.159,-0.055,0.22699999999999998,625.2,619.6,615.4,612.7,615.9,626.3,641.9,663.0,687.9,712.1,733.4,753.2,771.0,785.3,795.8,806.0,814.0,646.4,661.8,682.9,703.9,722.6,760.2,778.3,794.6,808.9,814.5,737.4,734.8,732.1,729.1,700.5,710.7,721.4,732.9,742.7,670.0,683.0,695.3,705.3,693.7,681.5,758.1,770.7,782.6,790.8,781.5,770.0,666.3,685.5,702.5,713.3,726.4,738.3,748.0,733.9,719.7,706.2,694.0,679.0,672.3,699.9,711.4,724.2,743.0,721.9,708.9,696.9,188.5,219.8,250.9,280.2,307.9,331.9,351.0,366.8,376.1,379.5,372.9,359.3,339.8,314.8,287.3,258.4,228.7,180.6,166.5,163.9,169.3,178.5,185.4,182.6,184.8,192.8,208.0,204.8,223.6,242.4,261.7,266.4,273.4,279.8,278.8,277.0,199.9,197.2,199.4,206.4,206.6,204.7,217.3,214.4,217.1,224.0,225.2,222.4,296.3,294.2,296.2,301.7,302.3,308.2,315.9,326.0,328.2,326.2,322.0,312.4,298.4,303.2,307.4,309.3,315.9,316.1,314.5,310.5,-10.9,-15.0,-18.2,-20.2,-17.7,-10.0,1.4,16.1,33.6,51.4,68.5,84.9,99.2,110.3,118.0,125.5,132.0,4.5,15.3,30.0,44.2,56.8,83.5,97.0,109.6,121.2,126.7,67.2,64.7,62.2,59.5,41.3,48.0,55.2,63.4,70.6,21.0,30.0,38.6,45.6,37.4,28.9,83.3,92.5,101.2,107.5,100.3,91.9,18.4,31.3,42.8,50.2,59.4,68.4,76.5,65.2,54.6,45.1,36.8,26.8,22.5,41.0,48.9,57.9,72.6,56.3,47.1,39.0,-126.2,-103.1,-80.5,-59.0,-38.3,-20.5,-6.4,4.7,11.3,13.9,9.5,-0.6,-15.3,-34.3,-55.0,-76.8,-99.6,-127.4,-136.2,-136.9,-132.2,-124.8,-121.3,-124.4,-124.2,-119.9,-110.3,-107.1,-93.1,-79.4,-65.7,-63.9,-58.9,-54.4,-55.4,-57.1,-111.8,-113.5,-112.1,-107.3,-106.8,-108.0,-100.7,-103.1,-101.4,-97.0,-95.6,-97.2,-44.5,-45.4,-43.7,-39.9,-39.7,-36.1,-31.3,-23.6,-21.8,-23.1,-25.9,-32.7,-42.9,-38.9,-36.0,-34.9,-31.1,-30.2,-31.1,-33.9,643.8,643.8,645.9,647.0,643.3,637.5,626.2,614.1,613.0,623.2,641.7,656.0,662.8,664.4,662.6,661.3,664.1,621.4,615.7,610.9,606.3,601.8,608.0,613.5,620.3,627.6,635.1,604.1,597.4,590.8,584.7,598.0,594.9,593.2,597.4,601.6,611.3,610.2,610.9,611.1,609.2,608.4,617.3,619.1,620.8,623.9,620.1,618.4,611.9,603.4,599.0,598.8,601.4,609.1,619.9,607.2,599.1,596.2,596.5,601.8,609.8,599.3,599.3,602.0,617.0,601.7,598.9,599.6,1.419,0.08,-0.147,0.23800000000000002,717.18,265.785,-31.951,-0.5579999999999999,-4.724,6.318,-5.154,13.058,-7.957999999999999,-8.824,0.135,0.237,-10.517999999999999,-4.501,6.751,4.824,-0.479,4.296,-0.134,-1.413,-10.714,-0.9109999999999999,3.384,-1.646,2.5180000000000002,-0.892,1.31,0.256,0.175,-1.084,-0.084,-0.508,0.361,0.433,-0.095,0.42700000000000005,0.0,0.0,0.0,0.0,0.67,2.71,0.0,0.0,0.95,0.0,0.0,0.26,0.0,0.76,0.31,1.17,0.0,0.0,0.0,0.0,0.0,1.0,1.0,0.0,0.0,1.0,0.0,0.0,0.0,0.0,0.0,0.0,1.0,0.0,0.0
44,0,1.7930000000000001,0.98,1,0.089456,0.258463,-0.9618700000000001,-0.08578200000000001,0.25441199999999997,-0.963284,0.002,0.26,681.5,684.7,691.5,697.8,700.1,697.4,690.2,683.8,672.4,676.1,681.7,689.0,696.5,702.5,706.8,702.2,695.5,688.2,681.7,676.1,688.0,690.7,693.5,694.8,693.9,691.2,688.4,687.0,767.1,770.9,777.1,782.2,783.2,779.4,773.2,767.5,760.8,765.0,770.5,777.3,783.4,787.9,790.4,786.5,781.3,775.6,769.6,764.1,772.0,774.2,776.9,778.5,778.1,775.9,773.2,771.6,198.8,192.3,190.1,193.4,200.3,207.2,208.9,205.6,200.2,198.7,197.9,197.5,198.4,200.1,202.2,205.0,206.0,206.3,205.6,203.6,201.9,203.3,202.4,199.7,196.8,195.4,196.4,199.1,215.4,210.1,209.0,212.8,219.2,224.4,225.5,222.1,216.6,215.2,214.7,215.5,217.8,220.3,223.3,225.6,226.0,225.2,223.1,220.4,219.2,220.8,220.3,218.0,215.3,213.7,214.2,216.4,26.1,28.1,32.3,36.3,37.8,36.1,31.6,27.6,20.6,22.8,26.2,30.7,35.4,39.3,42.2,39.2,34.8,30.3,26.3,22.9,30.2,31.9,33.7,34.5,33.9,32.2,30.4,29.6,88.4,91.0,95.4,99.1,99.8,97.2,92.7,88.8,84.3,87.0,90.6,95.3,99.9,103.5,105.8,102.6,98.6,94.3,90.1,86.4,92.0,93.6,95.4,96.6,96.3,94.7,92.8,91.7,-101.4,-105.3,-106.6,-104.6,-100.3,-96.2,-95.1,-97.2,-101.6,-102.0,-102.0,-101.8,-101.3,-100.5,-99.5,-97.6,-96.7,-96.6,-97.3,-99.0,-99.6,-98.7,-99.3,-100.9,-102.7,-103.5,-103.0,-101.4,-100.6,-104.3,-105.1,-102.5,-98.1,-94.5,-93.7,-96.0,-100.1,-100.8,-100.9,-100.3,-99.0,-97.7,-96.2,-94.1,-93.4,-93.8,-95.2,-97.2,-98.2,-97.1,-97.4,-99.0,-100.9,-102.0,-101.6,-100.0,550.5,549.8,549.2,549.2,549.7,550.7,551.0,551.0,556.6,553.1,550.2,548.3,548.5,550.1,552.0,550.8,549.6,549.9,551.4,553.9,551.3,551.3,551.1,550.8,550.6,550.6,550.8,551.1,608.6,608.6,609.0,609.4,609.7,609.7,609.4,609.2,610.6,608.8,607.4,607.3,609.2,612.1,615.5,612.7,610.2,608.6,608.3,609.4,609.9,610.1,610.2,610.2,610.1,609.9,609.7,609.7,54.5,-65.8,614.5,0.161,-0.057,0.22899999999999998,626.1,620.2,615.6,612.9,616.2,626.8,642.3,663.2,688.0,712.1,733.3,753.2,771.1,785.6,796.2,806.3,814.1,648.5,664.3,685.0,705.4,723.7,760.4,778.2,794.1,808.3,814.2,738.0,735.4,732.7,729.8,701.1,711.3,722.0,733.4,743.2,670.9,683.8,696.0,705.9,694.3,682.3,758.6,771.1,782.9,790.9,781.8,770.4,666.6,686.0,703.1,713.9,726.9,738.9,748.5,734.4,720.2,706.7,694.5,679.5,672.6,700.5,712.0,724.8,743.5,722.5,709.4,697.5,188.6,219.8,251.0,280.5,308.3,332.5,351.9,367.6,376.8,380.2,373.2,359.3,339.8,314.7,287.4,258.6,229.2,180.0,167.0,164.8,170.0,178.8,185.5,183.2,185.6,193.5,208.1,204.6,223.4,242.1,261.5,266.4,273.3,279.7,278.7,276.9,199.7,196.9,199.1,206.1,206.3,204.3,217.1,214.2,216.9,223.9,224.9,222.1,296.2,294.1,296.2,301.6,302.2,307.9,315.6,325.9,328.2,326.2,322.0,312.5,298.4,303.0,307.2,309.0,315.7,316.2,314.6,310.6,-10.3,-14.6,-18.0,-20.1,-17.5,-9.7,1.6,16.3,33.7,51.5,68.6,85.0,99.4,110.7,118.5,125.9,132.4,6.0,17.1,31.5,45.4,57.7,83.9,97.3,109.6,121.0,126.6,67.8,65.3,62.8,60.1,41.8,48.6,55.7,63.9,71.1,21.6,30.6,39.2,46.1,37.9,29.5,83.9,93.0,101.6,107.9,100.7,92.4,18.6,31.8,43.3,50.7,60.0,69.1,77.1,65.8,55.1,45.6,37.3,27.2,22.8,41.6,49.4,58.5,73.2,56.9,47.6,39.5,-126.3,-103.3,-80.6,-58.9,-38.1,-20.1,-5.8,5.4,11.8,14.4,9.7,-0.5,-15.4,-34.4,-55.1,-76.8,-99.5,-128.0,-136.0,-136.6,-132.0,-125.0,-121.7,-124.4,-124.0,-119.7,-110.4,-107.6,-93.5,-79.8,-66.0,-64.1,-59.1,-54.6,-55.6,-57.2,-112.2,-113.9,-112.5,-107.7,-107.2,-108.4,-101.1,-103.4,-101.7,-97.3,-96.0,-97.7,-44.7,-45.6,-43.8,-40.1,-39.9,-36.4,-31.6,-23.7,-21.9,-23.1,-26.0,-32.8,-43.1,-39.1,-36.3,-35.2,-31.3,-30.2,-31.2,-33.9,644.9,645.1,647.4,648.5,644.7,638.9,627.8,615.8,615.0,625.1,643.3,657.2,663.9,665.5,663.8,662.6,665.4,622.0,616.6,612.2,607.9,603.7,610.1,615.6,622.2,628.9,635.9,605.7,599.0,592.3,586.1,599.4,596.2,594.5,598.7,602.9,612.4,611.3,612.1,612.3,610.4,609.5,618.9,620.7,622.3,625.3,621.5,619.8,613.6,605.1,600.9,600.6,603.3,611.1,621.8,609.3,601.2,598.1,598.3,603.5,611.6,601.1,601.0,603.9,619.0,603.7,600.7,601.4,1.416,0.08199999999999999,-0.149,0.24,717.691,265.845,-34.152,0.585,-3.6039999999999996,6.146,-6.081,13.8,-6.292000000000001,-9.254,0.078,0.045,-9.347999999999999,-3.245,6.249,4.1,-0.927,3.7110000000000003,-0.802,-1.359,-9.721,-1.3519999999999999,3.62,-0.919,2.25,-0.583,0.787,-0.09699999999999999,0.305,-1.095,-0.147,-0.617,0.41700000000000004,0.48100000000000004,-0.085,0.445,0.0,0.0,0.0,0.0,0.69,2.76,0.0,0.0,0.99,0.0,0.0,0.22,0.0,0.75,0.3,1.21,0.0,0.0,0.0,0.0,0.0,1.0,1.0,0.0,0.0,1.0,0.0,0.0,0.0,0.0,0.0,0.0,1.0,0.0,0.0
45,0,1.835,0.98,1,0.08580499999999999,0.271429,-0.958626,-0.086299,0.26059099999999996,-0.961585,-0.0,0.27,681.6,684.8,691.7,698.3,700.7,698.0,690.6,684.0,672.7,676.3,681.9,689.4,697.0,703.0,707.2,702.6,696.0,688.7,682.1,676.5,688.3,691.0,693.9,695.2,694.2,691.5,688.6,687.3,767.6,771.4,777.7,782.8,783.8,780.0,773.7,768.0,761.2,765.4,771.0,777.8,784.0,788.5,791.1,787.0,781.9,776.1,770.1,764.5,772.5,774.7,777.4,779.0,778.6,776.4,773.7,772.1,198.7,192.4,190.3,193.6,200.3,206.9,208.7,205.4,199.4,198.2,197.8,197.6,198.3,199.8,201.9,204.7,206.2,206.6,205.4,203.0,201.6,202.9,202.0,199.4,196.7,195.3,196.2,198.8,215.1,209.8,208.7,212.5,219.0,224.3,225.4,221.9,216.3,214.9,214.5,215.3,217.6,220.0,223.0,225.3,225.8,224.9,222.9,220.1,219.0,220.6,220.1,217.9,215.1,213.5,213.9,216.2,25.9,27.8,32.0,36.1,37.7,36.1,31.6,27.4,20.5,22.6,26.0,30.5,35.3,39.1,41.9,39.0,34.8,30.3,26.3,22.9,30.1,31.8,33.5,34.3,33.7,32.0,30.2,29.4,88.2,90.8,95.3,98.9,99.6,97.0,92.6,88.6,84.1,86.8,90.4,95.1,99.6,103.3,105.6,102.4,98.4,94.1,89.9,86.2,91.8,93.4,95.3,96.4,96.1,94.5,92.7,91.5,-100.3,-103.9,-105.0,-103.1,-99.2,-95.4,-94.4,-96.3,-100.9,-101.0,-100.7,-100.5,-100.1,-99.5,-98.6,-96.7,-95.6,-95.4,-96.4,-98.2,-98.7,-97.9,-98.4,-99.9,-101.5,-102.3,-101.8,-100.3,-100.2,-103.9,-104.7,-102.1,-97.7,-94.0,-93.2,-95.6,-99.7,-100.4,-100.5,-99.9,-98.6,-97.3,-95.8,-93.8,-93.1,-93.4,-94.8,-96.8,-97.7,-96.7,-97.0,-98.6,-100.4,-101.5,-101.2,-99.6,543.9,542.4,541.6,542.0,543.4,545.2,545.7,545.3,549.7,546.2,543.2,541.3,541.7,543.5,545.8,544.9,543.8,544.0,545.5,547.6,545.1,545.3,544.9,544.3,543.8,543.6,543.9,544.5,605.1,605.1,605.4,605.9,606.2,606.2,605.9,605.7,607.1,605.3,603.9,603.8,605.6,608.5,611.9,609.2,606.7,605.1,604.8,605.9,606.4,606.6,606.7,606.7,606.5,606.3,606.2,606.2,54.6,-65.8,612.0,0.159,-0.055999999999999994,0.22899999999999998,626.4,620.7,616.3,613.5,616.6,626.8,642.0,662.7,687.7,712.1,733.7,753.9,771.9,786.3,796.7,806.8,814.6,647.7,663.2,684.4,705.3,723.9,761.2,779.4,795.6,809.8,815.2,738.5,735.9,733.2,730.2,701.4,711.7,722.4,733.9,743.7,671.1,684.1,696.4,706.3,694.7,682.7,759.0,771.6,783.5,791.6,782.4,770.9,667.1,686.5,703.7,714.4,727.4,739.3,749.0,734.8,720.6,707.1,695.0,679.9,673.2,701.1,712.4,725.2,743.9,722.8,709.8,698.0,188.1,219.4,250.6,279.9,307.8,332.0,351.4,367.5,377.0,380.3,373.1,359.0,339.3,314.2,286.8,258.1,228.8,179.9,165.9,163.2,168.7,178.1,185.0,182.1,184.3,192.4,207.6,204.4,223.1,241.8,261.2,266.0,272.9,279.4,278.3,276.6,199.4,196.8,199.0,205.9,206.1,204.1,216.8,214.0,216.7,223.6,224.7,221.9,295.7,293.6,295.7,301.2,301.7,307.5,315.2,325.6,327.9,325.9,321.8,312.1,297.8,302.7,306.9,308.7,315.2,315.8,314.3,310.3,-10.0,-14.2,-17.5,-19.6,-17.2,-9.6,1.4,15.9,33.4,51.3,68.6,85.3,99.7,110.9,118.5,125.9,132.4,5.5,16.3,31.0,45.2,57.6,84.1,97.6,110.2,121.7,127.1,67.9,65.3,62.8,60.2,41.9,48.6,55.8,64.0,71.2,21.7,30.7,39.3,46.3,38.1,29.6,83.9,93.0,101.7,107.9,100.8,92.4,18.9,32.0,43.5,50.9,60.0,69.0,77.1,65.7,55.1,45.7,37.5,27.4,23.1,41.7,49.5,58.5,73.2,56.9,47.7,39.7,-126.2,-103.3,-80.7,-59.1,-38.3,-20.4,-6.1,5.2,11.9,14.4,9.6,-0.7,-15.6,-34.7,-55.3,-76.9,-99.5,-127.7,-136.4,-137.1,-132.3,-124.9,-121.5,-124.6,-124.4,-120.1,-110.5,-107.3,-93.3,-79.6,-65.9,-64.2,-59.1,-54.5,-55.6,-57.3,-112.0,-113.7,-112.2,-107.5,-107.0,-108.2,-100.9,-103.2,-101.5,-97.2,-95.8,-97.5,-44.9,-45.7,-43.9,-40.2,-40.0,-36.5,-31.7,-23.8,-22.0,-23.2,-26.0,-32.9,-43.3,-39.2,-36.3,-35.2,-31.5,-30.3,-31.2,-34.0,642.6,642.7,644.8,645.9,642.3,636.7,625.8,613.8,612.6,622.6,640.7,654.8,661.5,663.0,661.5,660.5,663.3,620.4,614.7,609.9,605.4,601.1,607.2,612.7,619.6,627.1,634.7,603.3,596.5,589.8,583.6,596.9,593.8,592.0,596.3,600.7,610.4,609.2,609.9,610.1,608.2,607.4,616.6,618.4,620.1,623.1,619.3,617.6,611.1,602.5,598.0,597.7,600.4,608.2,619.3,606.4,598.3,595.3,595.5,600.8,609.1,598.4,598.3,601.1,616.4,600.9,597.9,598.6,1.421,0.08,-0.149,0.24,718.102,265.421,-32.549,-0.038,-3.432,7.19,-5.847,12.699000000000002,-7.773,-9.522,-0.36200000000000004,0.023,-10.347000000000001,-3.57,5.922999999999999,4.544,0.442,3.52,-0.754,-1.6680000000000001,-10.267000000000001,-0.71,3.535,-1.7790000000000001,2.839,-0.718,1.4469999999999998,0.065,0.32,-1.083,-0.126,-0.541,0.391,0.433,-0.096,0.444,0.0,0.0,0.0,0.0,0.78,2.91,0.0,0.0,1.01,0.0,0.0,0.11,0.0,0.75,0.25,1.23,0.0,0.0,0.0,0.0,0.0,1.0,1.0,0.0,0.0,1.0,0.0,0.0,0.0,0.0,0.0,0.0,1.0,0.0,0.0
46,0,1.8769999999999998,0.98,1,0.080505,0.244896,-0.966201,-0.08335,0.253698,-0.963686,-0.001,0.253,682.4,685.5,692.2,698.5,700.7,698.0,690.8,684.6,673.3,677.1,682.7,690.0,697.3,703.2,707.5,703.0,696.3,689.2,682.6,677.0,688.7,691.3,694.1,695.4,694.5,691.9,689.1,687.8,768.2,771.9,778.2,783.4,784.4,780.6,774.3,768.7,761.9,766.1,771.7,778.3,784.4,789.0,791.7,787.6,782.4,776.7,770.7,765.2,773.2,775.4,778.0,779.6,779.2,777.0,774.3,772.7,197.5,191.1,188.9,192.1,199.0,205.8,207.6,204.3,199.3,197.6,196.6,196.2,197.3,199.1,201.3,204.0,205.0,205.3,204.6,202.7,200.7,202.1,201.2,198.5,195.6,194.3,195.2,197.9,214.4,209.0,208.0,211.8,218.2,223.5,224.5,221.1,215.8,214.3,213.7,214.5,216.7,219.3,222.3,224.5,224.8,224.0,222.0,219.4,218.2,219.8,219.4,217.1,214.3,212.7,213.2,215.5,26.9,28.9,33.1,37.1,38.5,36.9,32.3,28.3,21.4,23.7,27.1,31.6,36.3,40.1,43.0,40.0,35.7,31.2,27.1,23.7,31.0,32.7,34.4,35.3,34.7,33.0,31.3,30.4,89.6,92.3,96.7,100.3,101.1,98.4,94.0,90.0,85.5,88.2,91.9,96.5,101.0,104.7,107.1,103.8,99.8,95.5,91.3,87.6,93.2,94.8,96.7,97.8,97.5,96.0,94.1,92.9,-103.3,-107.3,-108.6,-106.5,-102.2,-98.0,-96.9,-99.0,-103.2,-103.7,-103.8,-103.7,-103.1,-102.2,-101.2,-99.2,-98.3,-98.2,-98.9,-100.5,-101.4,-100.5,-101.0,-102.7,-104.5,-105.4,-104.8,-103.2,-101.8,-105.5,-106.3,-103.8,-99.3,-95.6,-94.8,-97.2,-101.1,-101.9,-102.1,-101.5,-100.2,-98.9,-97.3,-95.3,-94.7,-95.0,-96.4,-98.4,-99.3,-98.2,-98.5,-100.1,-102.0,-103.2,-102.8,-101.2,556.1,555.7,555.3,555.1,555.3,556.0,556.2,556.3,562.0,558.6,555.8,554.0,554.2,555.8,557.7,556.3,555.0,555.2,556.7,559.2,556.8,556.7,556.6,556.4,556.3,556.3,556.5,556.7,611.6,611.8,612.1,612.4,612.5,612.4,612.1,612.0,613.6,611.9,610.5,610.3,612.0,614.8,618.1,615.3,612.8,611.3,611.1,612.3,612.8,612.9,613.0,613.1,613.0,612.9,612.8,612.7,55.0,-66.3,613.5,0.158,-0.057,0.231,627.2,621.3,616.7,613.8,616.9,627.0,642.1,662.7,687.6,712.1,733.8,754.0,772.1,786.6,797.1,807.2,815.1,649.1,664.9,685.8,706.3,724.6,761.3,779.4,795.4,809.6,815.3,738.9,736.3,733.6,730.6,701.9,712.1,722.8,734.2,744.1,671.7,684.6,696.9,706.7,695.2,683.1,759.7,772.2,784.0,792.0,782.9,771.5,667.3,686.8,704.0,714.8,727.9,739.9,749.5,735.4,721.1,707.5,695.3,680.2,673.3,701.3,712.8,725.7,744.5,723.4,710.2,698.3,187.8,218.9,250.0,279.3,307.3,331.6,351.2,367.4,376.9,380.3,373.2,358.9,339.1,313.8,286.4,257.8,228.4,179.4,166.2,164.0,169.2,178.1,184.8,182.4,184.8,192.9,207.8,203.6,222.4,241.2,260.6,265.4,272.3,278.8,277.8,276.0,198.7,195.8,198.0,205.0,205.2,203.2,216.1,213.1,215.9,222.9,223.9,221.1,295.2,293.0,295.1,300.6,301.2,306.9,314.7,325.0,327.2,325.2,321.0,311.4,297.4,302.1,306.3,308.1,314.8,315.1,313.6,309.5,-9.4,-13.8,-17.2,-19.4,-17.0,-9.5,1.5,15.9,33.4,51.4,68.8,85.5,100.0,111.3,119.0,126.5,132.9,6.5,17.5,32.0,46.0,58.3,84.5,98.0,110.4,121.8,127.3,68.4,65.8,63.3,60.6,42.3,49.0,56.1,64.4,71.6,22.1,31.1,39.7,46.6,38.4,30.0,84.6,93.7,102.3,108.5,101.4,93.1,19.1,32.3,43.8,51.3,60.5,69.6,77.7,66.3,55.6,46.1,37.8,27.7,23.3,42.0,49.9,59.0,73.8,57.4,48.1,40.0,-126.7,-103.8,-81.2,-59.7,-38.8,-20.7,-6.3,5.2,11.9,14.5,9.7,-0.8,-15.9,-35.1,-55.7,-77.3,-99.9,-128.3,-136.4,-137.0,-132.4,-125.4,-122.1,-124.8,-124.5,-120.0,-110.6,-108.1,-94.1,-80.3,-66.5,-64.7,-59.6,-55.1,-56.2,-57.8,-112.7,-114.6,-113.1,-108.3,-107.9,-109.1,-101.7,-104.1,-102.3,-97.8,-96.6,-98.3,-45.4,-46.2,-44.5,-40.7,-40.5,-37.0,-32.2,-24.4,-22.5,-23.7,-26.6,-33.4,-43.7,-39.7,-36.8,-35.7,-31.9,-30.9,-31.8,-34.6,643.6,643.8,646.0,647.1,643.4,637.6,626.9,614.9,613.8,623.9,642.0,656.0,662.7,664.3,662.8,661.7,664.4,621.3,615.9,611.5,607.3,603.2,609.6,615.0,621.6,628.4,635.4,605.0,598.1,591.4,585.2,598.5,595.2,593.5,597.7,602.0,611.6,610.6,611.3,611.6,609.6,608.8,618.3,620.0,621.6,624.5,620.8,619.2,612.5,604.0,599.8,599.5,602.2,610.0,620.7,608.2,600.0,596.9,597.2,602.3,610.5,600.0,599.9,602.8,618.0,602.5,599.5,600.1,1.4180000000000001,0.078,-0.15,0.242,718.52,264.973,-34.475,0.004,-3.2060000000000004,6.388,-7.182,13.619000000000002,-7.132999999999999,-10.095,0.5660000000000001,-0.337,-9.35,-2.8489999999999998,5.905,4.393,-0.13,3.177,-1.0270000000000001,-1.3559999999999999,-9.238999999999999,-1.155,3.6839999999999997,-0.93,2.662,-0.43700000000000006,1.0759999999999998,-0.263,0.48,-1.088,-0.153,-0.653,0.418,0.488,-0.084,0.431,0.0,0.0,0.0,0.0,0.82,3.05,0.0,0.0,1.01,0.0,0.0,0.1,0.0,0.72,0.24,1.17,0.0,0.0,0.0,0.0,0.0,1.0,1.0,0.0,0.0,1.0,0.0,0.0,0.0,0.0,0.0,0.0,1.0,0.0,0.0
47,0,1.919,0.98,1,0.087725,0.26416,-0.9604809999999999,-0.08881,0.24890900000000002,-0.9644459999999999,-0.001,0.26,681.8,685.0,692.0,698.6,701.0,698.3,690.9,684.2,672.8,676.4,682.1,689.6,697.2,703.3,707.5,703.0,696.3,689.0,682.4,676.7,688.5,691.3,694.1,695.5,694.5,691.7,688.9,687.5,768.2,771.9,778.1,783.3,784.4,780.8,774.5,768.8,762.0,766.2,771.7,778.4,784.5,789.0,791.7,787.8,782.6,776.9,770.9,765.4,773.2,775.4,778.1,779.7,779.2,777.0,774.3,772.7,197.2,191.0,188.9,192.1,198.8,205.4,207.2,204.0,197.8,196.6,196.3,196.1,196.8,198.3,200.5,203.3,204.8,205.2,204.1,201.5,200.0,201.4,200.5,197.9,195.2,193.8,194.7,197.3,213.9,208.6,207.5,211.2,217.5,222.9,224.0,220.7,215.5,214.0,213.3,213.9,216.1,218.7,221.7,224.0,224.5,223.7,221.7,219.2,217.8,219.4,218.9,216.6,213.8,212.2,212.7,215.0,25.8,27.7,31.9,36.0,37.6,36.0,31.5,27.4,20.4,22.5,25.9,30.4,35.1,39.0,41.8,38.9,34.7,30.3,26.2,22.8,30.0,31.7,33.4,34.2,33.6,31.9,30.1,29.3,89.6,92.2,96.6,100.3,101.1,98.5,94.0,90.0,85.5,88.2,91.9,96.5,101.0,104.7,107.2,103.9,99.8,95.6,91.4,87.7,93.2,94.8,96.7,97.9,97.5,95.9,94.0,92.9,-100.4,-103.9,-105.0,-103.1,-99.3,-95.6,-94.6,-96.5,-101.1,-101.2,-100.8,-100.5,-100.2,-99.6,-98.7,-96.8,-95.7,-95.5,-96.5,-98.4,-98.9,-98.1,-98.5,-100.0,-101.6,-102.4,-101.9,-100.5,-102.1,-105.8,-106.7,-104.2,-99.7,-95.9,-95.1,-97.4,-101.3,-102.1,-102.3,-101.8,-100.6,-99.3,-97.7,-95.6,-94.9,-95.2,-96.5,-98.5,-99.6,-98.5,-98.8,-100.5,-102.4,-103.5,-103.1,-101.5,539.5,537.9,537.1,537.5,539.0,541.0,541.5,541.0,545.2,541.7,538.7,536.9,537.3,539.1,541.5,540.7,539.6,539.8,541.2,543.3,540.8,540.9,540.6,539.9,539.3,539.1,539.5,540.1,611.4,611.6,612.0,612.3,612.3,612.1,611.8,611.7,613.4,611.7,610.3,610.1,611.9,614.6,617.9,615.1,612.6,611.1,610.9,612.1,612.5,612.6,612.8,612.9,612.9,612.7,612.6,612.5,54.8,-66.7,612.5,0.154,-0.055,0.231,626.9,621.1,616.5,613.7,616.6,626.8,642.1,663.0,688.1,712.6,734.2,754.3,772.2,786.7,797.2,807.4,815.3,648.3,664.0,685.0,705.7,724.2,761.2,779.3,795.5,809.9,815.7,738.8,736.1,733.4,730.3,701.6,711.8,722.6,734.1,744.0,671.3,684.3,696.6,706.6,695.0,682.9,759.6,772.3,784.2,792.3,783.1,771.6,667.1,686.6,703.7,714.6,727.7,739.7,749.6,735.3,721.1,707.4,695.2,680.1,673.2,701.1,712.6,725.5,744.5,723.3,710.1,698.2,187.3,218.4,249.4,278.6,306.3,330.4,349.8,365.7,375.2,378.8,372.1,358.3,338.7,313.6,286.2,257.4,228.0,178.8,165.3,162.9,168.3,177.5,184.3,181.6,183.8,191.8,206.8,203.1,221.8,240.6,259.9,264.7,271.7,278.1,277.2,275.5,198.0,195.2,197.5,204.5,204.6,202.7,215.6,212.7,215.4,222.4,223.5,220.7,294.4,292.4,294.5,300.0,300.6,306.4,314.2,324.2,326.2,324.2,320.0,310.5,296.6,301.4,305.7,307.6,314.3,314.2,312.6,308.5,-9.7,-13.9,-17.3,-19.4,-17.2,-9.6,1.5,16.1,33.6,51.6,69.0,85.6,100.1,111.3,119.0,126.5,133.0,5.9,16.9,31.5,45.6,58.0,84.3,97.7,110.3,121.8,127.4,68.2,65.6,63.0,60.3,42.1,48.8,55.9,64.2,71.4,21.9,30.9,39.5,46.5,38.3,29.8,84.4,93.6,102.3,108.6,101.4,93.0,18.9,32.1,43.6,51.0,60.2,69.3,77.6,66.1,55.4,45.9,37.6,27.5,23.1,41.8,49.7,58.7,73.6,57.2,47.9,39.8,-127.0,-104.1,-81.6,-60.1,-39.4,-21.5,-7.3,4.0,10.6,13.4,8.8,-1.3,-16.1,-35.2,-55.9,-77.5,-100.2,-128.6,-137.0,-137.6,-132.9,-125.6,-122.2,-125.1,-124.9,-120.6,-111.1,-108.3,-94.3,-80.6,-66.8,-65.1,-60.0,-55.4,-56.5,-58.1,-113.2,-114.9,-113.4,-108.6,-108.1,-109.4,-101.9,-104.2,-102.5,-98.1,-96.7,-98.4,-45.8,-46.6,-44.8,-41.0,-40.8,-37.3,-32.4,-24.8,-23.1,-24.4,-27.2,-34.0,-44.2,-40.1,-37.2,-36.0,-32.2,-31.5,-32.4,-35.2,643.3,643.2,645.2,646.3,642.7,636.9,625.9,613.6,612.3,622.4,640.8,655.1,662.1,663.9,662.4,661.3,664.2,621.2,615.6,611.0,606.6,602.3,608.5,613.9,620.5,627.5,634.6,604.1,597.2,590.4,584.1,597.5,594.3,592.5,596.8,601.1,611.3,610.1,610.8,611.0,609.1,608.3,617.4,619.1,620.7,623.7,620.0,618.3,611.5,602.9,598.5,598.2,600.9,608.6,619.4,606.6,598.5,595.4,595.7,601.1,609.4,598.8,598.7,601.4,616.6,601.0,598.1,598.8,1.42,0.07400000000000001,-0.149,0.24100000000000002,718.4119999999999,264.248,-32.01,-1.158,-3.9819999999999998,6.097,-6.692,13.505,-7.898,-9.544,0.163,0.249,-9.31,-3.32,6.257000000000001,4.729,-0.469,3.6519999999999997,-0.483,-1.175,-9.856,-0.9129999999999999,3.5669999999999997,-1.3730000000000002,2.563,-0.631,1.369,0.10300000000000001,0.293,-1.01,-0.182,-0.551,0.386,0.42700000000000005,-0.08900000000000001,0.435,0.0,0.0,0.0,0.0,0.88,3.17,0.0,0.0,1.0,0.0,0.0,0.16,0.0,0.71,0.15,1.11,0.0,0.0,0.0,0.0,0.0,1.0,1.0,0.0,0.0,1.0,0.0,0.0,0.0,0.0,0.0,0.0,0.0,0.0,0.0
48,0,1.96,0.98,1,0.091571,0.258745,-0.9615950000000001,-0.094042,0.245898,-0.964723,-0.001,0.256,682.0,685.2,691.9,698.1,700.2,697.5,690.3,684.1,672.8,676.6,682.1,689.3,696.5,702.5,706.9,702.3,695.5,688.3,681.8,676.4,688.3,690.9,693.6,695.0,694.1,691.5,688.8,687.4,767.8,771.5,777.7,782.8,783.8,780.1,773.9,768.3,761.8,765.9,771.2,777.8,784.0,788.6,791.3,787.2,782.0,776.3,770.4,765.0,772.7,774.9,777.6,779.2,778.7,776.6,773.9,772.3,196.5,190.2,188.0,191.3,198.1,205.0,206.7,203.4,198.1,196.4,195.5,195.2,196.3,198.1,200.1,202.6,203.4,203.5,202.9,201.2,199.8,201.2,200.3,197.7,194.8,193.5,194.4,197.0,213.5,208.2,207.2,210.9,217.2,222.5,223.5,220.1,215.1,213.5,212.9,213.6,215.8,218.3,221.3,223.6,224.0,223.3,221.3,218.8,217.3,218.9,218.4,216.2,213.4,211.8,212.3,214.6,26.9,28.9,33.2,37.1,38.5,36.8,32.2,28.2,21.2,23.5,27.0,31.4,36.1,40.0,43.0,39.9,35.5,30.9,26.8,23.4,31.0,32.6,34.4,35.2,34.6,33.0,31.3,30.4,90.1,92.7,97.1,100.8,101.5,98.9,94.5,90.5,86.2,88.8,92.4,97.0,101.5,105.2,107.8,104.4,100.3,96.0,91.9,88.3,93.8,95.3,97.2,98.3,98.0,96.5,94.6,93.5,-104.7,-108.7,-110.0,-107.8,-103.5,-99.2,-98.2,-100.3,-104.8,-105.2,-105.3,-105.1,-104.4,-103.6,-102.6,-100.7,-100.0,-100.0,-100.7,-102.3,-102.7,-101.8,-102.3,-104.0,-105.8,-106.7,-106.1,-104.5,-103.3,-107.0,-107.8,-105.2,-100.8,-97.1,-96.3,-98.7,-102.5,-103.3,-103.5,-103.0,-101.7,-100.4,-98.8,-96.8,-96.0,-96.4,-97.7,-99.7,-100.8,-99.7,-100.1,-101.7,-103.6,-104.7,-104.3,-102.7,560.3,560.0,559.6,559.3,559.3,559.9,560.1,560.4,566.5,563.0,560.1,558.2,558.3,559.7,561.5,560.0,558.8,559.1,560.7,563.4,560.9,560.8,560.6,560.5,560.4,560.5,560.7,560.9,617.1,617.1,617.3,617.5,617.7,617.7,617.6,617.6,619.2,617.3,615.8,615.5,617.1,619.9,623.1,620.5,618.1,616.7,616.6,617.9,618.2,618.3,618.3,618.3,618.3,618.2,618.1,618.1,54.8,-67.2,612.9,0.15,-0.055,0.23,626.5,620.8,616.3,613.3,616.3,626.7,642.2,663.1,688.3,713.1,734.8,755.0,772.8,787.0,797.3,807.2,814.9,648.0,663.5,684.6,705.3,723.9,760.8,779.0,795.2,809.5,815.0,738.4,735.8,733.0,730.0,701.2,711.6,722.3,733.9,743.9,671.1,684.0,696.2,706.0,694.5,682.5,759.4,771.8,783.7,791.7,782.5,771.1,666.9,686.3,703.3,714.5,727.9,740.0,749.7,735.7,721.5,707.5,695.1,680.0,673.0,700.7,712.5,725.8,744.7,723.8,710.2,698.0,186.6,217.7,248.6,277.8,305.4,329.3,348.4,364.3,374.0,377.8,371.3,357.8,338.4,313.4,286.0,257.3,228.0,178.3,164.6,162.0,167.4,176.6,183.7,181.1,183.6,191.8,206.9,202.7,221.5,240.2,259.5,264.3,271.2,277.7,276.8,275.1,197.4,194.6,196.8,203.8,203.9,202.0,215.2,212.3,215.1,222.1,223.0,220.2,294.0,291.8,293.9,299.5,300.2,306.0,313.9,323.3,325.3,323.2,318.9,309.5,296.1,301.0,305.3,307.2,313.9,313.4,311.7,307.6,-9.9,-14.1,-17.6,-19.8,-17.4,-9.7,1.6,16.2,33.8,52.0,69.5,86.2,100.6,111.7,119.1,126.3,132.7,5.7,16.5,31.2,45.3,57.8,84.1,97.6,110.2,121.6,127.0,68.0,65.4,62.9,60.2,41.9,48.7,55.8,64.1,71.4,21.7,30.7,39.2,46.1,38.0,29.6,84.3,93.4,102.0,108.2,101.1,92.7,18.8,31.9,43.3,51.0,60.5,69.6,77.7,66.4,55.8,46.0,37.5,27.5,23.0,41.5,49.6,59.0,73.8,57.6,48.0,39.7,-127.7,-104.8,-82.3,-60.9,-40.2,-22.3,-8.3,3.0,9.8,12.6,8.3,-1.7,-16.4,-35.4,-56.0,-77.6,-100.1,-129.1,-137.6,-138.4,-133.6,-126.3,-122.8,-125.7,-125.3,-120.7,-111.1,-108.7,-94.7,-81.0,-67.2,-65.5,-60.4,-55.8,-56.8,-58.4,-113.6,-115.4,-114.0,-109.1,-108.7,-109.9,-102.3,-104.6,-102.9,-98.4,-97.2,-98.9,-46.1,-47.0,-45.2,-41.4,-41.1,-37.6,-32.7,-25.4,-23.7,-25.1,-28.0,-34.7,-44.5,-40.4,-37.5,-36.3,-32.5,-32.0,-33.0,-35.9,644.4,644.5,646.7,647.8,643.7,637.2,625.4,612.9,611.7,622.1,641.0,655.8,662.9,664.5,662.6,661.2,663.9,621.8,616.1,611.6,607.1,602.9,609.4,614.7,621.2,627.9,634.9,604.8,597.9,591.2,584.9,598.3,595.0,593.2,597.3,601.5,611.4,610.4,611.1,611.5,609.5,608.7,618.1,619.7,621.3,624.3,620.6,619.0,611.5,603.1,599.0,598.7,601.5,609.3,620.0,607.3,598.9,595.6,595.9,601.2,609.5,599.1,599.1,602.0,617.0,601.5,598.4,599.1,1.419,0.07,-0.147,0.24,718.268,263.663,-31.410999999999998,0.29100000000000004,-5.099,4.376,-7.398,14.293,-8.269,-7.974,0.961,1.2830000000000001,-10.047,-4.013999999999999,6.955,5.24,-0.745,3.779,-0.6970000000000001,-2.2,-9.682,-1.376,3.4160000000000004,-0.799,2.5660000000000003,-0.774,1.475,-0.21,0.41,-1.0590000000000002,-0.18100000000000002,-0.629,0.505,0.446,-0.068,0.46,0.0,0.0,0.0,0.0,0.86,3.24,0.01,0.0,0.97,0.0,0.0,0.26,0.0,0.7,0.12,1.0,0.0,0.0,0.0,0.0,0.0,1.0,1.0,0.0,0.0,1.0,0.0,0.0,0.0,0.0,0.0,0.0,0.0,0.0,0.0
49,0,2.002,0.98,1,0.101974,0.235195,-0.966584,-0.092133,0.24833899999999998,-0.964282,0.005,0.245,681.4,684.9,691.9,698.2,700.2,697.1,689.7,683.4,672.1,676.5,682.1,688.9,695.9,702.0,706.8,701.9,694.9,687.6,681.1,675.7,687.8,690.4,693.4,694.9,694.0,691.4,688.4,687.0,767.6,771.3,777.5,782.7,783.7,780.0,773.8,768.1,761.4,765.6,771.0,777.7,783.8,788.3,791.0,787.0,781.8,776.1,770.2,764.7,772.5,774.8,777.4,779.0,778.6,776.4,773.7,772.1,196.0,189.8,187.7,190.9,197.5,204.3,205.8,202.6,199.0,196.8,195.4,194.9,196.0,198.1,200.1,202.5,202.7,202.8,202.4,201.4,199.7,201.1,200.2,197.6,194.8,193.5,194.4,197.0,213.2,207.9,206.8,210.5,216.9,222.2,223.3,219.9,214.7,213.2,212.6,213.3,215.5,218.0,220.9,223.3,223.8,223.0,221.0,218.4,217.0,218.6,218.1,215.8,213.1,211.5,212.0,214.3,26.2,28.5,32.9,36.9,38.0,36.0,31.3,27.3,20.5,23.2,26.6,30.8,35.2,39.1,42.2,39.0,34.5,30.0,25.9,22.6,30.2,31.9,33.7,34.7,34.2,32.5,30.7,29.7,89.5,92.1,96.5,100.2,100.9,98.3,93.9,89.9,85.4,88.1,91.7,96.3,100.9,104.5,107.0,103.7,99.7,95.4,91.2,87.6,93.1,94.7,96.6,97.7,97.4,95.8,93.9,92.8,-103.7,-107.9,-109.2,-107.0,-102.5,-98.0,-97.0,-99.2,-102.8,-103.6,-104.0,-104.1,-103.3,-102.2,-101.1,-99.2,-98.9,-98.9,-99.4,-100.6,-101.3,-100.4,-101.0,-102.7,-104.6,-105.5,-104.9,-103.2,-103.0,-106.7,-107.5,-105.0,-100.5,-96.8,-95.9,-98.3,-102.2,-103.0,-103.2,-102.6,-101.4,-100.1,-98.5,-96.5,-95.7,-96.0,-97.4,-99.4,-100.5,-99.4,-99.7,-101.3,-103.3,-104.4,-104.0,-102.4,553.4,554.7,554.9,553.8,552.1,550.9,550.7,551.7,558.6,555.6,553.2,551.5,551.3,552.2,553.6,551.4,550.0,550.1,551.9,554.9,553.1,552.7,552.7,553.3,554.0,554.4,554.4,553.8,613.7,613.8,614.1,614.4,614.6,614.5,614.2,614.2,615.7,613.9,612.5,612.3,614.0,616.8,620.0,617.3,614.9,613.4,613.2,614.4,614.9,615.0,615.1,615.1,615.1,614.9,614.8,614.8,54.7,-67.5,613.8,0.151,-0.051,0.228,626.1,620.3,615.7,612.9,616.0,626.7,642.6,663.8,689.1,713.7,735.2,755.0,772.8,786.9,797.2,807.1,814.9,648.1,663.6,684.5,705.0,723.4,760.4,778.6,794.8,809.1,815.0,737.8,735.1,732.3,729.3,700.8,711.0,721.8,733.4,743.4,670.6,683.5,695.7,705.5,694.0,682.1,759.1,771.6,783.4,791.5,782.3,770.9,666.6,686.0,703.0,714.2,727.6,739.8,749.8,735.6,721.3,707.4,694.9,679.8,672.7,700.4,712.2,725.5,744.7,723.4,709.9,697.7,186.2,217.3,248.3,277.5,305.0,328.9,347.8,363.4,372.9,376.7,370.5,357.5,338.4,313.4,286.0,257.2,227.8,177.8,164.4,162.0,167.4,176.4,183.3,180.6,183.0,191.0,206.0,202.4,221.0,239.6,258.8,263.8,270.7,277.1,276.1,274.4,197.4,194.6,196.7,203.6,203.8,201.9,214.9,212.0,214.8,221.7,222.6,219.9,293.7,291.5,293.5,299.0,299.6,305.5,313.5,323.0,325.0,322.9,318.7,309.4,295.8,300.5,304.8,306.7,313.4,313.1,311.4,307.4,-10.3,-14.5,-18.0,-20.1,-17.7,-9.7,1.8,16.7,34.4,52.5,69.9,86.4,100.7,111.7,119.1,126.4,132.8,5.8,16.6,31.1,45.2,57.5,83.9,97.4,109.9,121.4,127.0,67.7,65.1,62.5,59.8,41.6,48.4,55.6,63.9,71.2,21.4,30.4,39.0,45.9,37.7,29.3,84.2,93.3,101.9,108.2,101.0,92.7,18.6,31.8,43.2,50.8,60.3,69.6,77.9,66.5,55.7,46.0,37.5,27.4,22.8,41.5,49.5,58.9,73.9,57.4,47.9,39.6,-128.2,-105.3,-82.7,-61.2,-40.5,-22.7,-8.7,2.4,9.0,11.9,7.7,-1.9,-16.4,-35.4,-56.1,-77.7,-100.4,-129.6,-138.0,-138.6,-133.9,-126.7,-123.1,-126.1,-125.7,-121.3,-111.8,-109.1,-95.1,-81.5,-67.8,-65.9,-60.9,-56.3,-57.4,-59.0,-113.8,-115.6,-114.2,-109.5,-109.0,-110.2,-102.6,-104.9,-103.2,-98.7,-97.5,-99.2,-46.4,-47.3,-45.6,-41.8,-41.6,-38.0,-33.0,-25.7,-24.0,-25.3,-28.2,-34.8,-44.8,-40.8,-37.9,-36.7,-32.9,-32.3,-33.3,-36.1,645.4,645.4,647.6,648.8,644.8,638.2,626.1,613.6,612.6,623.1,642.2,656.9,663.9,665.4,663.1,661.6,664.1,622.5,617.0,612.6,608.2,603.8,609.9,615.1,621.5,628.1,635.0,605.5,598.8,592.2,586.1,599.2,596.1,594.3,598.4,602.6,612.5,611.5,612.2,612.5,610.6,609.8,618.6,620.2,621.8,624.7,621.1,619.5,612.8,604.1,600.0,599.7,602.5,610.3,620.9,608.2,599.9,596.7,597.0,602.5,610.8,600.1,600.0,602.9,618.0,602.5,599.5,600.2,1.4169999999999998,0.071,-0.142,0.239,718.029,263.276,-32.064,-0.312,-5.3420000000000005,3.258,-7.17,14.140999999999998,-7.794,-6.898,0.542,1.1320000000000001,-9.792,-4.851,6.7860000000000005,4.571000000000001,-1.506,4.797,-0.6459999999999999,-1.79,-9.791,-1.23,3.9539999999999997,-0.7709999999999999,2.411,-0.99,1.4380000000000002,-0.223,0.188,-1.06,-0.156,-0.753,0.535,0.513,-0.084,0.478,0.0,0.0,0.0,0.0,0.89,3.28,0.01,0.0,0.98,0.0,0.0,0.27,0.0,0.7,0.07,0.87,0.0,0.0,0.0,0.0,0.0,1.0,1.0,0.0,0.0,1.0,0.0,0.0,0.0,0.0,0.0,0.0,0.0,0.0,0.0
50,0,2.044,0.98,1,0.103531,0.233077,-0.966932,-0.087965,0.246373,-0.965175,0.008,0.243,681.3,684.9,691.9,698.3,700.3,697.2,689.7,683.3,672.1,676.5,682.1,688.9,695.9,702.0,706.7,701.9,694.9,687.7,681.1,675.7,687.8,690.4,693.4,694.9,694.0,691.4,688.4,686.9,767.7,771.3,777.5,782.7,783.7,780.1,773.8,768.2,761.4,765.6,771.0,777.6,783.7,788.3,791.0,787.0,781.8,776.1,770.2,764.7,772.6,774.8,777.5,779.1,778.6,776.4,773.7,772.1,195.5,189.4,187.3,190.4,197.0,203.8,205.3,202.1,198.6,196.3,194.8,194.3,195.4,197.6,199.8,202.1,202.2,202.2,201.9,200.9,199.3,200.6,199.7,197.1,194.4,193.0,193.9,196.5,212.8,207.5,206.4,210.1,216.4,221.7,222.8,219.5,214.3,212.7,212.1,212.8,215.0,217.5,220.6,222.8,223.3,222.5,220.6,218.0,216.6,218.2,217.7,215.4,212.7,211.1,211.6,213.8,26.1,28.4,32.9,36.9,38.0,36.0,31.3,27.3,20.5,23.1,26.6,30.8,35.2,39.1,42.2,38.9,34.5,30.0,25.9,22.6,30.2,31.8,33.7,34.7,34.2,32.5,30.7,29.7,89.7,92.3,96.7,100.4,101.1,98.5,94.1,90.1,85.6,88.3,91.9,96.5,101.1,104.7,107.2,103.9,99.8,95.6,91.4,87.7,93.3,94.9,96.8,97.9,97.6,96.0,94.1,93.0,-103.9,-108.1,-109.5,-107.3,-102.8,-98.2,-97.3,-99.5,-102.9,-103.8,-104.3,-104.4,-103.6,-102.4,-101.2,-99.4,-99.1,-99.1,-99.6,-100.8,-101.5,-100.6,-101.2,-102.9,-104.8,-105.7,-105.1,-103.4,-103.5,-107.2,-108.0,-105.5,-101.0,-97.3,-96.5,-98.8,-102.7,-103.5,-103.7,-103.2,-101.9,-100.6,-99.0,-96.9,-96.2,-96.5,-97.9,-99.9,-101.0,-99.9,-100.2,-101.9,-103.8,-104.9,-104.5,-102.9,553.0,554.4,554.6,553.5,551.8,550.5,550.1,551.2,557.9,555.0,552.7,551.1,551.0,551.8,553.1,551.0,549.5,549.6,551.3,554.2,552.6,552.2,552.3,552.9,553.6,554.1,554.0,553.4,614.9,615.0,615.3,615.6,615.7,615.6,615.3,615.3,616.9,615.2,613.7,613.5,615.2,617.9,621.2,618.5,616.0,614.6,614.4,615.6,616.0,616.1,616.2,616.3,616.3,616.1,616.0,616.0,54.7,-67.8,612.6,0.14800000000000002,-0.053,0.22699999999999998,625.8,620.1,615.7,612.9,616.1,626.7,642.6,664.0,689.5,714.1,735.6,755.4,773.1,787.1,797.3,807.2,814.9,647.8,663.1,684.0,704.7,723.2,760.5,778.7,795.0,809.3,814.9,737.8,735.1,732.4,729.5,700.9,711.2,722.0,733.6,743.6,670.6,683.4,695.7,705.5,694.0,682.1,759.1,771.5,783.4,791.5,782.3,770.8,666.9,686.4,703.4,714.5,727.8,740.1,750.1,736.0,721.7,707.9,695.5,680.3,673.0,700.9,712.6,725.7,744.9,723.7,710.4,698.2,185.9,216.9,247.7,276.7,304.1,328.0,347.0,362.9,372.4,376.3,370.2,357.2,338.1,313.2,285.8,257.0,227.7,177.6,163.7,161.1,166.4,175.5,182.6,179.9,182.4,190.7,205.9,201.9,220.4,239.0,258.1,263.3,270.2,276.6,275.6,273.9,196.9,194.0,196.2,203.1,203.4,201.4,214.4,211.5,214.3,221.3,222.2,219.4,293.4,291.1,293.0,298.5,299.1,305.0,313.0,322.6,324.6,322.5,318.3,309.1,295.5,300.1,304.3,306.2,313.0,312.7,311.0,306.9,-10.5,-14.6,-18.0,-20.0,-17.6,-9.7,1.9,16.8,34.5,52.7,70.1,86.5,100.9,111.8,119.1,126.3,132.6,5.5,16.2,30.7,44.9,57.3,83.8,97.4,110.0,121.4,126.8,67.5,65.0,62.4,59.8,41.6,48.4,55.6,63.9,71.2,21.4,30.3,38.9,45.8,37.7,29.3,84.1,93.1,101.8,108.1,100.8,92.5,18.8,32.0,43.4,50.9,60.3,69.7,78.0,66.6,55.9,46.2,37.8,27.7,23.0,41.6,49.7,58.9,74.0,57.5,48.1,39.8,-128.2,-105.4,-83.0,-61.7,-41.1,-23.3,-9.3,2.0,8.7,11.6,7.5,-2.1,-16.6,-35.5,-56.1,-77.8,-100.3,-129.6,-138.2,-139.0,-134.4,-127.1,-123.5,-126.5,-126.0,-121.4,-111.7,-109.3,-95.3,-81.8,-68.1,-66.1,-61.1,-56.6,-57.6,-59.2,-114.0,-115.8,-114.4,-109.6,-109.1,-110.4,-102.8,-105.1,-103.4,-98.9,-97.7,-99.4,-46.5,-47.5,-45.8,-42.1,-41.8,-38.3,-33.3,-25.9,-24.2,-25.5,-28.4,-35.0,-45.0,-41.0,-38.1,-37.0,-33.2,-32.5,-33.5,-36.3,644.6,644.5,646.6,647.6,643.6,636.9,624.9,612.3,611.2,621.9,641.0,655.9,663.1,664.6,662.3,660.8,663.4,621.7,616.1,611.6,607.1,602.8,609.0,614.3,620.7,627.3,634.2,604.5,597.7,591.0,584.8,598.0,595.0,593.2,597.3,601.5,611.5,610.5,611.2,611.6,609.7,608.9,617.6,619.3,620.9,623.9,620.2,618.6,611.5,602.7,598.6,598.3,601.0,608.9,619.8,606.9,598.4,595.2,595.5,601.0,609.5,598.7,598.7,601.5,616.8,601.0,598.1,598.7,1.419,0.068,-0.145,0.23800000000000002,718.168,262.78700000000003,-30.625,-0.461,-5.497000000000001,3.378,-7.375,13.664000000000001,-8.07,-6.255,0.7929999999999999,1.4169999999999998,-10.63,-5.025,6.917999999999999,4.257,-1.3219999999999998,4.612,-0.354,-1.973,-9.447000000000001,-1.0859999999999999,3.888,-0.8059999999999999,2.4419999999999997,-1.008,1.381,-0.106,0.136,-1.045,-0.158,-0.754,0.534,0.505,-0.09,0.455,0.0,0.0,0.0,0.0,0.89,3.18,0.01,0.0,0.97,0.0,0.0,0.26,0.0,0.69,0.06,0.74,0.0,0.0,0.0,0.0,0.0,1.0,1.0,0.0,0.0,1.0,0.0,0.0,0.0,0.0,0.0,0.0,0.0,0.0,0.0
51,0,2.085,0.98,1,0.09238400000000001,0.238765,-0.966673,-0.095441,0.239292,-0.9662459999999999,-0.002,0.242,681.7,685.1,692.0,698.2,700.2,697.3,690.0,683.8,672.5,676.7,682.3,689.2,696.2,702.3,707.0,702.3,695.3,688.1,681.5,676.0,688.1,690.7,693.5,695.0,694.1,691.5,688.7,687.3,767.8,771.4,777.7,782.9,784.0,780.4,774.1,768.4,761.6,765.8,771.4,778.0,784.1,788.6,791.4,787.4,782.2,776.5,770.5,764.9,772.8,775.0,777.7,779.3,778.8,776.6,773.9,772.3,195.1,188.8,186.6,189.9,196.6,203.6,205.1,201.9,197.6,195.6,194.4,194.0,195.1,197.0,198.9,201.6,202.0,202.1,201.6,200.3,198.7,200.0,199.1,196.5,193.7,192.3,193.2,195.9,212.3,207.0,205.8,209.5,215.9,221.2,222.4,219.1,214.0,212.4,211.7,212.3,214.5,217.2,220.4,222.6,222.9,222.1,220.2,217.7,216.2,217.8,217.3,215.0,212.2,210.6,211.1,213.4,26.5,28.7,33.1,37.0,38.2,36.3,31.7,27.8,20.9,23.4,26.9,31.2,35.6,39.6,42.7,39.5,35.0,30.4,26.3,23.0,30.6,32.2,34.0,34.9,34.4,32.8,31.0,30.1,89.2,91.8,96.2,99.9,100.6,98.0,93.6,89.6,85.1,87.8,91.5,96.1,100.6,104.2,106.7,103.4,99.4,95.1,90.9,87.2,92.8,94.4,96.3,97.4,97.1,95.5,93.6,92.5,-104.8,-109.0,-110.4,-108.1,-103.6,-99.1,-98.1,-100.3,-104.3,-105.0,-105.3,-105.2,-104.5,-103.4,-102.5,-100.5,-100.0,-99.9,-100.5,-101.9,-102.6,-101.6,-102.2,-103.9,-105.8,-106.7,-106.2,-104.4,-103.1,-106.9,-107.8,-105.2,-100.7,-96.9,-96.0,-98.4,-102.2,-103.0,-103.3,-102.9,-101.6,-100.2,-98.4,-96.4,-95.8,-96.1,-97.5,-99.4,-100.5,-99.4,-99.8,-101.4,-103.4,-104.5,-104.1,-102.5,556.3,557.0,557.0,556.1,555.1,554.6,554.5,555.3,562.1,558.8,556.2,554.4,554.3,555.4,556.9,555.0,553.6,553.8,555.5,558.5,556.3,556.0,556.0,556.3,556.7,557.0,557.1,556.8,610.6,611.1,611.5,611.6,611.4,611.0,610.6,610.7,612.4,610.8,609.5,609.3,611.0,613.7,616.8,613.9,611.4,609.9,609.7,611.0,611.6,611.6,611.8,612.0,612.1,612.0,611.8,611.7,54.9,-68.1,612.3,0.146,-0.051,0.22699999999999998,626.3,620.6,616.1,613.4,616.4,627.0,643.0,664.7,690.3,715.0,736.5,756.1,773.6,787.5,797.6,807.5,815.2,648.3,663.5,684.4,705.0,723.4,760.8,778.9,795.2,809.5,815.3,738.0,735.4,732.7,729.7,701.2,711.5,722.3,733.8,743.8,670.9,683.7,696.0,705.9,694.3,682.4,759.4,771.9,783.8,791.9,782.6,771.2,667.5,687.0,703.8,714.9,728.0,740.3,750.4,736.4,722.2,708.5,696.2,681.1,673.7,701.3,713.0,726.0,745.3,724.1,710.9,698.9,185.6,216.4,247.0,276.0,303.4,327.3,346.3,362.3,371.9,375.8,369.8,357.0,337.9,313.0,285.6,256.8,227.5,176.7,162.9,160.3,165.7,175.0,182.2,179.3,181.7,189.8,205.0,201.4,220.0,238.6,257.8,262.9,269.8,276.2,275.2,273.5,196.3,193.5,195.7,202.7,202.9,200.9,214.0,211.1,213.9,220.9,221.8,219.1,293.0,290.8,292.7,298.2,298.8,304.7,312.6,322.0,323.8,321.7,317.6,308.5,295.0,299.8,304.0,305.9,312.5,312.0,310.2,306.2,-10.1,-14.3,-17.6,-19.7,-17.3,-9.5,2.2,17.3,35.1,53.3,70.7,87.0,101.2,112.0,119.2,126.4,132.7,5.9,16.5,31.0,45.1,57.4,84.0,97.5,110.0,121.4,126.9,67.7,65.1,62.6,59.9,41.8,48.6,55.8,64.0,71.3,21.6,30.5,39.1,46.1,37.9,29.5,84.2,93.3,102.0,108.3,101.1,92.7,19.2,32.3,43.6,51.2,60.4,69.8,78.1,66.8,56.1,46.5,38.2,28.2,23.4,41.9,49.9,59.1,74.1,57.7,48.4,40.2,-128.5,-105.8,-83.5,-62.2,-41.7,-23.8,-9.8,1.6,8.3,11.2,7.2,-2.3,-16.7,-35.7,-56.3,-77.9,-100.4,-130.2,-138.8,-139.6,-134.8,-127.4,-123.7,-126.7,-126.4,-121.9,-112.2,-109.5,-95.6,-81.9,-68.3,-66.3,-61.3,-56.8,-57.8,-59.4,-114.4,-116.2,-114.8,-110.0,-109.5,-110.7,-103.0,-105.3,-103.6,-99.1,-97.9,-99.6,-46.8,-47.7,-46.0,-42.2,-42.0,-38.5,-33.5,-26.4,-24.7,-26.0,-28.8,-35.3,-45.2,-41.1,-38.3,-37.2,-33.5,-33.0,-34.0,-36.7,644.7,644.6,646.6,647.6,643.7,636.9,624.5,611.7,610.7,621.4,640.8,655.8,663.1,664.5,662.1,660.4,662.8,621.7,616.1,611.5,607.0,602.6,608.6,613.8,620.2,626.7,633.6,604.3,597.5,590.7,584.4,597.7,594.7,592.9,597.0,601.2,611.6,610.5,611.2,611.5,609.7,608.9,617.4,619.1,620.7,623.7,620.0,618.4,611.0,602.2,598.1,597.9,600.6,608.4,619.2,606.2,597.7,594.5,594.8,600.3,608.9,598.3,598.2,601.0,616.1,600.4,597.5,598.1,1.42,0.065,-0.14300000000000002,0.237,718.569,262.30400000000003,-29.471999999999998,-0.386,-6.644,3.565,-8.048,13.968,-8.152000000000001,-5.274,0.33899999999999997,1.526,-10.548,-5.579,6.647,4.011,-1.34,4.444,-0.326,-1.745,-9.62,-0.79,3.812,-0.8370000000000001,2.293,-1.067,1.419,0.107,0.095,-1.003,-0.17800000000000002,-0.7070000000000001,0.518,0.465,-0.087,0.466,0.0,0.0,0.0,0.0,0.9,3.14,0.0,0.0,0.97,0.0,0.0,0.26,0.0,0.71,0.02,0.62,0.0,0.0,0.0,0.0,0.0,1.0,1.0,0.0,0.0,1.0,0.0,0.0,0.0,0.0,0.0,0.0,0.0,0.0,0.0
52,0,2.127,0.98,1,0.091259,0.228287,-0.9693069999999999,-0.096603,0.23598200000000003,-0.966944,-0.003,0.235,681.7,685.2,692.2,698.6,700.6,697.5,690.1,683.7,672.7,677.0,682.6,689.4,696.4,702.6,707.3,702.4,695.4,688.1,681.6,676.2,688.2,690.8,693.7,695.2,694.4,691.7,688.8,687.3,768.1,771.7,777.9,783.2,784.4,780.8,774.5,768.7,761.9,766.1,771.6,778.2,784.3,788.9,791.8,787.8,782.6,776.8,770.8,765.2,773.1,775.4,778.1,779.6,779.1,776.8,774.1,772.6,194.4,188.2,186.0,189.1,195.7,202.6,204.2,201.0,197.5,195.2,193.7,193.1,194.1,196.2,198.3,200.8,201.0,201.1,200.8,199.8,198.0,199.4,198.5,195.9,193.1,191.8,192.7,195.3,211.6,206.3,205.1,208.7,215.1,220.4,221.6,218.4,213.4,211.7,210.9,211.5,213.7,216.4,219.7,221.8,222.2,221.3,219.4,217.1,215.5,217.1,216.6,214.2,211.5,209.9,210.4,212.8,26.3,28.6,33.0,37.0,38.1,36.1,31.4,27.5,20.8,23.4,26.8,31.0,35.4,39.4,42.4,39.2,34.7,30.1,26.1,22.9,30.4,32.0,33.8,34.8,34.3,32.7,30.8,29.9,89.4,92.0,96.4,100.1,100.9,98.3,93.8,89.8,85.3,88.0,91.7,96.2,100.8,104.4,107.0,103.6,99.6,95.3,91.1,87.4,93.0,94.6,96.5,97.6,97.3,95.7,93.8,92.7,-104.4,-108.6,-110.0,-107.8,-103.3,-98.8,-97.8,-99.9,-103.4,-104.3,-104.8,-104.9,-104.2,-103.0,-101.9,-100.0,-99.6,-99.6,-100.1,-101.2,-102.0,-101.1,-101.7,-103.4,-105.3,-106.2,-105.7,-103.9,-103.6,-107.4,-108.3,-105.8,-101.3,-97.4,-96.5,-98.8,-102.6,-103.5,-103.9,-103.5,-102.2,-100.7,-98.9,-96.9,-96.3,-96.6,-97.9,-99.8,-101.0,-99.9,-100.3,-101.9,-103.9,-105.0,-104.6,-102.9,551.7,553.0,553.1,551.9,550.2,549.1,548.9,550.0,556.8,553.8,551.4,549.7,549.5,550.3,551.6,549.5,548.1,548.3,550.1,553.1,551.3,550.9,550.9,551.4,552.1,552.6,552.6,552.1,610.7,611.3,611.7,611.7,611.3,610.7,610.3,610.5,612.5,610.9,609.6,609.4,610.9,613.5,616.5,613.6,611.0,609.6,609.5,610.9,611.5,611.5,611.7,611.9,612.1,612.1,611.9,611.7,55.3,-68.8,614.0,0.14400000000000002,-0.049,0.22699999999999998,626.6,620.9,616.5,613.7,616.6,627.1,643.4,665.2,691.0,715.8,737.2,756.7,774.1,787.9,797.9,807.8,815.4,648.9,664.1,684.9,705.3,723.7,760.8,779.0,795.3,809.6,815.5,738.2,735.5,732.8,729.7,701.4,711.7,722.4,734.0,744.0,671.1,683.9,696.2,706.0,694.5,682.6,759.7,772.2,784.1,792.2,782.9,771.5,667.7,687.1,703.9,715.0,728.2,740.6,750.9,736.8,722.5,708.8,696.5,681.4,673.8,701.5,713.1,726.2,745.7,724.4,711.1,699.1,185.2,215.9,246.4,275.3,302.4,326.1,344.8,360.5,370.1,374.2,368.8,356.3,337.4,312.6,285.1,256.2,226.8,176.3,162.7,160.2,165.6,174.6,181.6,178.8,181.2,189.2,204.4,200.6,219.3,237.9,257.1,262.2,269.1,275.4,274.4,272.7,195.7,192.8,195.0,202.0,202.2,200.2,213.3,210.3,213.1,220.2,221.1,218.3,291.9,289.8,291.9,297.3,297.9,303.8,311.6,320.6,322.3,320.1,316.0,307.1,293.9,298.8,303.0,304.9,311.5,310.7,308.9,304.9,-9.9,-14.1,-17.4,-19.5,-17.2,-9.4,2.4,17.7,35.6,53.9,71.3,87.7,101.9,112.7,119.8,127.0,133.2,6.3,17.0,31.5,45.5,57.8,84.3,97.8,110.3,121.7,127.3,68.0,65.4,62.8,60.1,42.1,48.9,56.0,64.3,71.7,21.8,30.8,39.3,46.3,38.1,29.7,84.7,93.8,102.4,108.7,101.5,93.2,19.4,32.6,43.8,51.4,60.7,70.1,78.7,67.2,56.5,46.9,38.5,28.5,23.6,42.1,50.1,59.4,74.6,58.1,48.7,40.5,-129.2,-106.5,-84.2,-62.9,-42.5,-24.8,-10.9,0.4,7.1,10.1,6.4,-2.8,-17.2,-36.1,-56.8,-78.5,-101.1,-130.9,-139.4,-140.1,-135.3,-128.1,-124.4,-127.5,-127.1,-122.6,-112.9,-110.4,-96.4,-82.7,-68.9,-67.0,-62.0,-57.5,-58.5,-60.1,-115.2,-117.1,-115.6,-110.8,-110.3,-111.5,-103.8,-106.2,-104.5,-99.9,-98.7,-100.4,-47.7,-48.4,-46.7,-43.0,-42.7,-39.2,-34.3,-27.4,-25.8,-27.2,-30.0,-36.4,-46.1,-42.0,-39.1,-38.0,-34.2,-33.9,-35.0,-37.8,646.7,646.4,648.4,649.4,645.4,638.6,626.0,612.9,611.8,622.6,642.3,657.5,665.0,666.5,664.0,662.2,664.6,623.6,618.1,613.6,609.1,604.5,610.4,615.5,621.7,628.1,634.8,606.1,599.3,592.5,586.3,599.5,596.5,594.6,598.6,602.8,613.5,612.5,613.1,613.4,611.5,610.8,619.0,620.7,622.3,625.1,621.6,620.0,612.9,604.1,600.0,599.7,602.4,610.2,620.9,607.7,599.2,596.1,596.4,602.0,610.8,600.0,599.9,602.6,617.8,602.0,599.1,599.8,1.416,0.062,-0.141,0.237,718.8489999999999,261.448,-28.948,-1.2570000000000001,-6.971,2.2359999999999998,-8.167,14.936,-8.142000000000001,-5.245,0.254,1.926,-10.167,-5.736000000000001,6.792000000000001,3.9619999999999997,-1.735,4.875,-0.033,-1.4880000000000002,-9.78,-0.645,3.903,-0.309,2.279,-0.9590000000000001,1.406,-0.055,-0.067,-0.9440000000000001,-0.196,-0.762,0.5479999999999999,0.512,-0.092,0.48700000000000004,0.0,0.0,0.0,0.0,0.86,3.07,0.0,0.0,0.98,0.0,0.0,0.3,0.0,0.73,0.0,0.54,0.02,0.0,0.0,0.0,0.0,1.0,1.0,0.0,0.0,1.0,0.0,0.0,0.0,0.0,0.0,0.0,0.0,0.0,0.0
53,0,2.169,0.98,1,0.101605,0.25351599999999996,-0.96198,-0.097728,0.268412,-0.958334,0.002,0.265,681.3,684.6,691.5,697.9,700.1,697.2,689.9,683.5,672.1,675.8,681.5,688.9,696.4,701.9,705.5,701.0,694.7,687.7,681.4,675.9,687.7,690.4,693.2,694.6,693.7,691.0,688.2,686.8,766.3,770.3,776.9,782.2,783.0,778.9,772.3,766.6,760.2,764.3,769.8,776.7,783.0,787.7,790.5,786.2,780.8,774.9,768.8,763.4,771.3,773.6,776.5,778.2,777.9,775.6,772.7,771.0,194.5,188.7,186.7,189.8,196.0,202.1,203.8,200.8,194.5,193.5,193.7,193.8,194.4,195.8,198.1,200.8,202.4,202.7,201.2,198.3,197.0,198.2,197.4,195.0,192.5,191.2,192.0,194.4,211.5,206.2,205.3,209.3,215.8,221.0,222.0,218.2,212.4,210.9,210.6,211.7,213.9,216.0,218.7,221.1,221.9,221.3,219.1,216.2,215.3,217.0,216.6,214.3,211.5,209.8,210.2,212.4,26.1,28.1,32.4,36.5,38.1,36.4,31.8,27.6,20.5,22.7,26.2,30.8,35.6,39.2,41.7,38.8,34.7,30.3,26.3,22.9,30.3,32.0,33.8,34.6,34.0,32.3,30.5,29.7,86.2,88.9,93.4,97.1,97.8,95.2,90.7,86.6,82.4,84.9,88.5,93.1,97.6,101.4,103.8,100.5,96.5,92.2,88.0,84.5,89.9,91.5,93.5,94.6,94.3,92.7,90.8,89.6,-104.7,-108.0,-109.1,-107.4,-103.8,-100.4,-99.4,-101.1,-105.7,-105.6,-105.0,-104.7,-104.4,-103.9,-103.0,-101.2,-99.9,-99.7,-100.9,-103.0,-103.5,-102.7,-103.2,-104.6,-106.0,-106.8,-106.3,-104.9,-101.4,-104.9,-105.5,-102.9,-98.6,-95.2,-94.6,-97.1,-101.2,-101.9,-101.8,-101.0,-99.8,-98.8,-97.5,-95.5,-94.7,-94.8,-96.3,-98.5,-99.1,-98.0,-98.2,-99.7,-101.6,-102.7,-102.5,-101.0,553.6,551.7,551.0,552.0,554.0,556.4,556.7,555.7,558.7,555.3,552.6,551.0,551.8,553.9,556.6,556.0,554.9,554.9,555.9,557.4,555.3,555.8,555.5,554.7,553.8,553.4,553.7,554.5,597.6,596.8,596.7,597.4,598.5,599.3,599.4,599.0,599.9,597.8,596.2,595.8,597.5,600.4,603.8,601.7,599.6,598.2,598.0,599.0,599.2,599.5,599.4,599.1,598.6,598.3,598.3,598.7,54.9,-69.8,615.4,0.13699999999999998,-0.044000000000000004,0.225,625.9,620.3,615.9,613.2,616.5,627.3,643.7,665.4,690.9,715.6,737.1,756.9,774.3,788.0,797.8,807.5,815.0,648.1,663.4,684.0,704.5,722.8,759.7,777.9,794.2,808.6,814.4,737.1,734.5,731.9,728.9,700.8,711.0,721.7,733.1,743.1,670.6,683.3,695.5,705.3,693.8,681.9,758.1,770.6,782.4,790.7,781.3,769.8,667.1,686.6,703.4,714.3,727.5,739.9,750.5,736.2,722.0,708.4,696.2,680.9,673.1,701.0,712.5,725.5,745.4,723.9,710.7,698.8,184.4,215.1,245.7,274.6,301.4,324.8,343.1,358.5,368.1,372.3,367.2,355.1,336.4,311.7,284.2,255.4,226.2,175.4,161.7,159.1,164.4,173.6,180.6,177.8,180.3,188.7,204.0,200.1,218.2,236.3,255.1,261.0,267.6,273.8,273.0,271.4,195.2,192.5,194.8,201.8,201.9,199.9,213.0,210.0,212.8,219.8,220.7,218.0,290.3,288.5,290.5,295.9,296.5,302.4,310.0,318.9,320.5,318.3,314.3,305.4,292.3,297.5,301.6,303.5,309.9,308.9,307.1,303.2,-10.5,-14.6,-18.0,-20.0,-17.4,-9.3,2.7,17.9,35.7,53.9,71.4,88.0,102.2,112.9,120.1,127.1,133.4,5.8,16.6,31.0,45.0,57.4,83.7,97.2,109.9,121.5,127.0,67.5,64.9,62.4,59.7,41.8,48.5,55.6,63.9,71.2,21.5,30.4,39.0,46.0,37.8,29.3,83.8,92.9,101.6,108.0,100.7,92.3,19.0,32.2,43.5,51.1,60.3,69.8,78.6,66.9,56.2,46.6,38.3,28.2,23.2,41.9,49.8,59.0,74.6,57.8,48.5,40.4,-130.5,-107.6,-85.1,-63.6,-43.3,-25.8,-12.1,-1.0,5.7,8.8,5.3,-3.7,-17.9,-36.8,-57.6,-79.4,-102.0,-132.1,-140.7,-141.4,-136.6,-129.2,-125.4,-128.5,-128.1,-123.4,-113.6,-111.2,-97.4,-84.0,-70.4,-68.1,-63.1,-58.7,-59.7,-61.2,-116.0,-117.7,-116.2,-111.3,-110.9,-112.1,-104.3,-106.7,-105.0,-100.4,-99.2,-100.9,-49.0,-49.5,-47.7,-44.0,-43.8,-40.2,-35.6,-28.6,-27.1,-28.4,-31.2,-37.7,-47.4,-43.0,-40.1,-39.0,-35.5,-35.2,-36.3,-39.0,650.4,649.8,651.3,652.0,647.7,640.7,627.8,614.6,613.4,624.0,643.5,658.6,666.0,667.7,665.6,664.2,667.1,626.4,620.8,616.1,611.2,606.4,611.6,617.0,623.7,630.4,637.3,608.1,601.1,594.1,587.6,601.2,598.1,596.1,600.2,604.3,616.0,614.8,615.3,615.7,613.8,613.0,620.9,622.5,624.1,627.0,623.3,621.8,614.8,605.6,601.2,600.8,603.4,611.2,622.4,608.6,599.9,596.9,597.3,603.4,612.7,601.3,601.2,603.8,619.3,602.8,599.9,600.8,1.412,0.053,-0.134,0.23399999999999999,718.21,260.33,-25.673000000000002,-0.368,-6.563,1.8019999999999998,-7.696000000000001,14.048,-8.434,-5.21,-0.84,2.279,-11.457,-5.659,5.657,3.6689999999999996,-1.966,5.336,-0.08800000000000001,-2.275,-9.978,-1.295,3.699,-0.8140000000000001,2.0180000000000002,-0.425,1.32,0.325,-0.198,-1.107,-0.155,-0.33,0.166,0.19699999999999998,-0.139,0.431,0.0,0.0,0.0,0.0,0.78,2.82,0.0,0.0,1.06,0.0,0.0,0.22,0.08,0.62,0.03,0.47,0.49,0.0,0.0,0.0,0.0,1.0,1.0,0.0,0.0,1.0,0.0,0.0,0.0,0.0,0.0,0.0,0.0,0.0,0.0
54,0,2.211,0.98,1,0.155831,0.368735,-0.916379,-0.16106700000000002,0.361721,-0.9182680000000001,-0.003,0.379,681.6,684.8,691.1,696.8,698.5,695.6,689.1,683.4,670.6,675.4,681.4,688.2,694.5,698.9,701.6,697.9,692.6,686.4,680.3,674.8,686.9,689.3,692.0,693.3,692.6,690.2,687.5,686.2,761.0,764.8,771.2,776.3,777.3,773.5,767.1,761.5,756.6,760.5,765.4,771.5,777.4,781.9,785.2,781.0,776.0,770.6,764.7,759.6,766.0,768.3,771.1,772.8,772.4,770.1,767.3,765.6,197.9,191.8,189.6,192.6,199.1,205.7,207.5,204.4,197.1,195.3,194.7,194.6,195.8,197.9,200.9,202.7,203.2,203.0,201.8,199.8,200.8,202.1,201.2,198.6,195.9,194.6,195.5,198.1,213.7,208.3,207.3,211.1,217.6,222.9,224.0,220.5,211.5,210.8,211.2,212.8,215.3,217.6,220.6,221.5,221.2,220.1,217.8,215.1,217.7,219.4,218.9,216.5,213.6,211.9,212.4,214.8,28.9,31.1,35.5,39.6,40.9,38.9,34.2,30.2,21.3,24.6,28.7,33.4,37.8,41.1,43.2,40.4,36.6,32.2,28.0,24.2,32.7,34.4,36.3,37.2,36.7,35.0,33.1,32.2,89.8,92.6,97.3,101.1,101.8,99.0,94.3,90.2,86.7,89.3,92.7,97.2,101.7,105.4,108.3,104.8,100.8,96.6,92.2,88.7,93.6,95.3,97.4,98.6,98.3,96.6,94.5,93.3,-112.6,-116.8,-118.5,-116.7,-112.4,-107.9,-106.4,-108.3,-113.7,-114.5,-114.6,-114.6,-114.1,-113.1,-111.4,-109.8,-109.1,-109.0,-109.9,-111.5,-111.0,-110.2,-110.9,-112.7,-114.5,-115.3,-114.6,-112.8,-108.6,-112.5,-113.3,-110.4,-105.6,-101.7,-100.9,-103.6,-110.4,-110.6,-110.0,-108.8,-107.1,-105.8,-104.0,-103.0,-102.8,-103.4,-105.2,-107.4,-105.7,-104.5,-104.8,-106.6,-108.7,-110.0,-109.6,-107.9,607.7,607.6,608.6,610.1,611.3,611.8,610.4,608.9,610.8,608.5,606.8,606.5,608.1,610.4,612.9,610.9,608.6,607.5,607.8,609.1,610.0,610.7,611.1,611.1,610.6,609.9,609.5,609.5,649.3,649.0,648.8,648.7,648.8,649.0,649.3,649.7,650.7,648.8,647.2,646.6,647.8,649.8,652.8,650.2,648.1,646.8,647.0,648.8,650.1,650.0,649.9,649.8,649.8,649.8,649.9,650.0,54.5,-71.6,623.7,0.132,-0.035,0.221,624.7,619.0,614.4,611.5,615.2,626.8,643.6,665.6,691.1,715.9,737.5,757.2,774.5,787.8,797.0,805.9,813.0,648.4,663.1,683.1,703.1,721.2,757.8,775.8,791.8,805.4,810.4,734.6,732.2,729.8,727.2,699.2,709.4,719.9,731.3,741.2,669.8,681.9,693.4,703.0,692.0,680.8,754.5,766.1,777.4,785.6,776.4,765.5,665.5,685.0,701.6,712.7,725.8,738.4,748.9,734.6,720.3,706.8,694.7,679.5,671.3,699.4,711.0,723.9,743.8,722.1,709.1,697.2,183.4,213.7,244.2,273.2,299.9,323.2,341.2,356.6,366.2,370.2,365.2,353.4,335.3,311.0,283.7,255.1,226.3,174.7,161.0,157.5,162.1,170.8,177.6,175.5,178.9,188.1,203.7,200.3,217.6,234.8,252.7,259.7,266.0,272.0,271.2,269.7,196.8,194.4,196.4,202.4,202.8,201.0,213.1,211.0,213.7,220.2,220.7,218.1,288.9,286.8,288.8,294.0,294.8,300.5,308.3,316.9,318.2,316.1,312.1,303.5,290.8,295.7,299.8,301.5,308.1,307.2,305.4,301.7,-11.5,-15.8,-19.4,-21.6,-18.6,-9.8,2.6,18.2,36.3,54.8,72.5,89.1,103.3,113.8,120.4,127.0,133.1,6.1,16.6,30.8,44.7,57.1,83.4,97.1,109.7,120.9,125.9,66.7,64.3,62.0,59.6,41.4,48.2,55.3,63.6,70.9,21.3,29.8,38.1,44.9,36.9,28.9,82.3,90.9,99.2,105.6,98.4,90.4,18.2,31.6,43.0,50.6,60.0,69.7,78.6,66.7,55.8,46.2,37.9,27.6,22.3,41.4,49.5,58.7,74.6,57.4,48.1,39.8,-133.4,-110.4,-87.6,-65.7,-45.2,-27.3,-13.6,-2.4,4.4,7.3,3.8,-5.0,-19.0,-37.7,-58.5,-80.3,-102.8,-134.4,-143.2,-144.6,-140.2,-133.0,-129.1,-132.0,-130.9,-125.6,-115.5,-112.6,-99.4,-86.4,-73.3,-70.0,-65.3,-60.9,-61.8,-63.3,-116.3,-117.8,-116.5,-112.3,-111.7,-112.8,-105.6,-107.4,-105.6,-101.4,-100.5,-102.1,-50.6,-51.4,-49.7,-45.9,-45.6,-42.2,-37.4,-30.4,-29.1,-30.4,-33.2,-39.5,-49.1,-44.8,-42.0,-40.9,-37.3,-36.9,-37.9,-40.6,660.9,660.7,662.2,662.6,657.0,649.0,635.5,622.0,621.2,631.6,650.9,665.3,671.9,673.3,671.1,669.9,673.1,634.3,629.5,624.8,620.0,615.2,619.4,625.7,632.5,639.4,646.4,616.9,610.3,603.8,597.9,610.8,607.9,605.6,609.3,613.1,623.5,622.4,623.1,623.7,621.5,620.7,628.9,630.6,632.0,634.8,631.2,629.7,623.6,614.3,610.0,609.5,611.9,619.8,631.9,617.3,608.2,605.1,605.6,612.0,621.7,609.9,609.7,612.2,628.6,611.3,608.4,609.3,1.393,0.045,-0.12,0.22899999999999998,716.5310000000001,259.194,-28.873,4.716,-7.196000000000001,-2.4330000000000003,-7.7860000000000005,12.26,-7.132000000000001,-3.707,-2.889,4.453,-16.949,-5.6160000000000005,3.67,2.767,-0.9390000000000001,7.682,-2.0380000000000003,-4.418,-10.992,-2.465,2.806,-0.354,2.9619999999999997,-0.45799999999999996,-0.43799999999999994,-0.267,-0.41100000000000003,-1.494,0.022000000000000002,-0.461,0.07400000000000001,0.182,-0.134,0.374,0.0,0.0,0.0,0.0,0.7,2.6,0.0,0.0,1.14,0.0,0.0,0.13,0.22,0.42,0.12,0.48,0.99,0.0,0.0,0.0,0.0,1.0,1.0,0.0,0.0,1.0,0.0,0.0,0.0,0.0,0.0,0.0,0.0,0.0,1.0
55,0,2.252,0.98,1,0.13558499999999998,0.36950700000000003,-0.919283,-0.185226,0.378269,-0.906975,-0.027000000000000003,0.389,679.0,682.4,688.7,694.2,695.7,692.6,686.1,680.5,667.3,672.5,678.9,686.0,692.3,696.6,699.3,695.6,690.3,684.0,677.7,671.9,684.1,686.4,689.1,690.5,689.9,687.6,684.9,683.5,758.1,761.9,768.3,773.6,774.7,770.9,764.5,758.8,754.1,757.7,762.5,768.6,774.7,779.7,783.6,778.9,773.6,767.8,761.8,756.9,763.4,765.7,768.6,770.3,769.8,767.4,764.6,762.9,195.5,189.5,187.3,190.2,196.4,202.7,204.6,201.7,194.0,192.9,192.7,192.8,193.7,195.2,197.4,199.6,200.5,200.5,199.3,197.2,198.1,199.3,198.3,195.8,193.2,191.9,192.9,195.4,211.7,206.3,205.2,209.1,215.7,221.2,222.2,218.6,209.3,208.8,209.4,211.0,213.4,215.5,218.2,219.3,219.2,218.2,215.9,213.0,215.6,217.4,216.9,214.5,211.6,209.8,210.3,212.7,26.6,28.9,33.2,37.1,38.3,36.2,31.6,27.7,18.7,22.2,26.5,31.3,35.7,38.8,40.9,38.2,34.4,30.0,25.7,21.8,30.2,31.9,33.7,34.7,34.2,32.5,30.7,29.7,85.9,88.5,93.0,96.8,97.7,95.1,90.6,86.5,83.2,85.5,88.7,93.0,97.5,101.4,104.7,101.0,96.8,92.5,88.3,85.0,89.8,91.5,93.5,94.7,94.3,92.6,90.6,89.5,-112.2,-116.2,-117.8,-116.3,-112.3,-108.2,-106.6,-108.3,-113.8,-114.0,-113.9,-113.8,-113.5,-113.0,-112.1,-110.2,-109.1,-108.9,-109.7,-111.3,-110.9,-110.3,-111.0,-112.7,-114.3,-115.0,-114.3,-112.6,-107.9,-111.6,-112.2,-109.3,-104.6,-100.9,-100.2,-103.0,-109.9,-109.9,-109.1,-107.8,-106.2,-104.9,-103.4,-102.3,-102.1,-102.7,-104.4,-106.9,-105.1,-103.8,-104.1,-105.8,-107.9,-109.2,-108.9,-107.2,596.8,596.1,597.0,598.9,600.7,601.8,600.4,598.5,599.8,597.3,595.6,595.5,597.3,600.0,603.0,601.0,598.6,597.3,597.3,598.3,599.4,600.2,600.6,600.3,599.6,598.8,598.4,598.7,636.5,635.4,634.4,634.1,634.6,635.6,636.6,637.3,638.1,635.7,633.7,632.7,633.4,635.3,638.1,636.0,634.4,633.5,634.1,636.2,637.0,636.9,636.4,636.0,635.8,635.9,636.3,636.8,52.1,-71.8,618.0,0.135,-0.02,0.21899999999999997,622.6,616.8,612.3,609.8,613.8,625.3,641.4,662.6,687.8,712.8,735.0,755.3,772.9,786.5,795.9,804.9,812.0,645.8,660.5,680.4,700.3,718.2,755.0,773.2,789.3,803.1,808.3,732.0,729.6,727.1,724.4,696.5,706.7,717.1,728.6,738.6,667.2,679.3,690.8,700.6,689.5,678.2,751.9,763.7,774.9,783.3,773.9,763.0,662.7,682.0,699.0,710.1,723.3,736.2,746.4,731.6,716.8,703.2,690.9,675.7,668.6,696.6,708.2,721.2,741.2,719.1,705.9,693.9,181.6,212.2,243.1,272.5,299.7,323.8,342.8,358.8,368.4,371.6,365.3,352.3,333.5,309.0,281.8,253.4,225.0,172.5,159.1,155.5,160.1,168.8,175.9,174.1,177.7,187.0,202.4,198.0,215.2,232.3,250.3,257.7,263.9,269.9,269.1,267.6,194.3,192.1,194.0,199.9,200.2,198.4,210.8,209.0,211.9,218.2,218.5,215.8,288.1,285.0,286.6,291.9,292.6,298.8,307.3,317.4,319.4,317.3,313.3,304.1,290.0,294.2,298.2,300.0,307.2,307.2,305.5,301.7,-13.1,-17.4,-20.8,-22.8,-19.6,-10.8,1.0,16.0,33.7,52.2,70.1,86.8,101.0,111.4,118.2,124.8,130.7,4.2,14.7,28.6,42.3,54.5,80.6,94.3,106.9,118.0,123.1,64.2,61.8,59.5,57.1,39.1,45.9,52.9,61.1,68.4,19.2,27.7,35.9,42.8,34.8,26.9,79.7,88.3,96.5,102.9,95.6,87.7,16.1,29.2,40.7,48.3,57.6,67.4,76.0,64.1,53.0,43.4,35.0,24.8,20.1,39.1,47.1,56.3,72.0,54.7,45.4,37.2,-133.9,-111.0,-88.0,-65.9,-45.0,-26.7,-12.4,-0.9,5.9,8.3,3.9,-5.8,-20.1,-38.8,-59.3,-80.6,-102.6,-134.8,-143.3,-144.7,-140.3,-133.2,-129.0,-131.6,-130.5,-125.1,-115.2,-113.1,-99.9,-87.1,-74.1,-70.8,-66.1,-61.8,-62.7,-64.1,-117.1,-118.4,-117.2,-113.1,-112.5,-113.7,-106.3,-107.8,-105.9,-101.8,-101.0,-102.8,-50.8,-52.1,-50.7,-46.9,-46.6,-42.9,-37.7,-29.8,-28.0,-29.3,-32.1,-38.8,-49.3,-45.4,-42.6,-41.6,-37.6,-36.6,-37.6,-40.2,656.6,656.9,658.8,659.1,653.0,644.9,631.6,618.3,617.5,627.3,645.5,658.9,664.6,665.6,663.3,662.2,665.3,629.3,624.2,619.2,614.2,609.4,613.3,619.6,626.4,633.1,639.9,610.7,604.0,597.4,591.2,605.0,601.8,599.5,603.0,606.8,618.4,617.2,617.7,618.1,616.1,615.5,623.0,624.5,625.7,628.4,624.9,623.6,618.6,608.5,603.8,603.2,605.4,613.1,625.4,611.7,603.2,600.2,600.8,607.1,616.7,604.3,604.0,606.4,622.4,605.8,603.1,604.0,1.406,0.046,-0.098,0.226,713.993,257.95,-30.385,8.061,-3.963,1.2229999999999999,-8.697000000000001,9.63,-5.4910000000000005,-4.058,-1.72,2.546,-15.857999999999999,-5.307,3.824,2.426,-0.498,6.4510000000000005,-2.371,-4.202,-9.741,-3.637,2.753,-1.319,3.1489999999999996,-0.457,-1.073,-0.165,-0.124,-1.2109999999999999,-0.10400000000000001,-0.428,0.16899999999999998,0.141,-0.128,0.392,0.0,0.0,0.0,0.0,0.72,2.59,0.05,0.0,1.19,0.0,0.0,0.03,0.35,0.16,0.23,0.5,1.43,0.0,0.0,0.0,0.0,1.0,1.0,0.0,0.0,1.0,0.0,0.0,0.0,0.0,0.0,0.0,0.0,0.0,1.0
56,0,2.294,0.98,1,0.10673099999999999,0.362377,-0.9259,-0.18765,0.37817,-0.906518,-0.044000000000000004,0.384,675.7,679.2,685.7,691.4,692.9,689.5,682.8,677.2,664.1,669.5,676.0,683.3,689.8,694.1,696.7,692.9,687.6,681.1,674.7,668.7,681.0,683.3,686.0,687.5,686.9,684.5,681.8,680.3,756.6,760.4,766.9,772.3,773.4,769.6,763.1,757.3,752.2,756.0,760.9,767.2,773.4,778.5,782.5,777.8,772.3,766.4,760.3,755.2,762.0,764.4,767.2,768.9,768.4,766.0,763.1,761.5,193.1,187.0,184.8,187.8,194.2,200.6,202.4,199.4,191.5,190.5,190.4,190.5,191.5,193.1,195.4,197.5,198.3,198.2,196.9,194.7,195.7,196.9,196.0,193.5,190.8,189.6,190.5,193.0,209.8,204.3,203.2,207.1,213.8,219.3,220.4,216.7,207.6,207.0,207.5,209.0,211.3,213.4,216.0,217.1,217.0,216.0,213.8,211.1,213.7,215.4,215.0,212.5,209.6,207.8,208.3,210.8,23.8,26.2,30.5,34.4,35.5,33.3,28.7,24.9,16.2,19.7,24.0,28.9,33.3,36.3,38.3,35.6,31.9,27.5,23.2,19.2,27.5,29.1,30.9,31.9,31.4,29.8,28.0,27.0,83.5,86.1,90.6,94.5,95.4,92.8,88.3,84.2,80.6,83.0,86.3,90.6,95.2,99.1,102.4,98.7,94.5,90.2,85.9,82.6,87.5,89.2,91.2,92.3,91.9,90.2,88.2,87.1,-111.4,-115.3,-116.9,-115.3,-111.4,-107.3,-105.8,-107.5,-113.0,-113.2,-113.0,-112.9,-112.6,-112.0,-111.1,-109.3,-108.3,-108.1,-108.9,-110.6,-110.2,-109.5,-110.2,-111.8,-113.4,-114.1,-113.4,-111.8,-107.7,-111.4,-112.0,-109.2,-104.5,-100.7,-100.1,-102.8,-109.5,-109.5,-108.8,-107.6,-106.1,-104.9,-103.5,-102.4,-102.2,-102.7,-104.4,-106.7,-104.9,-103.7,-104.0,-105.6,-107.7,-109.0,-108.7,-107.0,584.0,583.3,584.1,586.0,587.8,589.0,587.7,585.8,587.0,584.4,582.8,582.7,584.6,587.5,590.5,588.4,586.0,584.6,584.6,585.5,586.6,587.4,587.8,587.5,586.7,585.9,585.6,585.9,627.0,626.0,625.1,624.8,625.4,626.5,627.4,628.0,628.8,626.4,624.4,623.4,624.2,626.2,629.0,626.9,625.2,624.2,624.8,626.9,627.7,627.6,627.2,626.7,626.5,626.6,627.0,627.4,50.5,-72.5,614.1,0.133,-0.006999999999999999,0.21600000000000003,621.0,615.2,610.9,608.6,612.6,624.2,640.2,661.1,686.4,711.7,734.2,754.8,772.5,786.0,795.3,804.1,811.0,643.6,658.2,677.8,697.6,715.5,752.9,771.1,787.3,801.3,806.7,729.9,727.4,724.9,722.1,694.2,704.4,715.0,726.6,736.7,664.3,676.4,688.1,698.1,686.8,675.3,750.2,762.2,773.6,782.1,772.5,761.5,660.7,679.7,697.0,708.0,721.0,734.1,744.5,729.3,714.2,700.7,688.5,673.3,666.6,694.5,706.0,718.9,739.1,716.6,703.6,691.7,179.6,210.4,241.6,271.2,298.6,322.9,341.8,357.6,367.0,370.2,363.7,350.6,331.8,307.3,280.2,252.0,223.8,170.9,157.4,153.7,158.1,166.7,174.0,172.5,176.1,185.4,200.7,195.8,213.0,230.1,248.0,255.7,261.8,267.7,267.0,265.5,192.0,189.8,191.7,197.7,198.0,196.2,208.8,206.9,209.9,216.3,216.6,213.8,287.2,283.3,284.4,289.7,290.3,297.0,306.3,316.6,318.6,316.6,312.6,303.3,289.1,292.5,296.4,298.3,306.1,305.8,304.2,300.5,-14.2,-18.5,-21.9,-23.6,-20.4,-11.6,0.1,14.9,32.6,51.1,69.1,85.9,100.0,110.3,116.9,123.4,129.1,2.6,12.9,26.7,40.2,52.3,78.7,92.3,104.8,115.9,121.0,62.4,59.9,57.5,55.1,37.2,44.0,51.0,59.3,66.6,17.1,25.6,33.8,40.8,32.7,24.7,78.0,86.7,94.9,101.4,94.0,86.0,14.5,27.5,39.0,46.5,55.6,65.5,74.1,62.0,50.8,41.3,33.1,23.0,18.6,37.4,45.3,54.3,70.0,52.7,43.5,35.5,-134.9,-112.0,-88.9,-66.7,-45.7,-27.3,-13.1,-1.7,4.9,7.3,2.7,-7.1,-21.3,-39.8,-60.0,-81.1,-102.8,-135.4,-143.9,-145.3,-141.0,-134.0,-129.7,-132.0,-130.9,-125.5,-115.6,-113.9,-100.8,-88.1,-75.1,-71.7,-67.1,-62.8,-63.7,-65.0,-118.2,-119.5,-118.2,-114.0,-113.5,-114.7,-107.0,-108.6,-106.7,-102.6,-101.8,-103.6,-51.2,-53.0,-51.8,-48.1,-47.8,-43.8,-38.1,-30.1,-28.4,-29.6,-32.3,-39.1,-49.7,-46.3,-43.6,-42.5,-38.1,-37.2,-38.2,-40.8,654.6,654.9,657.1,657.3,651.3,642.9,629.5,615.8,614.4,623.8,641.6,654.8,660.4,661.1,658.6,657.6,660.6,626.4,621.4,616.3,611.2,606.3,610.1,616.3,622.7,628.9,635.2,607.0,600.2,593.3,587.0,601.3,598.0,595.4,598.8,602.4,615.6,614.2,614.5,614.5,612.9,612.5,619.3,620.7,621.8,624.4,620.9,619.8,615.3,604.7,599.5,598.7,600.8,608.6,621.0,607.5,599.1,596.3,597.1,603.7,613.3,600.3,599.8,602.0,618.1,601.6,599.1,600.1,1.4140000000000001,0.040999999999999995,-0.081,0.223,712.084,256.28,-28.59,9.538,-3.7230000000000003,2.636,-9.333,7.5889999999999995,-5.567,-3.0810000000000004,-1.147,1.9469999999999998,-14.737,-4.037,5.172999999999999,2.114,-1.3430000000000002,6.595,-1.903,-3.685,-9.105,-3.511,2.575,-1.042,3.536,-0.441,-1.319,-0.16,-0.08,-1.032,-0.265,-0.315,0.235,0.021,-0.139,0.4,0.0,0.0,0.0,0.0,0.76,3.0,0.17,0.0,0.96,0.0,0.0,0.1,0.39,0.05,0.34,0.41,1.24,0.0,0.0,0.0,0.0,1.0,1.0,0.0,0.0,1.0,0.0,0.0,0.0,0.0,0.0,0.0,0.0,0.0,1.0
57,0,2.336,0.98,1,0.083979,0.34830900000000004,-0.93361,-0.147805,0.36739,-0.9182469999999999,-0.034,0.369,673.2,676.8,683.3,688.9,690.4,687.0,680.3,674.7,661.8,667.3,673.9,681.2,687.5,691.9,694.6,690.8,685.4,679.0,672.5,666.5,678.5,680.8,683.5,685.0,684.4,682.1,679.4,677.9,758.1,762.0,768.6,774.1,775.2,771.3,764.7,758.7,752.7,756.7,761.9,768.4,774.8,779.8,783.7,779.1,773.7,767.7,761.4,756.0,763.4,765.8,768.8,770.5,770.0,767.6,764.7,762.9,189.8,183.7,181.7,184.9,191.5,198.0,199.7,196.4,188.1,187.2,187.1,187.5,188.9,190.9,193.3,195.3,195.7,195.2,193.8,191.5,192.8,194.2,193.3,190.8,188.0,186.7,187.5,190.1,207.8,202.1,200.9,204.9,211.7,217.3,218.5,214.9,205.8,205.2,205.5,206.7,208.9,211.0,213.6,214.8,214.8,213.9,211.8,209.3,211.8,213.5,213.0,210.5,207.5,205.8,206.3,208.8,22.1,24.5,28.9,32.7,33.8,31.6,27.0,23.2,14.6,18.2,22.6,27.4,31.7,34.8,36.8,34.1,30.4,26.0,21.7,17.7,25.8,27.4,29.2,30.2,29.8,28.2,26.3,25.3,83.3,86.0,90.6,94.5,95.4,92.7,88.1,83.9,79.7,82.3,85.7,90.2,94.8,98.7,102.0,98.3,94.2,89.8,85.4,81.9,87.2,88.9,91.0,92.2,91.8,90.1,88.0,86.9,-113.5,-117.5,-119.1,-117.2,-113.0,-108.8,-107.5,-109.4,-115.3,-115.4,-115.1,-114.8,-114.2,-113.4,-112.4,-110.6,-109.9,-109.9,-110.9,-112.7,-112.0,-111.2,-111.8,-113.5,-115.2,-116.0,-115.4,-113.7,-107.4,-111.3,-112.1,-109.3,-104.6,-100.7,-99.9,-102.5,-109.1,-109.2,-108.7,-107.6,-106.3,-105.2,-103.9,-102.6,-102.3,-102.7,-104.2,-106.3,-104.8,-103.5,-103.9,-105.6,-107.7,-108.9,-108.5,-106.8,583.6,583.3,584.2,585.8,587.1,587.9,586.6,585.0,586.7,584.2,582.6,582.4,584.2,587.0,589.8,587.6,585.1,583.8,583.8,584.9,586.0,586.7,587.0,586.9,586.3,585.7,585.3,585.4,617.4,616.8,616.4,616.5,617.0,617.6,618.0,618.2,619.2,617.1,615.3,614.6,615.7,617.9,621.0,618.4,616.3,615.2,615.5,617.3,618.4,618.4,618.2,618.0,617.8,617.7,617.9,618.1,49.8,-74.0,612.1,0.11599999999999999,-0.001,0.217,619.9,614.2,610.0,608.0,612.0,623.7,640.6,662.2,688.0,713.4,735.6,755.4,772.6,785.6,794.9,803.8,810.8,642.4,656.9,676.9,696.9,714.6,751.9,770.4,787.3,801.6,807.1,728.8,725.9,723.0,719.8,692.3,702.6,713.3,725.2,735.6,661.9,674.2,686.1,696.2,684.6,672.9,750.8,763.1,774.8,783.3,773.6,762.2,661.4,679.4,695.4,706.6,719.7,732.4,742.3,728.1,713.5,699.7,687.4,673.4,667.4,693.1,704.8,717.8,736.8,715.7,702.5,690.4,178.1,208.9,239.9,269.2,296.1,319.4,337.1,351.6,360.7,364.7,359.8,348.6,330.9,307.0,280.0,251.4,222.9,168.2,154.1,150.7,155.7,164.8,172.1,170.0,173.2,182.3,198.3,193.6,211.0,228.4,246.4,253.1,259.4,265.4,264.9,263.4,188.9,186.5,188.6,195.2,195.3,193.3,206.8,204.6,207.6,214.3,214.7,211.9,286.6,281.4,281.8,287.2,287.9,295.2,305.5,313.9,315.3,313.1,309.0,300.7,288.0,289.9,293.7,295.8,304.8,303.2,301.4,297.6,-15.0,-19.3,-22.5,-24.0,-20.8,-11.9,0.5,15.5,33.5,52.0,69.8,86.2,100.0,110.0,116.4,122.9,128.7,1.7,12.0,26.0,39.7,51.7,78.0,91.6,104.4,115.7,120.8,61.5,58.8,56.2,53.4,35.8,42.7,49.8,58.1,65.6,15.4,24.0,32.4,39.4,31.2,23.0,78.2,87.1,95.6,102.1,94.6,86.4,15.0,27.1,37.8,45.4,54.5,64.0,72.1,60.8,50.1,40.5,32.2,22.9,19.1,36.2,44.2,53.3,67.9,51.8,42.6,34.5,-135.9,-112.9,-90.1,-68.1,-47.5,-29.8,-16.4,-5.9,0.5,3.3,-0.1,-8.5,-22.0,-40.0,-60.2,-81.5,-103.3,-137.3,-146.3,-147.5,-142.6,-135.1,-130.8,-133.4,-132.5,-127.2,-116.9,-115.3,-102.0,-89.1,-76.1,-73.3,-68.6,-64.2,-64.9,-66.3,-120.4,-121.8,-120.3,-115.7,-115.3,-116.7,-108.1,-110.0,-108.1,-103.8,-102.9,-104.7,-51.3,-54.0,-53.3,-49.6,-49.3,-44.9,-38.4,-31.9,-30.5,-31.9,-34.6,-40.7,-50.1,-47.9,-45.2,-44.0,-38.7,-38.9,-40.0,-42.6,653.8,653.9,656.2,656.6,651.2,641.9,626.5,612.2,610.3,620.5,638.8,653.3,659.9,660.8,657.8,656.6,659.4,626.3,621.5,616.4,611.0,605.7,609.3,614.6,620.5,626.3,632.5,606.1,599.1,592.2,585.7,599.6,596.5,593.9,597.1,600.5,615.8,614.2,614.3,614.0,612.9,612.7,617.7,619.2,620.5,623.3,619.7,618.5,611.4,601.4,596.9,596.1,598.4,605.9,616.8,604.4,596.5,593.7,594.4,600.4,609.2,597.3,596.9,599.1,613.8,599.2,596.8,597.9,1.4180000000000001,0.024,-0.073,0.223,711.3919999999999,253.84099999999998,-23.544,7.186,-9.974,2.136,-7.9639999999999995,6.744,-6.021,0.446,-0.9179999999999999,2.459,-11.47,-6.818,8.056000000000001,3.322,-3.0810000000000004,7.989,-1.693,-3.068,-9.504,-1.597,2.249,1.393,3.1039999999999996,-2.109,0.185,0.44799999999999995,0.087,-1.014,-0.168,-0.099,0.275,-0.086,-0.081,0.349,0.0,0.0,0.0,0.0,0.71,3.13,0.25,0.03,0.72,0.0,0.11,0.13,0.24,0.0,0.44,0.2,0.92,0.0,0.0,0.0,0.0,1.0,1.0,0.0,1.0,0.0,0.0,1.0,0.0,0.0,0.0,0.0,0.0,0.0,1.0
58,0,2.377,0.98,1,0.066036,0.303131,-0.950658,-0.115682,0.321209,-0.939916,-0.026000000000000002,0.319,671.6,675.6,682.4,688.2,689.4,685.6,678.6,672.8,660.1,666.0,673.2,680.6,686.8,690.8,693.0,689.3,684.2,677.9,671.2,664.9,676.8,679.2,682.1,683.9,683.3,680.9,677.9,676.2,758.3,762.4,769.3,774.9,776.0,772.0,765.1,758.9,752.2,756.4,761.8,768.4,774.8,779.9,783.7,779.0,773.5,767.5,761.2,755.7,763.5,766.2,769.5,771.4,770.8,768.2,764.9,763.0,186.5,180.1,177.9,181.3,188.1,194.9,196.7,193.4,184.5,183.9,184.2,184.8,186.2,188.2,190.9,193.0,193.7,193.4,191.6,188.6,189.5,191.0,190.0,187.3,184.3,182.9,183.8,186.6,205.4,199.6,198.4,202.5,209.4,215.2,216.4,212.7,204.6,203.5,203.4,204.6,206.7,208.8,211.5,213.1,213.4,212.7,210.7,208.1,209.7,211.6,211.0,208.3,205.0,203.0,203.6,206.4,19.9,22.4,26.7,30.4,31.3,29.0,24.4,20.7,12.7,16.4,20.8,25.5,29.5,32.2,33.8,31.3,28.0,23.9,19.6,15.7,23.2,24.8,26.7,27.8,27.4,25.8,23.9,22.9,81.0,83.7,88.4,92.3,93.2,90.5,85.8,81.5,77.1,79.7,83.1,87.6,92.1,96.0,99.0,95.5,91.4,87.1,82.8,79.3,84.7,86.6,88.8,90.1,89.7,87.9,85.6,84.3,-109.1,-113.0,-114.6,-112.9,-109.0,-104.8,-103.4,-105.1,-110.7,-110.7,-110.3,-110.1,-109.6,-108.9,-107.9,-106.1,-105.1,-105.0,-106.0,-108.0,-107.7,-107.0,-107.7,-109.4,-111.1,-111.8,-111.1,-109.4,-105.9,-109.7,-110.5,-107.8,-103.1,-99.3,-98.4,-101.0,-106.8,-107.2,-106.9,-106.0,-104.8,-103.7,-102.4,-100.9,-100.3,-100.6,-102.0,-104.0,-103.1,-101.8,-102.2,-104.1,-106.3,-107.6,-107.2,-105.4,550.1,549.6,550.8,552.9,554.7,555.6,554.0,551.9,552.1,550.2,549.1,549.6,551.9,555.0,558.1,555.9,553.2,551.3,550.7,551.1,552.9,553.8,554.3,554.2,553.4,552.5,552.0,552.2,599.1,598.7,598.6,598.9,599.4,599.8,599.9,600.0,601.1,599.1,597.5,596.9,598.0,600.3,603.2,600.8,598.8,597.6,597.9,599.5,600.3,600.4,600.4,600.2,600.0,599.8,599.9,600.1,48.9,-75.1,609.9,0.105,0.012,0.221,619.4,613.6,609.6,607.7,611.5,623.2,640.1,661.7,687.4,712.8,735.2,755.2,772.3,785.3,794.8,803.9,811.1,641.3,655.6,676.0,696.0,713.7,750.8,769.5,786.8,801.6,807.1,727.8,724.5,721.3,717.9,690.6,700.9,711.6,723.6,734.2,660.7,673.0,685.2,695.1,683.4,671.4,750.4,762.8,774.8,783.3,773.5,761.8,661.0,678.5,694.2,705.0,717.7,730.2,740.1,725.8,711.4,698.1,686.2,672.6,667.0,691.9,703.2,715.8,734.4,713.7,700.9,689.3,176.3,207.3,238.2,267.6,294.6,317.7,335.1,349.0,357.8,361.8,357.4,347.1,330.1,306.7,279.9,251.3,222.9,165.4,150.4,146.9,152.5,162.4,170.3,167.9,170.9,180.0,196.6,191.7,209.1,226.4,244.3,251.0,257.3,263.4,262.9,261.5,185.9,183.3,185.6,192.9,193.1,190.8,205.2,202.5,205.6,212.8,213.4,210.5,285.6,279.7,279.7,285.1,285.7,293.5,304.6,312.3,313.3,311.0,307.1,299.2,286.8,288.0,291.8,293.9,303.5,301.3,299.4,295.7,-15.4,-19.7,-22.8,-24.2,-21.2,-12.3,0.0,15.1,32.9,51.3,69.1,85.5,99.2,109.2,115.8,122.4,128.3,0.9,11.0,25.3,39.1,50.9,76.9,90.6,103.6,115.1,120.2,60.7,57.7,54.9,52.0,34.6,41.4,48.4,56.9,64.4,14.5,23.2,31.7,38.6,30.3,21.9,77.6,86.6,95.3,101.7,94.2,85.8,14.6,26.4,36.8,44.1,52.9,62.2,70.2,59.0,48.5,39.3,31.2,22.2,18.8,35.3,43.0,51.6,65.8,50.3,41.4,33.5,-137.2,-114.1,-91.2,-69.2,-48.6,-31.0,-17.8,-7.6,-1.5,1.3,-1.9,-9.6,-22.5,-40.1,-60.0,-81.2,-102.8,-139.1,-148.7,-149.8,-144.6,-136.5,-131.7,-134.5,-133.5,-128.2,-117.5,-116.2,-103.0,-90.2,-77.2,-74.5,-69.8,-65.4,-66.0,-67.3,-122.3,-123.9,-122.2,-116.9,-116.7,-118.3,-108.9,-111.0,-109.1,-104.5,-103.5,-105.3,-51.8,-55.0,-54.5,-50.8,-50.6,-45.8,-38.9,-32.8,-31.7,-33.1,-35.8,-41.6,-50.8,-49.0,-46.3,-45.1,-39.4,-40.0,-41.2,-43.7,653.5,653.6,655.7,655.9,650.4,640.5,624.7,610.1,607.5,617.2,635.0,649.6,656.5,657.4,654.6,653.3,656.0,625.5,620.8,615.3,609.7,604.5,607.7,612.5,617.9,623.4,629.3,604.5,597.5,590.6,584.0,597.7,594.8,592.1,595.1,598.3,615.0,613.2,613.0,612.4,611.8,611.9,615.5,617.1,618.4,621.2,617.6,616.3,608.9,599.0,594.5,593.6,595.7,603.0,613.6,601.5,593.9,591.3,592.0,597.9,606.6,594.9,594.3,596.4,610.4,596.7,594.5,595.6,1.423,0.011000000000000001,-0.055999999999999994,0.226,710.4069999999999,251.925,-23.06,7.91,-12.92,2.61,-6.584,5.725,-5.377999999999999,2.477,-0.828,2.5869999999999997,-10.715,-6.652,8.612,3.7119999999999997,-3.282,8.061,-1.225,-3.3710000000000004,-8.887,0.305,1.65,1.055,2.657,-2.9330000000000003,0.584,0.774,0.094,-1.087,-0.304,-0.018000000000000002,0.184,-0.165,-0.128,0.369,0.0,0.0,0.0,0.0,0.62,3.17,0.29,0.03,0.49,0.0,0.23,0.18,0.12,0.0,0.52,0.03,0.5,0.0,0.0,0.0,0.0,0.0,1.0,0.0,1.0,0.0,0.0,1.0,0.0,0.0,0.0,0.0,0.0,0.0,1.0
59,0,2.419,0.98,1,0.061470000000000004,0.260481,-0.96352,-0.077526,0.26398,-0.961407,-0.008,0.266,669.7,673.9,681.0,686.9,688.1,684.1,676.7,670.8,658.4,664.0,671.3,679.1,685.6,689.6,691.4,687.4,682.0,675.6,668.9,662.8,675.1,677.6,680.7,682.5,682.0,679.5,676.4,674.5,757.7,761.9,769.1,775.0,776.2,772.0,764.9,758.4,750.7,754.7,760.2,767.4,774.2,779.8,783.3,778.7,772.6,766.1,759.7,754.2,763.6,766.1,769.2,771.0,770.5,767.9,764.9,763.1,183.9,177.9,175.8,179.0,185.6,191.9,193.6,190.4,181.9,181.5,182.3,183.1,184.7,186.9,189.9,191.6,192.4,191.9,189.9,186.3,186.6,188.0,187.2,184.5,181.7,180.3,181.2,183.8,203.1,197.4,196.3,200.3,207.2,212.9,214.1,210.2,203.9,202.1,201.8,203.0,205.0,206.8,209.3,211.6,212.7,212.3,210.3,207.4,206.8,208.6,208.1,205.7,202.7,201.0,201.4,203.9,18.2,20.7,25.1,28.8,29.7,27.3,22.7,19.0,11.4,14.7,19.1,23.9,28.0,30.7,32.0,29.4,25.9,21.9,17.7,14.0,21.6,23.2,25.1,26.2,25.9,24.2,22.3,21.2,76.4,79.0,83.5,87.5,88.5,86.0,81.4,77.1,72.2,74.5,77.8,82.3,86.9,90.9,93.7,90.5,86.3,81.9,77.8,74.4,80.5,82.2,84.1,85.2,84.8,83.1,81.1,80.0,-107.9,-111.4,-112.7,-111.2,-107.6,-104.0,-102.8,-104.3,-109.7,-109.5,-108.7,-108.2,-107.7,-107.0,-105.8,-104.3,-103.5,-103.4,-104.6,-106.8,-106.8,-106.1,-106.7,-108.2,-109.7,-110.4,-109.8,-108.3,-101.9,-105.3,-106.0,-103.5,-99.3,-95.8,-95.1,-97.6,-101.9,-102.6,-102.4,-101.5,-100.4,-99.7,-98.6,-96.8,-95.9,-95.9,-97.3,-99.5,-99.7,-98.6,-98.9,-100.4,-102.2,-103.3,-103.0,-101.5,536.1,535.0,535.5,537.6,539.8,541.5,540.4,538.4,538.7,536.5,535.0,535.2,537.6,540.7,544.1,542.3,540.0,538.3,537.7,538.1,538.9,539.8,540.0,539.5,538.5,537.7,537.4,537.9,568.1,566.7,566.3,567.0,568.6,569.9,570.4,570.0,571.1,568.5,566.5,565.6,566.7,569.2,572.3,570.9,569.3,568.4,568.8,570.1,569.7,570.0,569.8,569.2,568.6,568.2,568.4,569.0,47.4,-75.4,605.8,0.11199999999999999,0.024,0.226,618.6,612.5,608.4,606.3,610.1,621.6,638.1,659.2,684.6,710.0,732.8,753.5,771.3,784.9,794.6,804.0,811.4,639.6,654.1,674.7,694.7,712.2,749.7,768.8,786.5,801.6,806.9,726.4,722.9,719.4,715.8,688.5,698.8,709.5,721.6,732.2,658.8,671.3,683.8,693.6,681.6,669.3,749.0,761.7,774.0,782.6,772.6,760.6,658.8,676.3,692.0,702.7,715.5,728.0,738.0,723.4,708.8,695.5,683.6,670.1,664.9,689.5,700.9,713.4,732.2,711.3,698.5,686.8,173.9,205.3,236.6,266.4,293.6,316.9,334.6,348.6,357.4,361.4,356.9,346.4,329.3,305.7,278.6,249.6,220.8,163.1,148.1,144.8,150.6,160.8,168.9,166.5,169.5,179.0,196.1,190.5,207.9,225.1,243.1,249.9,256.2,262.3,262.0,260.7,183.9,181.1,183.7,191.6,191.6,189.1,204.1,201.0,204.2,211.6,212.5,209.6,284.6,278.6,278.5,284.0,284.7,292.7,304.0,311.8,312.7,310.3,306.3,298.2,285.8,287.0,290.8,293.0,302.9,300.5,298.5,294.8,-15.9,-20.4,-23.6,-25.1,-22.1,-13.4,-1.4,13.3,30.8,49.1,66.9,83.7,97.7,108.0,114.8,121.5,127.5,-0.3,10.0,24.2,37.9,49.5,75.6,89.4,102.6,114.2,119.1,59.2,56.2,53.2,50.2,32.9,39.7,46.7,55.1,62.6,13.1,21.8,30.4,37.3,28.9,20.4,76.1,85.1,94.0,100.4,92.8,84.3,13.0,24.7,35.1,42.2,51.0,60.2,68.2,56.9,46.4,37.2,29.3,20.4,17.2,33.4,41.1,49.7,63.8,48.3,39.5,31.7,-138.2,-114.9,-91.9,-69.8,-49.1,-31.4,-18.1,-7.9,-1.8,1.0,-2.2,-10.0,-22.8,-40.4,-60.4,-81.8,-103.5,-139.8,-149.4,-150.3,-144.8,-136.6,-131.6,-134.3,-133.3,-127.9,-117.0,-116.3,-103.1,-90.3,-77.4,-74.7,-70.0,-65.6,-66.2,-67.4,-123.1,-124.6,-122.7,-117.0,-116.9,-118.7,-108.8,-111.2,-109.2,-104.5,-103.3,-105.1,-52.2,-55.4,-54.9,-51.2,-50.9,-46.0,-39.0,-32.9,-31.9,-33.4,-36.1,-42.0,-51.1,-49.3,-46.7,-45.3,-39.6,-40.3,-41.5,-44.1,649.7,650.0,652.1,652.4,647.2,637.6,622.3,607.7,604.4,613.5,630.4,644.7,651.3,652.2,649.7,648.4,650.8,621.5,616.7,611.0,605.2,600.0,602.5,607.2,612.6,618.3,624.4,600.0,593.0,586.1,579.6,593.6,590.5,587.7,590.6,593.7,611.4,609.2,608.9,608.1,607.6,608.0,610.7,612.1,613.4,616.2,612.6,611.3,605.3,595.1,590.2,589.3,591.2,598.5,609.2,597.2,589.7,587.4,588.2,594.3,602.9,590.8,590.0,592.0,606.0,592.4,590.4,591.7,1.433,0.016,-0.040999999999999995,0.23,708.75,250.75400000000002,-22.964000000000002,7.6160000000000005,-12.446,3.826,-5.837999999999999,4.869,-5.709,1.301,-1.27,1.432,-10.4,-5.704,8.337,3.862,-2.785,8.382,-1.0859999999999999,-3.9410000000000003,-8.463,0.484,0.816,1.042,2.459,-2.591,0.884,0.467,-0.003,-0.953,-0.431,0.297,-0.04,-0.353,-0.23399999999999999,0.324,0.0,0.0,0.0,0.0,0.55,3.03,0.24,0.04,0.46,0.0,0.39,0.12,0.02,0.0,0.63,0.0,0.22,0.0,0.0,0.0,0.0,0.0,1.0,0.0,1.0,0.0,0.0,1.0,0.0,0.0,0.0,0.0,0.0,0.0,0.0
60,0,2.461,0.98,1,0.03935,0.206785,-0.9775950000000001,-0.165687,0.189679,-0.967765,-0.065,0.201,668.5,672.1,678.8,684.6,686.1,682.8,675.8,670.0,658.3,663.0,669.6,676.9,683.5,687.9,690.5,686.2,680.6,674.3,667.8,662.1,674.0,676.5,679.4,681.0,680.3,677.8,674.9,673.3,756.1,760.0,766.5,771.7,772.6,768.6,762.2,756.5,749.9,753.9,759.4,766.6,773.3,778.2,780.9,776.6,771.1,765.2,759.0,753.5,761.2,763.4,766.1,767.8,767.4,765.2,762.5,760.9,181.3,175.4,173.6,177.1,183.7,190.0,191.3,187.9,181.0,179.9,180.1,180.9,182.9,185.8,189.2,191.0,191.5,190.9,188.9,185.5,184.6,186.0,185.3,182.7,179.9,178.4,179.2,181.7,200.8,195.7,194.7,198.6,205.0,210.2,211.1,207.4,203.2,201.3,200.7,201.5,203.5,205.6,208.2,210.9,211.8,211.3,209.5,206.7,204.5,206.1,205.7,203.5,200.8,199.2,199.6,201.8,18.3,20.7,25.0,28.7,29.8,27.7,23.1,19.3,11.9,14.9,19.0,23.7,28.0,31.0,32.8,30.0,26.2,22.1,17.9,14.3,21.9,23.6,25.4,26.4,26.0,24.4,22.5,21.5,77.8,80.3,84.6,88.1,88.9,86.4,82.1,78.2,74.0,76.4,79.8,84.5,89.3,93.1,95.4,92.2,88.2,84.0,79.8,76.2,81.4,82.9,84.7,85.8,85.5,84.0,82.2,81.1,-115.0,-118.6,-119.8,-117.8,-113.8,-109.9,-108.9,-111.0,-116.1,-116.2,-115.6,-115.0,-114.0,-112.6,-111.0,-109.5,-108.9,-109.1,-110.4,-112.8,-113.2,-112.4,-112.9,-114.5,-116.2,-117.1,-116.6,-115.0,-106.6,-109.9,-110.5,-108.0,-104.0,-100.7,-100.1,-102.5,-105.5,-106.3,-106.4,-105.8,-104.8,-104.0,-102.9,-100.7,-99.7,-99.8,-101.0,-103.0,-104.5,-103.4,-103.7,-105.1,-106.8,-107.8,-107.6,-106.2,563.0,562.4,562.6,563.6,564.7,565.8,565.2,564.2,567.3,564.5,562.3,561.6,563.2,565.8,568.6,567.1,565.3,564.4,564.6,565.8,564.8,565.2,565.3,565.0,564.5,564.1,564.0,564.3,586.2,585.3,585.1,585.7,586.8,587.8,588.0,587.7,588.8,586.5,584.6,584.1,586.0,589.2,592.9,590.7,588.6,587.3,587.0,588.0,587.7,587.9,587.8,587.4,587.0,586.7,586.8,587.2,46.5,-76.2,606.9,0.11,0.035,0.228,618.2,612.0,607.7,605.4,609.0,620.2,636.1,656.8,682.1,707.8,731.3,752.8,770.9,784.6,794.2,803.5,810.9,638.5,652.7,673.2,693.1,710.4,748.7,767.9,785.6,800.6,805.8,724.9,721.2,717.6,713.8,686.7,696.9,707.4,719.6,730.4,657.7,670.1,682.6,692.1,680.2,667.8,747.8,760.3,772.8,781.2,771.3,759.3,656.5,674.1,689.9,700.7,713.5,726.4,736.7,721.6,706.6,693.3,681.3,667.7,662.5,687.4,698.8,711.4,730.7,709.2,696.3,684.7,172.3,204.0,235.5,265.4,292.7,316.2,333.9,348.3,357.1,361.1,356.4,345.9,328.5,304.7,277.2,248.0,218.9,161.4,146.0,142.6,148.5,158.9,167.6,165.1,168.1,177.5,194.6,189.4,206.8,224.0,242.0,249.0,255.5,261.5,261.2,259.9,182.5,179.5,182.2,190.4,190.5,187.9,203.1,199.8,202.9,210.7,211.6,208.7,283.8,277.9,278.0,283.6,284.2,292.2,303.6,311.4,312.1,309.6,305.6,297.4,285.1,286.5,290.4,292.6,302.5,300.2,298.1,294.3,-16.2,-20.8,-24.1,-25.9,-23.0,-14.4,-2.8,11.7,29.1,47.5,65.7,82.9,97.2,107.5,114.1,120.6,126.5,-1.1,9.0,23.2,36.8,48.4,75.1,88.9,102.0,113.4,118.1,58.3,55.2,52.1,49.1,31.8,38.5,45.4,53.9,61.5,12.4,21.0,29.7,36.3,28.0,19.4,75.3,84.2,93.2,99.4,92.0,83.4,11.4,23.3,33.7,41.0,49.8,59.2,67.4,55.8,45.0,35.8,27.8,18.9,15.6,32.1,39.7,48.4,63.0,46.9,38.1,30.3,-139.5,-116.1,-92.9,-70.6,-49.8,-31.9,-18.5,-8.2,-2.0,0.8,-2.6,-10.4,-23.4,-41.1,-61.3,-82.7,-104.5,-141.3,-151.1,-152.1,-146.7,-138.3,-132.9,-135.5,-134.4,-128.8,-117.8,-117.2,-104.1,-91.3,-78.4,-75.5,-70.7,-66.3,-66.8,-68.1,-124.1,-125.9,-123.9,-118.1,-117.8,-119.8,-109.6,-112.2,-110.2,-105.1,-103.9,-105.8,-52.8,-56.0,-55.5,-51.6,-51.3,-46.5,-39.3,-33.2,-32.3,-33.9,-36.7,-42.6,-51.7,-49.7,-47.1,-45.7,-39.9,-40.6,-41.9,-44.5,650.4,650.9,653.1,653.4,647.8,637.8,622.7,608.2,604.4,613.0,629.3,643.4,649.7,650.2,647.4,645.7,647.8,622.4,617.8,612.2,606.7,601.9,604.2,608.3,612.9,617.9,623.3,601.2,594.5,587.8,581.6,595.3,592.1,589.4,592.0,594.9,612.0,610.0,609.7,608.9,608.5,608.9,611.2,612.4,613.6,616.1,612.8,611.7,607.0,596.9,592.0,591.0,592.7,600.0,610.4,598.3,590.7,588.4,589.3,595.7,604.7,592.3,591.5,593.3,607.2,593.5,591.6,592.9,1.431,0.013000000000000001,-0.024,0.231,707.221,249.778,-30.615,8.395,-13.902000000000001,2.049,-6.277,5.558,-7.281000000000001,1.002,-0.664,1.895,-11.965,-4.921,7.915,3.833,-3.138,8.479,-0.857,-4.831,-7.928999999999999,1.068,0.20199999999999999,0.569,2.176,-2.532,1.156,0.486,0.049,-0.9009999999999999,-0.322,0.259,-0.08199999999999999,-0.336,-0.235,0.281,0.0,0.0,0.0,0.0,0.57,3.01,0.2,0.06,0.47,0.0,0.4,0.09,0.02,0.0,0.7,0.0,0.04,0.0,0.0,0.0,0.0,0.0,1.0,0.0,1.0,0.0,0.0,1.0,0.0,0.0,0.0,0.0,0.0,0.0,0.0
61,0,2.502,0.98,1,-0.011973000000000001,0.207075,-0.978252,-0.218935,0.20455299999999998,-0.9540569999999999,-0.11900000000000001,0.21,666.5,670.2,677.2,683.3,685.0,681.6,674.3,668.1,657.3,662.1,668.2,675.0,681.6,687.2,691.3,686.8,680.6,673.8,667.0,661.2,672.4,675.1,678.1,679.7,679.0,676.3,673.3,671.7,754.3,758.2,764.5,769.6,770.5,766.7,760.4,754.8,749.1,753.0,758.3,765.4,772.2,777.0,779.6,775.2,769.8,763.9,757.9,752.5,759.5,761.6,764.3,766.0,765.6,763.4,760.7,759.1,178.5,172.7,171.1,174.7,181.4,187.8,188.8,185.2,181.1,179.2,178.0,178.1,180.0,183.2,186.4,187.8,187.2,186.5,185.5,183.8,182.7,184.2,183.5,181.0,178.2,176.6,177.3,179.8,199.6,194.5,193.7,197.5,203.8,208.8,209.7,206.0,201.9,200.1,199.5,200.4,202.5,204.6,207.2,210.0,211.0,210.5,208.6,205.7,203.2,204.8,204.4,202.3,199.6,198.0,198.4,200.5,17.0,19.5,24.0,27.9,28.8,26.6,21.9,18.0,11.2,14.2,18.1,22.4,26.7,30.3,33.0,30.0,25.9,21.6,17.3,13.6,20.8,22.5,24.4,25.5,25.1,23.4,21.5,20.4,77.1,79.5,83.7,87.2,88.0,85.6,81.4,77.6,73.9,76.2,79.5,84.2,89.1,92.8,95.2,91.9,87.9,83.7,79.6,76.1,80.8,82.3,84.0,85.1,84.7,83.2,81.5,80.4,-116.5,-120.6,-121.7,-119.2,-114.6,-110.2,-109.5,-112.0,-115.8,-116.5,-116.8,-116.5,-115.3,-113.6,-111.8,-110.4,-110.5,-110.9,-111.8,-113.3,-113.9,-112.8,-113.3,-115.0,-117.0,-118.1,-117.6,-115.8,-108.2,-111.4,-111.9,-109.4,-105.4,-102.2,-101.7,-104.1,-107.1,-107.9,-107.9,-107.2,-106.1,-105.3,-104.1,-101.9,-100.9,-101.0,-102.3,-104.4,-106.0,-105.0,-105.2,-106.5,-108.2,-109.3,-109.1,-107.7,561.9,563.4,563.8,563.0,561.5,560.2,559.6,560.4,566.2,563.7,561.5,560.4,560.7,561.9,563.5,561.3,559.6,559.1,560.3,562.9,561.9,561.6,561.8,562.4,563.1,563.4,563.2,562.6,590.3,589.1,588.6,589.1,590.2,591.4,591.9,591.8,592.6,590.2,588.3,587.7,589.6,592.7,596.5,594.5,592.5,591.2,590.9,591.9,591.5,591.7,591.5,591.0,590.5,590.3,590.5,591.0,45.1,-76.4,603.4,0.12300000000000001,0.055999999999999994,0.22899999999999998,617.6,611.2,606.9,604.6,608.2,619.4,634.5,654.5,679.4,705.3,729.7,751.7,770.2,784.1,793.8,803.1,810.5,638.0,652.2,672.5,692.0,709.1,747.2,766.2,783.9,799.1,804.6,723.6,719.6,715.7,711.6,684.8,694.8,705.2,717.5,728.4,656.8,669.2,681.7,691.2,679.2,667.0,746.7,759.3,771.7,780.1,770.1,758.1,654.3,671.8,687.6,698.4,711.4,724.5,734.8,719.3,704.0,690.5,678.5,665.1,660.3,685.0,696.4,709.2,728.7,707.0,694.0,682.3,170.1,202.3,234.4,264.9,292.8,316.7,334.8,349.2,358.0,361.8,356.4,345.1,327.0,302.6,274.9,245.6,216.5,158.7,143.7,140.6,146.9,157.7,166.9,164.4,167.4,176.6,193.3,187.8,205.4,222.9,241.1,247.9,254.4,260.6,260.3,259.0,180.2,177.3,180.1,188.1,188.2,185.5,201.5,198.6,202.0,209.6,210.3,207.2,282.7,277.0,277.2,282.9,283.6,291.7,303.1,311.4,312.3,309.7,305.5,297.0,284.2,286.0,290.0,292.3,302.1,299.6,297.5,293.5,-16.6,-21.3,-24.7,-26.4,-23.4,-15.0,-3.9,10.0,27.1,45.6,64.2,81.8,96.1,106.3,112.8,119.1,124.7,-1.4,8.5,22.6,35.8,47.2,73.4,87.0,99.8,111.2,116.0,57.0,53.7,50.4,47.2,30.2,36.8,43.6,52.1,59.7,11.7,20.2,28.8,35.4,27.1,18.6,73.9,82.8,91.5,97.7,90.3,81.9,9.9,21.5,32.0,39.2,48.0,57.5,65.7,53.9,43.0,33.8,25.8,17.0,13.9,30.3,37.9,46.6,61.1,45.2,36.3,28.5,-140.5,-116.9,-93.5,-70.9,-49.6,-31.5,-17.8,-7.5,-1.4,1.2,-2.6,-10.9,-24.3,-42.3,-62.4,-83.6,-105.0,-142.4,-151.7,-152.4,-146.7,-138.1,-132.3,-134.8,-133.6,-128.2,-117.5,-117.4,-104.2,-91.4,-78.4,-75.8,-71.0,-66.5,-67.0,-68.2,-125.0,-126.5,-124.5,-118.8,-118.7,-120.7,-109.8,-111.9,-109.8,-104.9,-103.9,-105.9,-53.3,-56.3,-55.7,-51.8,-51.4,-46.5,-39.4,-33.0,-32.0,-33.6,-36.5,-42.7,-52.1,-49.8,-47.0,-45.6,-39.9,-40.7,-42.0,-44.8,647.7,648.9,651.7,652.1,645.9,635.4,619.7,605.3,602.0,610.6,626.7,640.3,645.7,645.4,641.6,638.9,640.2,618.9,613.8,608.0,602.4,597.5,599.5,603.0,607.1,611.4,616.4,596.6,589.8,583.2,577.0,591.3,588.1,585.3,587.8,590.6,608.1,606.0,605.5,604.7,604.5,605.0,606.2,607.1,608.0,610.3,607.4,606.5,604.0,593.6,588.5,587.4,589.0,596.0,606.1,594.7,587.4,585.2,586.2,592.6,601.6,589.1,588.2,589.9,603.1,590.1,588.1,589.6,1.4409999999999998,0.024,0.002,0.233,705.6560000000001,248.775,-31.893,11.509,-13.612,3.283,-7.992000000000001,7.041,-6.178999999999999,0.12,-1.026,0.282,-10.616,-6.249,8.544,2.9339999999999997,-4.117,7.034,-0.569,-5.471,-7.505,0.21600000000000003,0.591,-0.447,1.995,-2.625,0.991,0.33299999999999996,0.037000000000000005,-0.375,-0.408,-0.159,0.501,-0.016,-0.10800000000000001,0.38799999999999996,0.0,0.0,0.0,0.0,0.57,2.97,0.16,0.16,0.53,0.0,0.28,0.04,0.02,0.0,0.69,0.24,0.0,0.0,0.0,0.0,0.0,0.0,1.0,0.0,1.0,0.0,0.0,0.0,0.0,0.0,0.0,1.0,0.0,0.0,0.0
62,0,2.544,0.98,1,-0.046452999999999994,0.215029,-0.9755020000000001,-0.21182399999999998,0.200619,-0.9564950000000001,-0.133,0.212,664.7,668.9,676.2,682.2,683.4,679.5,671.9,665.9,656.3,660.9,666.8,673.3,679.9,686.0,690.7,685.7,679.1,672.2,665.4,659.8,670.6,673.2,676.4,678.2,677.7,675.1,671.9,670.1,753.4,757.2,763.5,768.6,769.6,765.8,759.5,753.9,748.2,751.9,757.0,764.0,770.8,775.8,778.4,773.9,768.4,762.6,756.6,751.5,758.4,760.7,763.5,765.2,764.8,762.5,759.7,758.0,177.1,171.4,169.9,173.7,180.4,186.8,187.6,183.9,180.0,178.1,176.9,177.0,178.9,182.2,185.5,186.8,186.0,185.2,184.1,182.6,181.5,183.2,182.5,180.0,177.1,175.5,176.1,178.6,198.5,193.5,192.8,196.6,202.8,207.8,208.5,204.9,201.1,199.0,198.4,199.5,201.8,204.0,206.7,209.4,210.4,210.0,207.9,204.8,202.1,203.8,203.5,201.3,198.5,196.8,197.2,199.3,15.5,18.2,22.8,26.5,27.1,24.7,19.9,16.2,10.3,13.1,16.8,20.8,24.9,28.8,31.8,28.6,24.4,20.1,15.9,12.5,19.2,20.8,22.8,24.0,23.7,22.1,20.1,18.9,76.4,78.7,82.9,86.4,87.2,84.9,80.7,76.9,73.2,75.4,78.5,83.1,87.9,91.7,94.1,90.8,86.8,82.7,78.7,75.4,80.0,81.5,83.4,84.4,84.0,82.5,80.6,79.6,-114.8,-118.7,-119.6,-116.9,-112.3,-108.0,-107.6,-110.2,-114.0,-114.5,-114.8,-114.4,-113.2,-111.2,-109.4,-108.2,-108.4,-108.9,-109.9,-111.5,-111.9,-110.7,-111.1,-112.8,-114.8,-116.0,-115.6,-113.9,-108.8,-111.9,-112.2,-109.7,-105.8,-102.7,-102.3,-104.8,-107.5,-108.5,-108.4,-107.6,-106.3,-105.4,-104.2,-102.1,-101.1,-101.2,-102.6,-104.9,-106.6,-105.5,-105.6,-107.0,-108.7,-109.9,-109.7,-108.3,549.2,550.6,550.5,549.1,547.1,545.9,545.9,547.3,553.9,551.0,548.4,546.9,546.6,547.4,548.6,546.6,545.3,545.3,546.9,550.0,548.6,547.9,547.9,548.5,549.3,550.0,550.0,549.4,589.4,588.0,587.2,587.6,588.9,590.4,591.1,591.1,592.1,589.4,587.2,586.3,588.1,591.0,594.7,593.2,591.6,590.6,590.5,591.4,590.6,590.8,590.5,589.8,589.2,589.1,589.4,590.1,43.3,-75.8,598.4,0.128,0.077,0.231,617.3,610.5,605.9,603.5,607.1,617.9,631.8,650.6,674.9,701.1,726.5,749.9,769.0,783.4,793.4,802.8,810.3,637.2,651.4,671.5,690.7,707.3,746.5,765.3,782.7,797.9,803.4,722.2,717.8,713.6,709.2,682.7,692.5,702.7,714.9,725.8,655.5,668.0,680.5,689.9,677.8,665.5,745.4,758.1,770.5,778.8,768.8,756.8,651.9,669.2,685.5,695.9,708.5,721.8,732.2,715.8,700.1,686.9,675.1,661.7,657.8,682.6,693.7,706.1,725.9,703.6,690.8,679.5,168.6,201.1,233.9,265.2,294.4,319.8,339.3,354.7,363.4,366.2,358.8,345.5,326.3,301.4,273.6,244.5,215.5,156.9,142.0,138.9,145.4,156.3,165.9,163.6,166.5,175.5,191.9,186.7,204.2,221.7,240.0,247.5,253.9,260.1,259.8,258.6,178.9,176.1,179.0,186.9,187.1,184.3,200.5,198.0,201.4,208.9,209.7,206.4,282.8,276.7,276.6,282.3,283.0,291.2,303.1,313.0,314.3,311.9,307.7,298.6,284.4,286.3,290.2,292.4,302.2,300.6,298.6,294.7,-16.7,-21.8,-25.2,-27.0,-24.2,-15.9,-5.8,7.3,23.9,42.4,61.4,79.5,93.9,104.2,110.8,117.1,122.7,-2.0,7.9,21.7,34.6,45.6,72.3,85.5,98.0,109.0,113.6,55.5,52.0,48.6,45.2,28.6,35.0,41.6,49.9,57.4,10.7,19.2,27.8,34.2,25.9,17.5,72.3,81.1,89.7,95.7,88.4,80.1,8.2,19.7,30.3,37.2,45.7,55.2,63.2,51.1,40.1,31.1,23.4,14.6,12.2,28.5,35.8,44.2,58.6,42.5,33.9,26.4,-140.5,-117.0,-93.3,-70.2,-48.1,-29.0,-14.6,-3.7,2.3,4.3,-0.9,-10.5,-24.5,-42.6,-62.4,-83.1,-104.1,-142.4,-151.6,-152.3,-146.5,-138.1,-131.8,-134.0,-132.8,-127.4,-116.9,-117.1,-104.1,-91.3,-78.4,-75.4,-70.7,-66.2,-66.7,-67.8,-124.8,-126.2,-124.1,-118.5,-118.4,-120.4,-109.4,-111.2,-109.0,-104.2,-103.2,-105.3,-52.9,-56.1,-55.6,-51.7,-51.4,-46.4,-39.0,-31.7,-30.5,-32.0,-34.8,-41.3,-51.6,-49.3,-46.6,-45.2,-39.4,-39.7,-41.0,-43.6,642.3,644.4,647.7,648.2,641.6,631.1,616.5,602.9,599.6,607.1,621.0,632.8,636.9,635.8,632.1,629.5,630.3,613.4,608.5,602.6,597.4,593.0,594.3,597.2,600.7,604.2,608.4,591.2,584.4,578.0,571.8,586.3,582.9,580.2,582.6,585.2,602.9,600.7,600.0,599.0,599.0,599.7,600.3,600.6,601.2,603.3,600.7,600.0,599.8,589.0,583.4,582.3,583.7,590.2,600.3,589.7,583.1,581.0,582.1,588.2,597.5,584.6,583.6,585.1,597.5,585.4,583.6,585.0,1.454,0.027999999999999997,0.031,0.235,703.698,248.75799999999998,-39.8,14.618,-12.085999999999999,6.096,-9.854,4.814,-4.94,-2.7430000000000003,-1.869,-2.8539999999999996,-10.409,-4.086,7.794,2.019,-2.9360000000000004,4.485,-1.9709999999999999,-4.771,-6.02,0.322,0.479,-2.3,2.398,-2.249,0.7290000000000001,0.002,0.687,-0.34600000000000003,-0.48,-0.142,0.485,0.055,-0.086,0.309,0.0,0.0,0.0,0.0,0.59,2.91,0.15,0.29,0.61,0.0,0.13,0.0,0.02,0.0,0.73,0.65,0.0,0.0,0.0,0.0,0.0,0.0,1.0,0.0,1.0,0.0,0.0,0.0,0.0,0.0,0.0,1.0,0.0,0.0,0.0
63,0,2.5860000000000003,0.98,1,-0.08477,0.230521,-0.969368,-0.22407399999999997,0.218534,-0.9497540000000001,-0.16,0.23,662.8,667.3,674.8,681.0,682.3,678.2,670.2,664.0,654.6,659.4,665.4,672.5,679.6,686.1,691.3,685.8,678.4,670.8,663.8,658.1,669.1,671.8,675.0,676.9,676.4,673.7,670.5,668.6,751.7,755.5,761.9,767.0,767.9,764.1,757.7,752.1,746.5,750.2,755.4,762.4,769.2,774.2,776.9,772.3,766.7,760.8,754.9,749.8,756.8,759.1,761.9,763.5,763.1,760.9,758.1,756.4,175.9,169.8,168.2,171.8,178.7,185.5,186.4,182.7,178.7,176.8,175.6,175.7,177.5,180.3,182.9,184.5,183.7,183.0,182.2,181.0,180.3,181.8,181.1,178.6,175.6,174.1,174.8,177.3,197.4,192.5,191.8,195.8,202.0,206.9,207.5,203.8,199.9,197.9,197.5,198.7,201.0,203.1,205.8,208.3,209.3,208.8,206.7,203.6,201.1,202.8,202.5,200.3,197.6,195.9,196.2,198.3,13.7,16.4,20.9,24.6,25.2,22.8,18.0,14.3,8.8,11.6,15.2,19.4,23.6,27.5,30.7,27.3,22.8,18.3,14.2,10.8,17.4,19.0,20.9,22.1,21.8,20.2,18.3,17.1,75.0,77.4,81.6,85.1,85.9,83.5,79.3,75.6,71.9,74.1,77.2,81.8,86.6,90.4,92.8,89.4,85.4,81.3,77.3,74.0,78.6,80.2,82.0,83.0,82.7,81.1,79.3,78.3,-110.4,-114.3,-115.3,-112.7,-108.1,-103.8,-103.3,-105.9,-109.7,-110.2,-110.3,-109.9,-108.8,-107.2,-106.0,-104.6,-104.8,-105.3,-106.1,-107.5,-107.6,-106.5,-106.9,-108.5,-110.5,-111.6,-111.2,-109.5,-109.3,-112.2,-112.5,-110.0,-106.1,-103.0,-102.7,-105.3,-108.1,-108.9,-108.8,-107.8,-106.6,-105.7,-104.5,-102.5,-101.6,-101.8,-103.2,-105.5,-107.0,-105.9,-106.0,-107.3,-109.1,-110.2,-110.0,-108.7,524.7,526.0,525.8,524.1,521.9,520.6,520.8,522.5,529.6,526.4,523.7,521.9,521.5,522.3,523.6,521.4,520.1,520.4,522.3,525.5,523.7,523.0,522.9,523.4,524.4,525.1,525.2,524.6,587.8,586.3,585.5,585.9,587.3,588.8,589.6,589.6,590.6,587.8,585.6,584.7,586.4,589.4,593.1,591.5,589.9,588.9,588.9,589.9,589.0,589.2,588.9,588.2,587.6,587.4,587.7,588.4,41.7,-75.4,592.4,0.131,0.092,0.23199999999999998,616.5,609.6,605.1,602.8,606.3,616.8,629.8,647.6,671.6,698.2,724.5,748.6,768.1,782.8,793.0,802.5,810.2,636.1,650.1,670.2,689.3,705.8,744.8,763.7,781.3,796.6,802.2,720.5,716.0,711.5,706.9,680.6,690.4,700.5,712.8,723.7,654.4,667.0,679.5,689.0,676.9,664.5,743.7,756.5,768.9,777.4,767.2,755.1,650.0,666.8,683.0,693.8,707.0,720.3,730.1,713.9,697.9,684.0,671.9,658.8,655.9,680.0,691.4,704.4,723.8,701.7,688.3,676.6,167.2,200.3,233.7,265.5,295.1,320.7,340.6,356.1,365.0,367.9,359.9,345.9,326.0,300.5,272.3,243.0,213.9,155.0,140.0,137.0,143.6,154.8,164.6,162.3,165.3,174.4,190.9,185.2,202.8,220.2,238.5,246.3,252.7,259.0,258.8,257.7,177.2,174.6,177.5,185.3,185.3,182.5,199.2,196.9,200.4,207.8,208.5,205.1,282.3,275.6,275.3,281.3,282.0,290.6,303.0,313.8,315.6,313.2,308.7,298.9,284.0,285.4,289.5,292.0,302.1,301.1,299.0,294.9,-17.1,-22.2,-25.6,-27.4,-24.5,-16.6,-7.1,5.2,21.5,40.0,59.5,77.8,92.3,102.7,109.3,115.6,121.2,-2.7,7.0,20.6,33.3,44.1,70.3,83.4,95.8,106.9,111.4,53.8,50.2,46.7,43.2,26.9,33.2,39.7,47.9,55.4,9.9,18.4,26.8,33.2,25.0,16.7,70.3,79.1,87.5,93.5,86.2,78.0,6.8,17.8,28.4,35.4,44.2,53.5,61.1,49.2,38.2,29.0,21.0,12.5,10.8,26.4,33.9,42.6,56.5,40.8,31.9,24.2,-140.4,-116.8,-92.9,-69.5,-47.2,-28.1,-13.5,-2.6,3.4,5.4,-0.0,-10.1,-24.5,-42.7,-62.6,-83.2,-104.0,-142.5,-151.6,-152.1,-146.2,-137.6,-131.2,-133.3,-132.1,-126.6,-116.2,-116.8,-103.8,-91.3,-78.5,-75.4,-70.7,-66.2,-66.7,-67.7,-124.8,-126.0,-123.9,-118.4,-118.4,-120.4,-109.1,-110.6,-108.3,-103.6,-102.8,-105.0,-52.7,-56.2,-55.9,-51.8,-51.4,-46.2,-38.6,-30.8,-29.3,-30.8,-33.8,-40.7,-51.4,-49.3,-46.5,-45.0,-39.1,-39.0,-40.3,-43.1,637.2,639.5,643.1,643.7,636.7,626.1,611.2,597.9,594.8,602.1,615.6,626.9,630.3,629.1,625.1,622.2,623.0,608.3,602.9,596.6,591.1,586.6,587.4,590.0,593.4,597.0,601.1,584.8,577.9,571.3,565.1,580.2,576.6,573.8,576.1,578.8,597.2,594.7,593.9,592.9,593.0,593.8,593.5,593.6,593.9,595.9,593.5,593.0,593.8,582.7,577.0,575.6,576.9,583.0,592.9,583.2,577.3,575.4,576.7,582.6,591.3,578.5,577.2,578.7,590.3,579.3,577.7,579.2,1.469,0.03,0.05,0.23600000000000002,702.0160000000001,248.11,-39.772,15.523,-10.55,9.085,-11.270999999999999,3.708,-2.908,-3.8819999999999997,-2.532,-3.949,-9.682,-5.421,8.525,2.506,-2.737,3.248,-1.716,-5.629,-6.093999999999999,-1.405,0.9129999999999999,-3.076,2.142,-2.28,1.121,-0.16,0.8029999999999999,-0.13699999999999998,-0.495,-0.335,0.65,0.321,-0.002,0.314,0.0,0.0,0.0,0.03,0.56,2.93,0.13,0.33,0.62,0.0,0.05,0.01,0.02,0.0,0.58,1.06,0.0,0.0,0.0,0.0,0.0,0.0,1.0,0.0,1.0,0.0,0.0,0.0,0.0,0.0,0.0,1.0,0.0,0.0,0.0
64,0,2.628,0.98,1,-0.045487,0.21024600000000002,-0.97659,-0.14669200000000002,0.14691500000000002,-0.978211,-0.098,0.18100000000000002,661.9,666.0,673.2,679.2,680.7,677.1,669.5,663.4,653.1,657.4,663.4,670.4,677.4,683.7,688.5,683.3,676.3,669.2,662.2,656.5,668.1,670.7,673.8,675.5,674.9,672.3,669.2,667.5,752.4,756.2,762.2,766.8,767.5,763.7,757.7,752.6,745.8,749.4,754.5,761.6,768.3,772.9,775.0,770.9,765.5,759.9,754.2,749.0,757.2,759.1,761.4,762.9,762.7,760.8,758.5,757.0,172.8,166.5,164.8,168.8,176.0,183.0,184.0,180.1,174.6,172.8,171.6,171.9,174.1,177.5,180.9,183.0,182.8,182.2,180.9,178.5,177.1,178.8,178.1,175.4,172.2,170.6,171.3,174.0,193.8,188.9,188.2,192.0,198.2,203.0,203.8,200.2,198.3,195.1,193.5,193.8,196.5,199.7,203.7,206.1,206.6,205.8,204.0,201.5,197.5,199.0,198.8,196.8,194.4,192.9,193.1,195.1,13.2,15.7,20.0,23.6,24.4,22.3,17.7,14.1,8.0,10.5,14.1,18.3,22.5,26.3,29.3,26.1,21.8,17.5,13.4,10.0,16.9,18.5,20.3,21.4,21.0,19.5,17.6,16.6,78.4,81.0,85.2,88.4,88.9,86.3,82.2,78.6,74.1,76.4,79.7,84.5,89.4,93.0,95.0,91.8,87.8,83.7,79.7,76.3,81.9,83.2,84.8,85.9,85.7,84.4,82.7,81.7,-112.8,-116.7,-117.6,-115.1,-110.5,-106.3,-105.8,-108.3,-113.1,-113.4,-113.5,-112.9,-111.6,-109.8,-108.0,-106.4,-106.3,-106.7,-107.9,-109.9,-110.2,-109.1,-109.5,-111.2,-113.2,-114.3,-113.9,-112.2,-115.9,-119.3,-119.8,-117.1,-112.9,-109.6,-109.1,-111.6,-113.3,-115.1,-115.9,-115.5,-113.9,-112.2,-110.0,-108.0,-107.3,-107.6,-108.9,-110.8,-113.5,-112.5,-112.6,-114.0,-115.7,-116.7,-116.5,-115.2,527.6,527.8,527.4,526.5,525.6,525.5,525.8,526.7,533.5,530.2,527.1,525.2,525.1,526.2,527.7,526.2,525.0,525.2,526.8,529.9,527.4,527.1,526.9,527.0,527.3,527.7,527.9,527.8,610.4,610.1,610.0,610.2,610.5,610.8,610.8,610.9,613.0,610.8,608.8,608.0,609.7,612.7,616.1,613.9,611.8,610.7,610.7,611.9,611.3,611.3,611.3,611.2,611.1,611.0,611.1,611.2,40.9,-76.9,593.4,0.11599999999999999,0.09,0.233,615.6,608.4,603.9,601.5,605.1,615.4,628.2,645.8,669.5,696.1,722.7,747.2,767.1,782.0,792.5,801.6,808.9,635.7,650.0,669.7,687.8,703.1,743.5,762.1,779.4,794.4,800.1,718.4,713.7,709.0,704.2,678.5,688.1,698.2,710.5,721.6,652.8,665.2,677.9,686.9,674.7,662.1,742.7,755.3,768.0,775.9,766.1,753.9,650.0,666.6,681.5,692.2,705.5,718.2,728.0,712.9,698.1,684.3,672.4,660.1,655.8,678.7,690.0,703.2,721.7,701.3,688.0,676.5,166.4,199.0,232.2,264.0,293.7,319.0,338.6,353.9,362.4,365.8,358.5,345.4,325.9,300.4,271.8,241.8,212.1,150.9,137.0,135.1,142.3,153.5,163.6,160.8,163.2,171.6,187.8,183.6,201.4,219.1,237.6,245.6,252.1,258.3,258.0,256.8,174.3,170.7,173.9,182.9,183.1,180.1,197.0,193.4,196.8,205.0,206.1,202.9,281.8,275.8,275.7,281.5,282.2,289.9,301.3,308.4,308.9,306.4,302.1,294.3,283.3,285.0,289.0,291.3,300.2,296.5,294.4,290.4,-17.8,-23.1,-26.6,-28.4,-25.5,-17.6,-8.3,3.9,20.0,38.5,58.0,76.8,91.6,102.3,109.2,115.1,120.4,-3.0,6.9,20.3,32.4,42.6,69.8,82.6,94.8,105.5,110.1,52.6,48.9,45.2,41.6,25.6,31.8,38.2,46.5,54.1,8.8,17.2,25.8,31.9,23.6,15.0,69.9,78.4,87.1,92.8,85.8,77.4,6.8,17.8,27.5,34.5,43.4,52.3,59.8,48.7,38.3,29.1,21.4,13.4,10.7,25.6,33.1,41.9,55.2,40.6,31.7,24.2,-141.3,-118.0,-94.1,-70.7,-48.3,-29.3,-15.0,-4.2,1.6,4.0,-1.0,-10.5,-24.6,-42.9,-63.2,-84.2,-105.4,-145.6,-153.9,-153.8,-147.7,-139.3,-132.5,-134.8,-133.8,-128.7,-118.4,-118.5,-105.2,-92.3,-79.3,-76.1,-71.3,-66.8,-67.3,-68.4,-127.2,-129.1,-126.7,-120.5,-120.3,-122.6,-110.9,-113.3,-111.1,-105.9,-104.7,-106.7,-53.1,-56.1,-55.8,-51.8,-51.5,-46.9,-39.8,-34.4,-33.7,-35.2,-38.1,-43.7,-51.8,-49.7,-46.9,-45.6,-40.4,-42.1,-43.3,-46.1,638.8,641.2,644.4,644.9,637.8,626.6,612.0,598.3,593.8,600.6,613.9,626.4,631.1,630.3,626.8,623.3,623.5,609.2,604.0,598.4,593.6,590.1,590.2,592.1,594.8,597.8,601.5,587.4,580.2,573.4,566.8,582.1,578.1,575.3,577.4,580.1,599.4,596.8,595.8,595.1,595.2,596.1,595.4,595.3,595.7,597.9,595.3,594.6,593.9,583.4,579.1,577.8,579.2,585.3,594.1,583.7,577.2,575.2,576.4,582.0,591.1,579.7,578.4,580.1,591.0,579.8,578.1,579.6,1.466,0.016,0.05,0.23600000000000002,700.674,246.08599999999998,-39.484,13.710999999999999,-17.387,7.27,-12.270999999999999,10.224,-3.2110000000000003,-2.4730000000000003,-2.315,-4.123,-8.703,-1.889,6.279,1.558,-1.1909999999999998,2.41,-2.9160000000000004,-6.746,-4.2860000000000005,-0.513,-0.768,-1.2409999999999999,0.613,-2.772,3.2119999999999997,-0.581,0.9109999999999999,-0.18100000000000002,-0.41100000000000003,-0.235,0.341,0.24100000000000002,-0.002,0.222,0.0,0.0,0.0,0.03,0.48,2.74,0.07,0.28,0.5,0.08,0.18,0.18,0.02,0.03,0.4,1.03,0.0,0.0,1.0,0.0,1.0,0.0,1.0,0.0,0.0,0.0,0.0,0.0,0.0,0.0,0.0,1.0,0.0,0.0,0.0
65,0,2.6689999999999996,0.98,1,-0.044693000000000004,0.216558,-0.975246,-0.136991,0.147602,-0.979514,-0.09300000000000001,0.184,659.4,663.6,670.9,677.1,678.6,674.9,667.1,660.9,650.5,654.4,660.4,667.7,675.2,681.7,686.6,681.3,674.1,666.7,659.6,653.9,665.7,668.4,671.7,673.5,672.8,670.1,666.9,665.1,750.7,754.5,760.7,765.5,766.2,762.3,756.2,750.8,743.6,747.5,752.9,760.1,766.8,771.3,773.3,769.3,764.1,758.3,752.4,747.0,755.5,757.5,759.9,761.4,761.2,759.3,756.8,755.3,171.6,165.1,163.5,167.8,175.4,182.5,183.4,179.2,172.9,171.1,170.2,170.5,172.9,176.4,180.1,182.1,182.0,181.4,179.9,177.2,176.0,177.9,177.2,174.3,171.0,169.2,169.8,172.7,192.9,187.9,187.1,191.0,197.3,202.4,203.2,199.5,197.4,194.3,192.6,192.9,195.5,198.7,202.8,205.2,205.7,205.0,203.1,200.7,196.7,198.3,198.0,196.0,193.5,191.9,192.2,194.2,11.3,13.7,17.9,21.5,22.3,20.2,15.7,12.1,6.2,8.4,11.8,16.0,20.3,24.1,27.1,24.0,19.8,15.5,11.4,8.2,15.0,16.5,18.4,19.4,19.0,17.5,15.6,14.6,75.5,78.1,82.3,85.7,86.2,83.5,79.3,75.6,70.9,73.3,76.8,81.7,86.4,90.0,91.9,88.8,84.8,80.7,76.7,73.1,78.9,80.2,81.9,83.0,82.8,81.5,79.8,78.7,-109.5,-113.1,-113.9,-111.2,-106.8,-102.9,-102.4,-105.1,-110.1,-110.4,-110.2,-109.5,-108.1,-106.4,-104.5,-103.2,-103.1,-103.5,-104.7,-106.9,-107.0,-105.8,-106.1,-107.7,-109.7,-110.8,-110.5,-108.9,-113.9,-117.4,-118.0,-115.4,-111.1,-107.6,-107.0,-109.5,-111.3,-113.1,-113.9,-113.6,-112.1,-110.5,-108.4,-106.3,-105.5,-105.8,-107.0,-108.8,-111.5,-110.5,-110.7,-112.1,-113.8,-114.8,-114.6,-113.2,508.4,507.9,507.1,506.4,506.3,507.1,507.7,508.3,515.0,511.4,508.0,505.8,505.7,506.9,508.6,507.5,506.6,506.9,508.7,511.6,508.6,508.3,507.9,507.7,507.7,508.0,508.4,508.6,596.6,596.6,596.9,597.2,597.4,597.4,597.2,597.1,598.9,597.0,595.3,594.8,596.6,599.7,603.1,600.7,598.4,597.0,596.8,597.9,597.7,597.8,597.9,597.9,597.9,597.7,597.6,597.6,39.8,-77.7,592.0,0.113,0.094,0.22899999999999998,614.1,606.9,602.5,600.2,603.9,614.5,627.8,645.8,669.8,696.3,722.7,747.1,766.8,781.5,791.7,800.5,807.5,633.4,647.6,667.3,685.5,700.7,740.4,759.0,776.7,792.1,798.4,716.0,711.2,706.6,701.7,676.2,685.9,696.1,708.5,719.8,650.4,662.7,675.6,684.7,672.3,659.5,740.6,753.6,766.4,774.5,764.6,752.1,648.8,665.6,680.2,690.5,703.4,716.0,727.0,711.6,697.2,683.9,672.5,660.1,654.6,677.5,688.5,701.2,720.5,700.2,687.3,676.3,165.9,198.1,231.0,262.6,292.0,316.9,335.9,350.7,358.8,362.4,355.9,343.7,324.9,299.7,271.1,241.0,211.3,149.6,135.8,134.1,141.7,153.2,163.2,160.1,162.2,170.3,186.6,182.7,200.5,218.2,236.6,244.9,251.4,257.6,257.2,256.0,173.0,169.4,172.7,182.0,182.2,179.2,196.2,192.3,195.7,204.1,205.4,202.2,280.4,275.6,275.6,281.2,281.7,289.2,299.7,304.9,304.6,302.1,298.1,291.4,281.9,284.8,288.6,290.7,298.5,292.5,290.5,286.7,-18.9,-24.3,-27.7,-29.4,-26.3,-18.3,-8.5,4.0,20.1,38.6,58.0,76.7,91.6,102.1,108.9,114.5,119.4,-4.6,5.2,18.7,30.8,40.9,67.6,80.3,92.7,103.7,108.7,50.9,47.1,43.5,39.8,24.0,30.2,36.8,45.1,52.8,7.1,15.5,24.2,30.4,22.0,13.3,68.4,77.2,86.0,91.9,84.6,76.1,6.0,17.0,26.5,33.3,41.8,50.7,59.0,47.6,37.5,28.7,21.3,13.3,9.9,24.8,32.0,40.5,54.2,39.7,31.1,23.9,-142.0,-118.8,-95.1,-71.8,-49.6,-30.9,-16.9,-6.4,-0.8,1.7,-2.9,-11.7,-25.4,-43.5,-63.8,-84.9,-106.0,-146.5,-154.8,-154.4,-147.9,-139.2,-132.4,-134.9,-134.2,-129.3,-119.0,-118.8,-105.5,-92.6,-79.6,-76.4,-71.5,-67.2,-67.6,-68.8,-128.2,-130.0,-127.5,-121.0,-120.9,-123.2,-111.3,-113.9,-111.8,-106.5,-105.1,-107.1,-53.9,-56.1,-55.7,-51.9,-51.7,-47.2,-40.9,-36.6,-36.4,-37.9,-40.5,-45.4,-52.6,-49.7,-47.1,-45.8,-41.5,-44.5,-45.7,-48.3,640.0,642.2,645.1,645.5,638.7,627.1,611.7,597.3,592.4,599.5,613.5,627.0,632.3,631.7,628.1,624.1,624.0,609.5,603.9,598.0,592.9,589.1,588.7,590.6,593.5,596.5,600.4,586.4,578.8,571.5,564.4,580.6,576.5,573.6,575.8,578.7,599.9,596.8,595.6,594.8,595.0,596.2,594.6,594.6,595.1,597.4,594.6,593.9,592.7,581.8,577.4,576.3,577.6,583.9,593.2,581.5,574.4,572.3,573.6,579.6,589.6,577.9,576.8,578.5,589.6,577.3,575.5,577.0,1.4680000000000002,0.011000000000000001,0.054000000000000006,0.231,699.158,244.66099999999997,-28.892,12.934000000000001,-20.098,6.775,-12.769,13.03,-4.684,-0.46299999999999997,-3.2939999999999996,-3.855,-7.935,-1.541,5.691,0.32299999999999995,-2.175,2.523,-2.947,-6.952000000000001,-3.842,0.282,-0.768,-1.328,0.078,-2.819,3.31,-0.35100000000000003,0.48,-0.084,-0.517,-0.231,0.34299999999999997,0.102,-0.078,0.251,0.0,0.1,0.0,0.03,0.31,2.5,0.01,0.21,0.34,0.21,0.27,0.4,0.06,0.06,0.11,0.84,0.0,0.0,1.0,0.0,1.0,0.0,1.0,0.0,0.0,0.0,1.0,0.0,1.0,0.0,0.0,0.0,0.0,0.0,0.0
66,0,2.7110000000000003,0.98,1,-0.057699,0.217365,-0.974383,-0.136804,0.147587,-0.979542,-0.099,0.185,657.7,661.8,669.1,675.2,676.6,673.0,665.2,659.1,649.1,653.0,658.9,666.2,673.7,680.0,684.7,679.3,672.1,664.8,657.8,652.3,663.9,666.6,669.8,671.5,670.9,668.3,665.1,663.3,748.9,752.7,758.8,763.7,764.4,760.6,754.5,749.2,741.8,745.6,750.8,758.0,764.8,769.6,771.8,767.6,762.1,756.2,750.4,745.1,753.8,755.8,758.2,759.8,759.5,757.5,755.1,753.5,171.1,164.7,163.1,167.3,174.9,181.9,182.9,178.6,172.6,170.5,169.5,169.8,172.3,176.1,180.1,182.1,182.0,181.3,179.7,176.9,175.5,177.3,176.7,173.9,170.6,168.8,169.4,172.2,192.4,187.4,186.5,190.4,196.7,201.7,202.6,199.0,197.0,193.7,191.9,192.1,194.7,197.8,201.8,204.6,205.4,204.8,203.0,200.5,196.2,197.7,197.4,195.3,192.8,191.3,191.6,193.6,10.3,12.7,16.9,20.4,21.3,19.2,14.7,11.1,5.3,7.6,11.0,15.2,19.5,23.2,26.0,22.9,18.6,14.4,10.4,7.2,14.0,15.5,17.3,18.4,18.0,16.5,14.6,13.6,74.2,76.7,80.9,84.2,84.8,82.3,78.1,74.4,69.6,72.0,75.3,80.1,84.9,88.6,90.7,87.4,83.4,79.2,75.3,71.8,77.7,79.0,80.7,81.7,81.5,80.2,78.5,77.4,-110.1,-113.7,-114.5,-111.8,-107.4,-103.4,-103.0,-105.6,-110.6,-111.0,-110.9,-110.2,-108.7,-106.8,-104.8,-103.4,-103.3,-103.8,-105.1,-107.3,-107.5,-106.4,-106.7,-108.3,-110.2,-111.4,-111.0,-109.5,-114.1,-117.5,-118.1,-115.5,-111.3,-107.9,-107.3,-109.8,-111.5,-113.3,-114.2,-113.9,-112.5,-110.9,-108.8,-106.5,-105.6,-105.8,-107.0,-109.0,-111.8,-110.7,-111.0,-112.3,-114.0,-115.1,-114.8,-113.5,509.9,509.5,508.6,507.9,507.6,508.3,508.9,509.7,516.3,512.8,509.4,507.1,507.0,508.1,509.8,508.7,507.8,508.3,510.0,513.0,509.9,509.6,509.2,509.1,509.2,509.5,509.9,510.0,595.9,595.7,595.7,596.0,596.4,596.6,596.6,596.6,598.7,596.5,594.5,593.7,595.4,598.4,601.9,599.7,597.7,596.6,596.5,597.7,597.0,597.1,597.1,597.0,596.8,596.7,596.7,596.8,38.6,-78.4,594.0,0.12300000000000001,0.107,0.228,612.6,605.6,601.2,599.0,602.5,612.8,625.9,644.0,668.0,694.8,721.6,746.4,766.2,780.9,791.0,799.8,806.8,632.4,646.8,666.0,683.6,698.4,738.6,757.0,774.4,789.8,796.8,713.8,708.9,704.1,699.1,674.1,683.6,693.7,706.0,717.2,648.7,661.0,674.0,682.9,670.5,657.6,738.7,751.5,764.5,772.7,762.6,750.1,646.8,663.6,677.9,688.2,700.9,713.6,724.8,709.3,694.8,681.7,670.4,658.1,652.6,675.2,686.1,698.8,718.2,697.8,685.1,674.2,165.8,197.7,230.2,261.6,290.5,315.2,334.0,348.7,356.7,360.5,354.3,342.5,323.8,298.8,270.2,240.2,210.5,147.1,134.4,133.4,141.1,152.5,162.6,159.4,161.3,168.8,184.5,182.4,200.3,218.0,236.4,244.9,251.4,257.4,257.2,255.9,172.5,168.7,172.1,181.7,182.1,178.9,195.8,191.6,195.0,203.5,205.0,201.9,280.5,275.8,275.7,281.2,281.7,289.1,299.5,304.2,303.7,301.2,297.3,291.0,282.0,284.9,288.6,290.7,298.2,291.7,289.6,285.9,-20.1,-25.3,-28.7,-30.3,-27.5,-19.6,-9.9,2.7,19.0,37.6,57.3,76.4,91.3,101.8,108.4,113.9,118.9,-5.3,4.7,17.8,29.6,39.4,66.4,79.0,91.1,102.0,107.4,49.6,45.7,42.0,38.3,22.7,28.9,35.3,43.6,51.2,6.0,14.4,23.2,29.2,20.8,12.0,67.1,75.8,84.7,90.7,83.4,74.8,4.6,15.7,25.1,31.8,40.4,49.2,57.6,46.2,36.1,27.3,20.0,12.1,8.5,23.3,30.5,39.0,52.8,38.2,29.8,22.6,-142.4,-119.5,-96.0,-72.9,-50.9,-32.2,-18.2,-7.7,-2.2,0.3,-4.0,-12.6,-26.2,-44.3,-64.5,-85.4,-106.5,-148.5,-155.9,-155.1,-148.6,-139.9,-132.9,-135.4,-134.7,-130.2,-120.2,-119.2,-105.9,-93.0,-80.0,-76.7,-71.8,-67.5,-67.9,-69.0,-128.9,-130.8,-128.2,-121.5,-121.3,-123.7,-111.7,-114.5,-112.3,-106.9,-105.4,-107.4,-54.1,-56.2,-55.9,-52.1,-51.9,-47.5,-41.1,-37.2,-37.1,-38.6,-41.2,-45.9,-52.8,-49.8,-47.2,-46.0,-41.7,-45.2,-46.5,-49.0,641.8,644.1,647.0,647.7,641.1,629.6,614.0,599.3,594.0,600.7,614.6,627.9,633.0,632.2,628.2,623.9,623.5,610.3,604.6,598.8,593.7,590.0,589.0,590.7,593.2,595.8,599.2,587.5,580.4,573.4,566.8,582.7,578.8,576.0,577.9,580.5,601.5,598.2,596.9,596.2,596.4,597.7,595.2,594.9,595.3,597.7,594.9,594.3,595.0,584.0,579.7,578.5,579.6,585.6,594.6,582.9,576.0,574.1,575.6,581.8,591.8,580.2,578.9,580.4,591.1,578.8,577.2,578.9,1.465,0.019,0.071,0.231,697.298,243.989,-30.784000000000002,11.897,-23.021,4.398,-11.972000000000001,13.41,-4.666,0.145,-4.312,-2.6,-7.2589999999999995,-1.3230000000000002,4.593999999999999,0.009000000000000001,-2.241,2.7689999999999997,-1.7590000000000001,-7.3660000000000005,-3.8,-0.069,-0.7020000000000001,-1.432,-0.561,-3.029,3.1010000000000004,-0.292,0.45799999999999996,-0.196,-0.418,-0.11800000000000001,0.3,0.168,-0.081,0.16399999999999998,0.0,0.22,0.0,0.0,0.19,2.25,0.0,0.18,0.23,0.3,0.36,0.52,0.08,0.06,0.0,0.59,0.0,0.0,1.0,0.0,1.0,0.0,1.0,0.0,0.0,0.0,1.0,0.0,1.0,0.0,0.0,0.0,0.0,0.0,0.0
67,0,2.753,0.98,1,-0.055310000000000005,0.22270500000000001,-0.973316,-0.134911,0.15725999999999998,-0.978299,-0.09699999999999999,0.192,655.5,659.7,666.9,673.0,674.3,670.6,662.9,656.8,646.8,650.5,656.3,663.8,671.4,677.7,682.4,676.9,669.5,662.1,655.3,649.9,661.7,664.3,667.5,669.3,668.7,666.1,662.9,661.1,746.8,750.6,756.8,761.6,762.4,758.6,752.5,747.1,739.4,743.2,748.5,755.7,762.5,767.3,769.6,765.3,759.8,753.9,748.0,742.8,751.8,753.7,756.2,757.7,757.4,755.4,753.0,751.4,170.8,164.5,163.1,167.4,175.0,182.0,182.8,178.4,172.3,170.3,169.4,169.8,172.4,176.1,180.1,182.1,182.1,181.4,179.7,176.8,175.3,177.2,176.6,173.8,170.5,168.6,169.3,172.0,192.2,187.2,186.3,190.1,196.4,201.5,202.4,198.8,196.8,193.4,191.6,191.8,194.4,197.6,201.6,204.4,205.1,204.5,202.7,200.2,195.9,197.5,197.1,195.1,192.6,191.0,191.4,193.4,8.9,11.3,15.5,18.9,19.7,17.6,13.2,9.7,4.0,6.1,9.4,13.6,18.0,21.7,24.5,21.2,17.0,12.7,8.8,5.8,12.5,14.0,15.9,16.9,16.6,15.0,13.2,12.2,72.5,75.0,79.2,82.5,83.1,80.6,76.4,72.7,67.8,70.1,73.4,78.2,83.0,86.7,88.8,85.5,81.5,77.3,73.3,69.9,75.9,77.3,79.0,80.0,79.8,78.4,76.7,75.7,-109.2,-112.7,-113.3,-110.7,-106.3,-102.5,-102.1,-104.8,-109.8,-110.2,-109.9,-109.2,-107.6,-105.8,-103.8,-102.4,-102.3,-102.8,-104.2,-106.5,-106.6,-105.4,-105.7,-107.3,-109.2,-110.3,-110.1,-108.5,-113.8,-117.2,-117.8,-115.3,-111.1,-107.7,-107.0,-109.5,-111.3,-113.1,-114.0,-113.7,-112.2,-110.6,-108.5,-106.2,-105.4,-105.6,-106.8,-108.7,-111.5,-110.4,-110.7,-112.1,-113.8,-114.8,-114.5,-113.2,505.1,504.5,503.5,502.8,502.7,503.6,504.3,505.0,511.8,508.1,504.6,502.2,501.9,503.1,504.8,503.8,503.1,503.7,505.6,508.5,505.2,504.9,504.4,504.2,504.2,504.5,504.9,505.2,593.5,593.3,593.3,593.6,594.0,594.3,594.2,594.1,596.4,594.2,592.1,591.3,593.0,596.0,599.4,597.3,595.2,594.1,594.1,595.3,594.6,594.7,594.7,594.6,594.5,594.4,594.3,594.4,37.1,-78.3,593.5,0.135,0.12,0.223,611.1,604.2,600.0,597.8,601.2,611.3,624.3,642.2,666.0,693.1,720.4,745.6,765.6,780.3,790.5,799.1,806.0,630.0,644.2,663.4,680.9,695.9,736.0,754.4,771.8,787.4,794.7,711.2,706.2,701.3,696.2,671.7,681.1,691.1,703.3,714.5,646.4,658.7,671.6,680.5,668.1,655.2,736.5,749.2,762.2,770.6,760.4,747.8,644.9,661.3,675.5,685.7,698.4,711.1,722.4,706.9,692.4,679.3,668.0,655.9,650.6,672.9,683.7,696.4,715.8,695.4,682.8,671.9,165.7,197.7,230.2,261.5,290.5,315.1,333.8,348.4,356.3,359.8,353.4,341.4,322.8,297.8,269.5,239.8,210.3,147.0,134.3,133.3,140.8,152.2,162.2,159.1,161.0,168.3,183.7,182.4,200.2,218.0,236.3,245.2,251.6,257.6,257.3,256.0,172.5,168.6,172.1,181.7,182.1,178.9,195.6,191.3,194.6,203.2,204.8,201.7,281.2,276.5,276.4,281.9,282.2,289.5,299.6,304.5,304.3,302.0,298.2,291.8,282.6,285.6,289.3,291.3,298.5,292.2,290.2,286.6,-21.2,-26.4,-29.6,-31.2,-28.5,-20.7,-11.0,1.5,17.7,36.4,56.4,75.6,90.6,101.1,107.7,113.1,118.0,-7.0,2.9,16.0,27.7,37.6,64.4,76.9,89.0,100.0,105.5,47.7,43.8,40.1,36.3,21.1,27.2,33.6,41.8,49.3,4.4,12.7,21.5,27.5,19.1,10.4,65.4,74.0,82.9,88.9,81.6,73.0,3.3,14.2,23.5,30.2,38.7,47.5,55.9,44.5,34.5,25.8,18.5,10.6,7.2,21.8,28.9,37.4,51.1,36.6,28.2,21.1,-142.3,-119.4,-96.0,-72.9,-51.0,-32.3,-18.4,-8.0,-2.5,-0.1,-4.7,-13.3,-26.9,-44.8,-64.8,-85.4,-106.4,-148.4,-155.7,-154.8,-148.3,-139.7,-132.7,-135.1,-134.4,-129.9,-120.2,-118.9,-105.7,-92.9,-80.0,-76.4,-71.6,-67.3,-67.7,-68.8,-128.7,-130.6,-127.9,-121.2,-121.0,-123.5,-111.5,-114.3,-112.1,-106.8,-105.2,-107.2,-53.6,-55.7,-55.4,-51.6,-51.5,-47.1,-40.9,-36.9,-36.7,-38.1,-40.7,-45.3,-52.3,-49.3,-46.8,-45.6,-41.5,-44.8,-46.0,-48.5,641.1,643.7,647.0,648.0,641.6,630.0,614.4,599.7,594.3,600.6,613.8,626.6,631.4,630.5,626.5,622.2,621.7,609.8,603.7,597.5,592.1,588.2,587.2,588.6,590.9,593.3,596.6,586.0,579.0,572.2,565.7,582.0,578.0,575.3,576.9,579.3,600.6,597.0,595.4,594.8,595.2,596.6,593.4,592.8,593.1,595.6,592.9,592.4,594.5,583.7,579.3,578.0,579.0,584.7,593.4,582.5,576.0,574.3,575.8,581.8,591.3,579.9,578.5,579.9,590.0,578.5,577.0,578.8,1.4669999999999999,0.03,0.08800000000000001,0.226,695.185,244.00400000000002,-30.916999999999998,11.470999999999998,-23.649,4.305,-10.65,12.620999999999999,-3.872,-0.389,-3.738,-1.43,-6.8260000000000005,-0.879,5.159,0.094,-2.339,2.471,-2.15,-7.683,-3.9760000000000004,-0.159,-0.151,-1.709,-1.013,-2.858,3.05,-0.446,0.375,-0.146,-0.425,-0.084,0.262,0.109,-0.09699999999999999,0.177,0.01,0.43,0.0,0.0,0.11,2.16,0.0,0.24,0.21,0.35,0.45,0.57,0.08,0.03,0.0,0.56,0.0,0.0,1.0,0.0,1.0,0.0,1.0,0.0,0.0,0.0,1.0,0.0,1.0,0.0,0.0,0.0,0.0,0.0,0.0
68,0,2.7939999999999996,0.98,1,-0.059409000000000003,0.234398,-0.970324,-0.149607,0.16581500000000002,-0.974743,-0.107,0.203,653.2,657.3,664.6,670.7,672.1,668.4,660.6,654.5,644.5,648.2,653.9,661.3,668.8,675.2,679.9,674.4,667.1,659.7,652.9,647.6,659.4,662.1,665.2,667.1,666.5,663.8,660.6,658.8,744.6,748.3,754.4,759.3,760.1,756.3,750.2,744.8,737.1,740.9,746.2,753.3,760.1,765.0,767.3,762.9,757.4,751.4,745.6,740.4,749.5,751.4,753.9,755.4,755.1,753.1,750.7,749.1,170.8,164.3,162.9,167.3,174.9,181.9,182.8,178.4,172.1,170.1,169.2,169.6,172.1,175.8,179.9,182.0,182.0,181.3,179.6,176.7,175.3,177.2,176.5,173.7,170.4,168.5,169.1,171.9,192.3,187.2,186.3,190.1,196.4,201.4,202.3,198.8,196.8,193.4,191.6,191.8,194.3,197.5,201.5,204.3,205.1,204.5,202.7,200.2,196.0,197.5,197.1,195.1,192.5,191.0,191.4,193.4,7.6,10.0,14.1,17.6,18.4,16.3,11.9,8.4,2.6,4.7,8.0,12.2,16.5,20.2,23.0,19.8,15.6,11.3,7.4,4.4,11.2,12.7,14.5,15.6,15.2,13.7,11.9,10.8,71.2,73.7,77.8,81.2,81.8,79.3,75.1,71.4,66.4,68.8,72.1,76.8,81.7,85.4,87.5,84.2,80.1,75.9,72.0,68.6,74.6,76.0,77.7,78.7,78.5,77.1,75.4,74.4,-109.1,-112.6,-113.2,-110.6,-106.2,-102.3,-102.0,-104.7,-109.7,-110.1,-109.9,-109.1,-107.6,-105.7,-103.7,-102.3,-102.2,-102.7,-104.1,-106.4,-106.5,-105.3,-105.6,-107.2,-109.1,-110.2,-110.0,-108.4,-114.1,-117.5,-118.1,-115.6,-111.5,-108.1,-107.4,-109.8,-111.6,-113.5,-114.3,-114.0,-112.6,-111.0,-108.9,-106.6,-105.7,-105.9,-107.2,-109.1,-111.8,-110.8,-111.1,-112.4,-114.1,-115.2,-114.9,-113.5,504.3,503.7,502.7,502.0,501.9,502.8,503.5,504.3,511.0,507.3,503.8,501.4,501.1,502.2,503.9,502.9,502.2,502.9,504.8,507.7,504.4,504.1,503.7,503.4,503.4,503.7,504.1,504.4,595.5,595.2,595.2,595.5,596.0,596.2,596.2,596.2,598.5,596.2,594.1,593.3,594.9,597.9,601.3,599.2,597.2,596.2,596.2,597.5,596.6,596.7,596.7,596.6,596.4,596.3,596.3,596.4,35.2,-77.9,591.7,0.14400000000000002,0.147,0.223,609.6,602.6,598.5,596.6,599.8,609.8,622.3,639.4,663.0,690.3,718.3,744.3,764.7,779.6,789.8,798.4,805.5,628.1,642.2,661.1,678.4,693.2,733.9,752.3,769.7,785.2,792.5,708.7,703.2,698.0,692.6,668.6,677.9,687.6,699.9,711.1,644.1,656.3,669.2,677.9,665.6,652.8,734.1,746.8,759.9,768.3,758.0,745.3,641.9,658.0,672.2,682.1,694.5,707.5,719.1,702.9,688.0,675.1,664.1,652.2,647.5,669.5,680.0,692.4,712.4,691.3,678.8,668.3,165.3,197.4,230.1,261.6,290.9,315.9,334.9,349.5,357.4,360.5,353.6,341.1,322.3,297.5,269.4,239.9,210.6,146.7,134.1,132.9,140.4,151.6,161.8,159.0,160.8,168.2,183.4,182.2,200.0,217.7,236.1,245.3,251.7,257.6,257.4,256.1,172.2,168.4,171.9,181.5,182.0,178.7,195.6,191.3,194.6,203.2,204.8,201.7,281.6,276.9,276.6,282.1,282.5,289.9,300.2,305.6,305.4,303.1,299.3,292.7,283.1,286.1,289.7,291.7,299.2,293.0,291.1,287.5,-22.3,-27.5,-30.6,-32.2,-29.4,-21.8,-12.5,-0.4,15.6,34.4,54.6,74.2,89.3,99.7,106.3,111.7,116.6,-8.3,1.5,14.3,25.9,35.6,62.7,75.1,86.9,97.6,103.1,45.7,41.7,37.8,33.9,19.0,24.9,31.2,39.3,46.9,2.8,11.1,19.8,25.6,17.3,8.7,63.5,71.9,80.7,86.6,79.4,70.8,1.3,12.0,21.2,27.7,36.0,44.9,53.4,41.7,31.5,23.0,15.8,8.1,5.1,19.5,26.4,34.6,48.6,33.8,25.5,18.6,-142.4,-119.5,-96.0,-72.8,-50.6,-31.7,-17.6,-7.2,-1.8,0.4,-4.5,-13.4,-27.0,-44.7,-64.3,-84.7,-105.3,-148.2,-155.3,-154.5,-148.0,-139.5,-132.2,-134.4,-133.5,-129.0,-119.3,-118.5,-105.4,-92.6,-79.8,-76.0,-71.3,-67.1,-67.4,-68.4,-128.5,-130.2,-127.5,-120.8,-120.6,-123.2,-110.8,-113.5,-111.3,-105.9,-104.4,-106.4,-53.2,-55.3,-55.0,-51.3,-51.1,-46.7,-40.3,-36.1,-35.8,-37.3,-39.9,-44.7,-51.9,-48.9,-46.3,-45.1,-40.9,-44.1,-45.3,-47.9,640.2,643.1,646.6,647.5,640.8,629.2,613.8,599.2,593.5,598.9,611.0,622.6,626.5,625.3,621.2,616.9,616.5,607.7,601.6,595.2,589.7,585.6,583.8,584.9,586.7,588.5,591.3,582.9,576.3,569.8,563.6,580.0,576.1,573.2,574.5,576.6,598.6,594.7,593.0,592.1,592.7,594.5,589.7,588.7,588.7,591.0,588.6,588.3,593.6,582.5,577.6,576.1,576.9,582.3,590.8,580.5,574.5,573.1,574.8,581.0,590.5,578.5,576.9,578.0,587.7,576.7,575.5,577.4,1.473,0.036000000000000004,0.121,0.22699999999999998,692.5360000000001,244.178,-33.756,12.449000000000002,-23.432,3.6430000000000002,-9.332,11.503,-2.92,-1.966,-3.844,-1.325,-6.685,-0.031,5.347,-0.672,-2.503,2.27,-1.89,-6.938,-3.588,-0.252,-0.165,-2.252,-0.63,-2.815,2.86,-0.584,0.49,-0.063,-0.47,0.002,0.28600000000000003,0.111,-0.065,0.152,0.05,0.44,0.0,0.06,0.13,2.35,0.0,0.24,0.2,0.35,0.56,0.57,0.02,0.0,0.0,0.57,0.0,0.0,1.0,0.0,1.0,0.0,1.0,0.0,0.0,0.0,1.0,0.0,1.0,0.0,0.0,0.0,0.0,0.0,0.0
69,0,2.8360000000000003,0.98,1,-0.028769,0.22522399999999998,-0.973882,-0.18623800000000001,0.179867,-0.9659,-0.11,0.20600000000000002,651.3,654.8,661.0,666.4,667.7,664.4,657.9,652.6,640.7,645.8,652.4,659.4,665.2,669.1,671.1,667.3,662.3,656.6,650.4,644.8,656.0,658.5,661.3,662.9,662.3,659.9,657.0,655.4,741.3,745.1,751.1,755.8,756.4,752.6,746.7,741.5,734.6,738.4,743.5,750.1,756.4,761.2,763.7,759.3,753.7,747.9,742.5,737.6,746.1,748.0,750.4,751.9,751.7,749.8,747.4,745.8,170.8,165.1,163.7,167.4,174.0,180.2,181.0,177.4,172.1,170.1,169.2,169.6,172.0,175.6,179.9,181.6,181.7,181.0,179.2,176.3,174.7,176.4,175.7,173.2,170.2,168.5,169.2,171.7,192.5,187.7,186.9,190.8,196.9,201.7,202.5,198.9,196.4,193.6,192.2,192.7,195.1,198.1,201.6,204.2,204.9,204.2,202.3,199.8,196.2,197.8,197.5,195.5,193.1,191.5,191.8,193.7,7.5,9.9,14.1,17.7,18.6,16.4,12.0,8.4,0.5,3.9,8.3,13.0,16.9,19.6,21.0,18.4,15.0,11.1,7.0,3.2,10.8,12.4,14.3,15.4,15.0,13.4,11.4,10.4,71.9,74.6,78.8,82.1,82.6,80.0,75.8,72.1,67.5,69.9,73.3,77.9,82.5,86.3,88.6,85.1,80.9,76.7,72.8,69.5,75.4,76.8,78.5,79.6,79.4,78.0,76.3,75.2,-126.7,-130.7,-131.9,-129.6,-125.2,-121.0,-120.1,-122.3,-126.5,-127.4,-127.7,-127.4,-126.2,-124.2,-121.8,-120.2,-119.8,-119.9,-121.1,-123.3,-124.4,-123.4,-123.9,-125.7,-127.7,-128.8,-128.2,-126.4,-118.9,-122.3,-122.7,-120.1,-115.8,-112.4,-111.9,-114.5,-116.7,-118.2,-118.8,-118.3,-116.9,-115.3,-113.4,-111.1,-110.3,-110.6,-112.0,-114.1,-116.4,-115.4,-115.5,-116.9,-118.6,-119.7,-119.5,-118.2,586.0,586.7,587.9,588.8,588.9,588.5,587.0,586.1,589.1,587.1,585.5,585.4,587.1,589.5,591.9,589.9,587.6,586.2,586.2,587.4,587.6,588.1,588.6,588.9,588.8,588.4,587.9,587.6,621.2,620.8,620.6,620.8,621.1,621.6,621.7,621.9,624.2,621.9,619.8,618.8,620.2,623.0,626.3,624.2,622.4,621.5,621.8,623.1,622.1,622.2,622.1,621.9,621.8,621.7,621.8,622.0,33.7,-78.5,595.2,0.141,0.171,0.222,607.8,601.4,597.5,595.5,598.6,608.7,620.8,637.4,660.7,688.3,716.7,743.5,764.3,779.4,789.3,797.4,804.2,625.5,639.6,658.5,676.1,691.1,731.2,750.2,767.8,783.1,789.9,705.7,700.3,695.1,689.8,665.8,675.0,684.7,697.1,708.4,640.8,652.5,665.0,673.3,661.5,649.2,732.0,743.7,756.3,764.5,754.4,742.3,639.5,655.4,669.3,679.1,691.5,704.7,716.4,700.1,684.9,672.1,661.2,649.5,645.1,666.7,677.1,689.5,709.7,688.3,675.9,665.4,164.8,197.1,230.0,261.6,290.9,315.8,334.6,349.5,357.6,360.5,352.9,340.6,322.2,297.6,269.7,240.4,211.5,146.8,134.0,132.4,139.7,150.9,161.3,159.0,161.3,169.1,184.3,182.6,200.2,217.8,236.1,244.9,251.3,257.2,257.0,255.5,172.3,168.8,172.0,180.9,181.5,178.3,195.5,191.8,195.1,203.4,204.6,201.5,281.7,276.5,276.3,281.8,282.3,289.6,300.3,305.4,305.0,302.6,298.8,292.3,283.1,285.8,289.4,291.4,299.1,292.9,291.0,287.5,-23.7,-28.6,-31.7,-33.3,-30.5,-22.6,-13.5,-1.8,14.1,33.1,53.6,73.4,88.7,99.1,105.5,110.5,115.2,-10.1,-0.3,12.7,24.5,34.4,61.2,74.0,86.0,96.5,101.5,44.0,39.9,36.1,32.3,17.3,23.2,29.5,37.7,45.3,0.6,8.6,17.0,22.7,14.6,6.3,62.2,70.0,78.5,84.3,77.1,69.0,-0.3,10.3,19.5,25.9,34.1,43.3,51.8,40.1,29.7,21.2,14.0,6.4,3.5,17.7,24.6,32.9,47.0,32.0,23.8,16.9,-143.7,-120.6,-96.9,-73.5,-51.0,-31.9,-17.9,-7.2,-1.7,0.4,-4.9,-13.8,-27.0,-44.4,-63.8,-84.0,-104.1,-148.8,-156.2,-155.7,-149.3,-140.8,-133.3,-135.0,-133.7,-128.7,-119.0,-118.7,-105.8,-93.2,-80.5,-76.8,-72.1,-67.7,-68.0,-69.1,-128.9,-130.6,-128.0,-121.8,-121.5,-124.0,-111.2,-113.5,-111.2,-106.0,-104.8,-106.9,-53.4,-56.0,-55.6,-51.8,-51.6,-47.1,-40.5,-36.5,-36.4,-37.9,-40.5,-45.2,-52.2,-49.3,-46.8,-45.6,-41.1,-44.5,-45.7,-48.2,644.1,648.0,652.4,653.4,645.3,632.1,616.4,601.9,595.7,600.4,610.7,621.1,624.2,622.4,618.4,614.4,613.6,610.7,604.9,598.5,593.0,589.1,587.0,587.7,588.7,589.8,592.5,585.5,579.4,573.7,568.2,584.0,579.8,576.7,577.4,578.8,601.0,597.5,595.6,594.8,595.4,597.4,591.8,590.6,590.3,592.2,590.2,590.3,596.7,586.2,581.4,579.7,580.2,585.5,593.5,584.5,578.9,577.4,579.2,585.1,593.8,582.0,580.4,581.3,590.7,580.6,579.6,581.5,1.4669999999999999,0.03,0.157,0.225,690.047,244.07299999999998,-40.949,16.342,-24.680999999999997,-1.79,-7.567,10.097000000000001,-2.588,-1.921,-0.7609999999999999,-0.7340000000000001,-8.132,1.4480000000000002,5.346,-0.289,-1.4869999999999999,3.052,-5.091,-8.838,-2.8789999999999996,0.369,-1.568,-1.304,0.9790000000000001,-2.734,1.8880000000000001,-0.546,-0.09699999999999999,-0.11,-0.447,0.07400000000000001,0.19899999999999998,-0.36200000000000004,-0.185,0.446,0.12,0.41,0.0,0.24,0.15,2.57,0.0,0.24,0.17,0.37,0.53,0.62,0.0,0.0,0.0,0.6,0.0,0.0,1.0,0.0,1.0,0.0,1.0,0.0,0.0,0.0,1.0,0.0,1.0,0.0,0.0,0.0,0.0,0.0,0.0
70,0,2.878,0.98,1,-0.08427899999999999,0.22025100000000003,-0.9717950000000001,-0.185225,0.20294500000000001,-0.961512,-0.139,0.215,647.4,651.1,657.6,663.0,664.3,660.9,654.2,648.7,637.6,642.9,649.6,656.7,662.6,666.4,668.3,664.6,659.6,653.7,647.4,641.7,652.4,654.8,657.7,659.3,658.7,656.3,653.4,651.8,738.3,742.6,749.3,754.4,754.9,750.5,743.8,738.2,732.0,735.8,741.0,747.2,753.4,758.7,762.5,757.1,750.8,744.5,739.0,734.5,743.1,745.4,748.6,750.6,750.4,748.0,744.9,742.8,169.9,164.2,162.7,166.5,173.2,179.5,180.4,176.7,171.0,169.4,168.9,169.5,171.9,175.3,179.2,180.8,180.8,180.1,178.2,175.2,173.9,175.5,174.9,172.3,169.3,167.7,168.3,170.9,192.9,187.9,187.0,190.7,196.9,201.9,202.8,199.5,196.6,193.7,191.9,192.1,194.6,198.3,202.8,204.3,204.2,203.2,201.6,199.8,197.4,199.1,198.7,196.4,193.5,191.7,192.2,194.5,4.9,7.4,11.6,15.3,16.2,13.9,9.4,5.8,-1.6,1.9,6.4,11.0,15.0,17.6,18.9,16.4,13.0,9.1,4.9,1.1,8.2,9.8,11.8,12.8,12.5,10.8,8.9,7.8,66.2,69.3,73.7,76.9,77.0,73.9,69.5,66.0,62.2,64.6,67.9,71.9,76.0,79.7,82.4,78.4,74.0,69.8,66.3,63.6,69.3,70.8,72.9,74.3,74.3,72.8,70.7,69.3,-125.7,-129.7,-130.9,-128.6,-124.2,-119.9,-119.1,-121.3,-125.6,-126.3,-126.3,-125.9,-124.8,-123.1,-121.0,-119.5,-119.0,-119.2,-120.4,-122.6,-123.5,-122.5,-123.0,-124.8,-126.7,-127.8,-127.2,-125.5,-112.6,-116.2,-116.7,-113.9,-109.3,-105.8,-105.3,-107.8,-110.5,-112.1,-113.0,-112.6,-110.8,-108.5,-105.7,-104.3,-104.1,-104.8,-106.1,-107.9,-109.4,-108.1,-108.3,-110.0,-112.1,-113.4,-113.2,-111.5,578.9,579.4,580.4,581.4,581.7,581.6,580.2,579.2,581.7,579.7,578.3,578.4,580.4,583.0,585.6,583.5,581.0,579.5,579.3,580.2,580.6,581.0,581.5,581.7,581.6,581.2,580.7,580.5,589.5,590.6,590.2,588.6,586.6,585.4,585.8,587.7,591.6,589.9,588.1,586.6,586.3,587.1,588.4,586.1,584.7,584.7,586.2,588.9,588.5,587.7,587.6,588.1,589.0,589.8,590.0,589.4,31.8,-78.1,591.3,0.14400000000000002,0.188,0.22,606.4,600.2,596.4,594.4,597.4,607.3,619.2,635.4,658.5,686.5,715.6,742.9,763.8,778.8,788.5,796.4,803.0,623.1,637.3,656.0,673.2,688.1,728.5,747.5,765.1,780.6,787.7,703.1,697.5,692.2,686.8,663.1,672.2,681.8,694.3,705.7,638.0,649.7,662.1,670.6,658.6,646.4,729.3,741.1,753.7,762.2,751.7,739.7,636.8,652.3,666.5,676.3,688.7,702.3,714.2,697.5,682.0,669.0,658.0,646.3,642.4,663.9,674.4,686.8,707.3,685.6,673.0,662.5,164.1,196.7,230.1,261.9,291.4,316.2,334.8,349.5,357.6,360.5,352.7,340.3,321.9,297.3,269.6,240.6,212.2,145.0,132.9,131.5,138.9,150.2,160.9,159.0,161.2,168.6,183.4,182.4,199.7,217.0,235.0,244.2,250.5,256.5,256.3,254.8,171.5,168.3,171.5,180.4,180.7,177.5,195.3,191.7,195.1,203.3,204.3,201.2,281.4,275.7,275.3,280.8,281.3,288.9,300.1,305.8,305.8,303.4,299.6,292.8,282.8,285.2,288.7,290.8,298.9,293.2,291.3,287.8,-24.6,-29.4,-32.4,-33.9,-31.3,-23.6,-14.6,-3.2,12.5,31.7,52.4,72.5,87.6,97.9,104.0,108.9,113.3,-11.7,-1.9,10.9,22.4,32.1,58.9,71.6,83.5,94.0,99.2,41.9,37.8,33.9,30.1,15.3,21.2,27.4,35.6,43.1,-1.3,6.6,14.9,20.6,12.6,4.4,60.0,67.7,76.1,82.0,74.8,66.7,-2.2,8.2,17.5,23.8,32.0,41.3,49.9,38.2,27.6,19.0,11.9,4.2,1.6,15.8,22.6,30.8,45.1,30.0,21.7,14.9,-143.7,-120.5,-96.6,-73.1,-50.4,-31.5,-17.7,-7.2,-1.6,0.3,-5.1,-13.9,-27.0,-44.2,-63.3,-83.1,-102.8,-149.2,-156.1,-155.3,-148.8,-140.1,-132.4,-133.9,-132.7,-127.9,-118.6,-117.9,-105.3,-93.0,-80.5,-76.7,-72.0,-67.7,-67.9,-69.0,-128.7,-130.1,-127.4,-121.3,-121.2,-123.8,-110.6,-112.7,-110.3,-105.2,-104.2,-106.3,-53.3,-56.1,-55.8,-52.0,-51.7,-47.2,-40.3,-35.9,-35.6,-37.1,-39.7,-44.7,-52.1,-49.4,-46.9,-45.6,-41.0,-44.0,-45.2,-47.6,641.8,646.0,650.5,651.7,643.6,630.2,614.2,599.2,592.5,596.6,606.5,616.5,619.2,617.0,612.8,609.0,608.4,607.2,601.2,594.6,588.7,584.5,582.1,582.9,583.9,585.0,587.7,580.9,574.9,569.1,563.5,579.9,575.6,572.3,572.7,573.9,597.6,593.6,591.5,590.6,591.4,593.5,587.3,586.1,585.6,587.4,585.5,585.7,593.2,582.2,576.8,575.0,575.4,580.6,589.0,580.3,575.0,573.7,575.6,581.8,590.3,577.7,576.0,576.8,586.3,576.5,575.7,577.7,1.4769999999999999,0.032,0.179,0.223,687.697,243.76,-38.57,18.462,-22.941999999999997,-1.7180000000000002,-7.691,7.778,-1.824,-0.8059999999999999,-1.055,-0.49,-6.811,2.39,5.667999999999999,-0.239,-1.163,2.9730000000000003,-5.04,-9.663,-3.537,-0.23800000000000002,-1.304,-1.4780000000000002,0.96,-2.521,1.579,-0.597,-0.40299999999999997,-0.025,-0.496,0.018000000000000002,0.222,-0.37799999999999995,-0.151,0.45399999999999996,0.11,0.28,0.03,0.24,0.12,2.75,0.0,0.14,0.12,0.25,0.41,0.6,0.0,0.0,0.08,0.66,0.0,0.0,1.0,0.0,1.0,0.0,1.0,0.0,0.0,0.0,1.0,0.0,1.0,0.0,0.0,0.0,0.0,0.0,0.0
71,0,2.92,0.98,1,-0.11825,0.228479,-0.966341,-0.212344,0.196128,-0.957311,-0.17,0.217,646.5,650.3,657.0,662.6,663.7,660.1,653.2,647.6,637.0,642.1,648.7,655.8,661.9,665.9,668.0,664.0,658.7,652.7,646.5,640.8,651.5,654.0,657.0,658.7,658.2,655.7,652.8,651.0,737.5,741.9,748.7,753.9,754.5,750.1,743.3,737.6,731.2,735.2,740.5,746.8,753.0,758.3,762.1,756.7,750.4,744.1,738.5,733.8,742.4,744.8,748.1,750.2,749.9,747.4,744.2,742.1,169.6,163.8,162.6,166.5,173.4,179.7,180.4,176.5,170.9,169.0,168.6,169.2,171.6,175.3,179.4,181.0,180.9,180.0,178.0,175.0,173.7,175.5,174.9,172.3,169.3,167.5,168.1,170.7,192.9,187.9,187.0,190.8,197.0,202.1,203.0,199.7,196.6,193.8,192.1,192.4,195.0,198.8,203.1,204.6,204.4,203.4,201.6,199.8,197.6,199.4,198.9,196.5,193.5,191.7,192.1,194.6,4.2,6.8,11.2,14.9,15.6,13.3,8.7,5.0,-2.0,1.4,5.7,10.4,14.4,17.1,18.6,15.9,12.3,8.3,4.2,0.5,7.6,9.2,11.2,12.3,12.0,10.4,8.4,7.3,64.9,68.0,72.5,75.7,75.9,72.8,68.3,64.7,60.9,63.4,66.7,70.7,74.8,78.5,81.2,77.3,72.9,68.7,65.2,62.3,68.0,69.6,71.7,73.2,73.1,71.5,69.4,67.9,-125.1,-129.0,-130.0,-127.6,-123.1,-118.9,-118.2,-120.7,-125.0,-125.7,-125.6,-125.2,-123.9,-122.1,-119.8,-118.4,-118.0,-118.3,-119.7,-121.9,-122.7,-121.6,-122.1,-123.8,-125.8,-126.9,-126.5,-124.7,-111.2,-114.8,-115.3,-112.5,-108.0,-104.4,-103.8,-106.4,-109.1,-110.7,-111.5,-111.0,-109.2,-106.9,-104.3,-102.9,-102.7,-103.4,-104.8,-106.5,-107.9,-106.6,-106.9,-108.6,-110.7,-112.1,-111.8,-110.1,575.0,575.4,576.2,576.9,577.1,577.0,576.0,575.3,578.2,576.0,574.3,574.1,575.7,578.1,580.6,578.7,576.5,575.3,575.4,576.6,576.5,576.8,577.2,577.3,577.2,576.9,576.6,576.4,582.3,583.5,583.3,581.7,579.7,578.5,578.8,580.5,584.4,582.7,581.0,579.6,579.4,580.3,581.7,579.3,577.8,577.7,579.1,581.7,581.4,580.7,580.6,581.1,582.1,582.8,582.9,582.4,30.1,-77.8,588.0,0.138,0.205,0.259,608.8,601.5,596.9,594.4,595.7,603.6,613.6,628.8,650.8,677.4,706.3,734.5,757.6,774.9,786.9,796.7,805.3,624.9,639.9,657.1,672.7,685.8,729.5,749.5,767.4,783.6,792.7,700.8,695.1,689.7,683.9,661.2,669.6,678.7,691.1,702.5,637.3,648.9,661.5,670.3,657.8,645.5,728.4,740.3,753.3,762.3,751.4,739.0,634.2,649.2,663.1,672.5,684.6,698.3,710.6,693.0,677.2,664.5,654.0,642.8,639.9,660.0,670.2,682.2,703.7,680.7,668.6,658.4,161.4,192.0,224.1,255.2,285.0,311.2,332.0,349.7,359.6,363.8,357.7,346.6,329.5,305.4,276.9,246.3,216.4,138.4,129.5,130.7,138.8,149.6,160.7,158.3,160.0,166.9,181.1,182.5,199.5,216.5,234.2,243.4,250.0,255.9,255.9,254.8,171.0,168.0,171.5,180.2,180.7,177.3,195.4,192.0,195.4,203.4,204.8,201.6,280.9,274.8,274.4,279.9,280.7,289.0,301.0,306.6,306.2,303.5,299.5,292.2,282.5,284.4,288.0,290.4,299.6,293.4,291.2,287.5,-22.6,-28.1,-31.7,-33.6,-32.3,-26.1,-18.5,-7.7,7.3,25.3,45.6,66.0,82.4,94.2,102.0,108.1,113.8,-10.4,-0.0,11.6,21.9,30.4,58.7,72.0,84.0,95.2,102.0,40.0,36.0,32.1,28.2,14.0,19.4,25.2,33.2,40.8,-1.9,6.0,14.5,20.4,12.0,3.7,58.8,66.7,75.3,81.4,74.0,65.7,-3.9,6.1,15.1,21.2,29.1,38.4,47.1,34.9,24.3,16.0,9.2,1.9,-0.0,13.2,19.8,27.6,42.4,26.7,18.7,12.1,-144.1,-122.6,-99.8,-77.2,-54.7,-34.9,-19.6,-7.0,-0.3,2.6,-1.6,-9.3,-21.4,-38.1,-57.7,-78.4,-98.9,-152.7,-157.4,-154.8,-147.9,-139.7,-130.8,-132.7,-132.0,-128.0,-119.5,-116.9,-104.7,-92.8,-80.7,-76.9,-72.0,-67.8,-67.8,-68.7,-129.0,-130.0,-127.2,-121.0,-120.9,-123.7,-109.6,-111.7,-109.3,-104.3,-103.0,-105.1,-53.5,-56.4,-56.1,-52.3,-51.8,-46.8,-39.4,-35.1,-35.1,-36.9,-39.6,-44.9,-52.0,-49.7,-47.1,-45.5,-40.2,-43.6,-45.0,-47.6,634.9,638.5,642.6,644.5,637.8,626.3,612.9,598.2,589.8,592.0,600.9,610.7,613.3,610.9,607.3,603.4,602.3,603.2,597.4,590.6,584.9,580.8,574.2,575.8,577.3,580.2,584.3,576.4,571.1,566.1,561.1,577.4,573.1,569.6,569.7,570.9,597.1,592.7,590.2,588.8,589.8,592.4,582.6,581.7,581.1,582.7,580.7,580.8,591.4,579.2,573.7,571.6,571.2,576.1,584.3,575.5,571.1,570.9,573.0,579.6,587.6,574.8,572.6,572.6,582.0,572.6,572.7,575.0,1.4869999999999999,0.024,0.19699999999999998,0.261,685.4889999999999,243.62900000000002,-45.028,6.018,-22.546999999999997,1.5290000000000001,-6.044,5.687,-3.158,3.509,-1.135,-4.188,-7.909,3.8169999999999997,-1.7309999999999999,-0.7290000000000001,3.8939999999999997,5.331,-6.268,-7.977,-5.695,-1.751,-2.92,-1.49,2.7239999999999998,-2.031,1.6,-0.16699999999999998,0.36,-0.24,-0.174,-0.055,0.21100000000000002,-0.35700000000000004,-0.083,0.467,0.09,0.26,0.04,0.19,0.07,2.6,0.0,0.11,0.07,0.13,0.36,0.62,0.0,0.0,0.08,0.67,0.0,0.0,1.0,0.0,1.0,0.0,1.0,0.0,0.0,0.0,1.0,0.0,1.0,0.0,0.0,0.0,0.0,0.0,0.0
72,0,2.9610000000000003,0.98,1,-0.11358199999999999,0.23539200000000002,-0.965241,-0.207263,0.208583,-0.9557899999999999,-0.165,0.22699999999999998,646.1,649.9,656.5,662.0,663.1,659.6,652.7,647.2,636.5,641.6,648.3,655.3,661.4,665.4,667.5,663.5,658.3,652.3,646.0,640.4,651.1,653.5,656.5,658.2,657.7,655.2,652.3,650.6,737.1,741.5,748.2,753.2,753.6,749.2,742.6,737.0,730.7,734.8,740.1,746.3,752.4,757.6,761.3,755.9,749.6,743.3,737.8,733.2,741.8,744.2,747.3,749.4,749.2,746.8,743.7,741.6,170.0,164.3,163.1,167.0,173.8,180.0,180.8,176.8,171.2,169.4,169.0,169.6,172.1,175.7,179.9,181.5,181.4,180.5,178.5,175.4,174.1,175.9,175.3,172.8,169.8,168.0,168.6,171.1,193.6,188.6,187.9,191.8,198.1,203.1,203.8,200.3,196.9,194.3,192.9,193.4,196.0,199.8,204.1,205.5,205.2,203.9,202.1,200.1,198.3,200.1,199.8,197.4,194.5,192.6,193.0,195.3,4.0,6.5,10.9,14.5,15.3,12.9,8.4,4.8,-2.3,1.1,5.4,10.1,14.1,16.8,18.3,15.6,12.1,8.1,4.0,0.3,7.3,9.0,10.9,12.0,11.7,10.1,8.1,7.0,65.7,68.8,73.3,76.5,76.6,73.5,69.0,65.5,61.7,64.2,67.6,71.6,75.7,79.4,82.1,78.1,73.6,69.4,65.9,63.0,68.8,70.3,72.4,73.9,73.8,72.3,70.2,68.8,-125.3,-129.1,-130.1,-127.7,-123.2,-119.1,-118.4,-120.8,-125.2,-125.9,-125.8,-125.4,-124.1,-122.2,-119.9,-118.5,-118.1,-118.4,-119.7,-122.0,-122.9,-121.8,-122.2,-124.0,-125.9,-127.0,-126.6,-124.9,-112.6,-116.1,-116.6,-113.6,-109.1,-105.5,-105.1,-107.8,-110.8,-112.2,-112.8,-112.3,-110.5,-108.1,-105.5,-104.1,-104.1,-104.9,-106.4,-108.2,-109.3,-107.9,-108.2,-109.8,-112.0,-113.3,-113.1,-111.5,577.1,577.5,578.3,578.9,579.1,579.0,577.9,577.2,580.3,578.1,576.4,576.1,577.7,580.1,582.6,580.7,578.5,577.2,577.3,578.6,578.5,578.8,579.2,579.3,579.3,579.0,578.6,578.4,592.1,593.1,592.8,591.3,589.6,588.6,588.9,590.6,594.5,592.7,590.9,589.5,589.4,590.5,591.9,589.6,588.1,588.0,589.4,591.9,591.4,590.7,590.5,591.0,591.8,592.5,592.6,592.2,30.3,-78.3,591.5,0.142,0.185,0.263,608.4,601.0,596.2,593.4,594.6,602.6,612.9,628.5,650.7,677.1,705.7,733.3,756.2,773.6,785.6,795.4,804.0,624.6,639.6,656.8,672.2,685.2,729.4,749.1,766.7,782.6,791.9,700.3,694.9,689.6,684.0,661.2,669.7,678.9,691.2,702.6,636.9,648.4,660.9,669.9,657.3,645.2,728.1,739.8,752.6,761.5,750.8,738.6,634.5,649.7,663.2,673.1,685.6,699.0,710.8,694.4,679.1,666.0,655.2,644.0,640.3,660.3,670.9,683.3,704.1,682.4,669.8,659.3,159.9,190.3,222.1,252.9,282.6,308.9,329.8,347.9,358.2,362.9,357.5,347.3,330.7,306.9,278.1,247.3,217.1,138.2,129.7,131.4,139.6,150.2,161.8,159.6,161.3,167.7,181.3,183.4,200.5,217.5,235.3,243.9,250.6,256.6,256.5,255.2,171.3,168.6,172.0,180.5,181.0,177.7,196.0,192.9,196.3,204.1,205.4,202.2,280.4,275.1,275.0,280.7,281.5,289.2,300.4,305.0,304.5,301.9,297.8,290.9,282.1,284.6,288.4,290.7,299.0,292.2,290.0,286.2,-23.0,-28.6,-32.3,-34.5,-33.3,-26.9,-19.1,-7.9,7.3,25.3,45.5,65.7,82.4,94.3,102.1,108.2,113.9,-10.7,-0.3,11.4,21.6,30.2,59.1,72.4,84.3,95.3,102.3,40.0,36.1,32.3,28.5,14.1,19.6,25.5,33.6,41.2,-2.1,5.8,14.2,20.2,11.8,3.6,59.1,66.9,75.4,81.7,74.2,66.0,-3.7,6.4,15.3,21.8,30.0,39.2,47.7,36.0,25.7,17.1,10.0,2.6,0.2,13.4,20.4,28.6,42.9,27.9,19.7,12.7,-145.7,-124.3,-101.8,-79.3,-56.7,-36.8,-21.2,-8.3,-1.2,2.0,-1.7,-9.0,-20.7,-37.5,-57.4,-78.4,-99.2,-153.7,-158.0,-155.1,-148.2,-140.1,-131.0,-132.9,-132.2,-128.5,-120.3,-117.2,-104.9,-92.9,-80.6,-77.2,-72.1,-67.8,-67.9,-68.9,-129.4,-130.4,-127.5,-121.6,-121.4,-124.1,-110.1,-112.0,-109.7,-104.7,-103.5,-105.6,-54.0,-56.5,-56.1,-52.2,-51.6,-47.0,-40.1,-36.4,-36.5,-38.2,-41.0,-46.0,-52.6,-49.9,-47.2,-45.7,-40.9,-44.7,-46.1,-48.8,637.0,641.0,645.7,648.1,641.4,629.6,615.7,600.9,592.9,596.1,605.9,616.8,620.0,617.6,613.6,609.1,607.6,606.2,600.3,593.8,588.4,584.4,578.5,580.3,582.1,584.9,589.4,580.6,575.3,570.3,565.4,581.6,577.2,573.8,574.0,575.3,600.0,595.9,593.6,592.7,593.3,595.7,587.3,586.6,586.2,588.0,585.8,585.7,593.9,582.2,577.8,575.8,575.7,580.6,588.6,579.5,574.9,574.4,576.3,582.4,590.2,578.5,576.5,576.8,585.9,576.6,576.4,578.6,1.4769999999999999,0.03,0.174,0.265,685.3689999999999,243.59599999999998,-42.611999999999995,4.718,-24.816999999999997,-0.048,-7.867999999999999,7.999,-3.358,6.8260000000000005,-0.231,-4.862,-9.187999999999999,3.444,-1.6980000000000002,-0.091,4.253,5.257999999999999,-8.193999999999999,-8.801,-6.325,-2.281,-2.799,-0.735,1.942,-2.108,1.7009999999999998,-0.14400000000000002,-0.107,-0.38,-0.055999999999999994,-0.209,0.111,-0.37,-0.17600000000000002,0.373,0.05,0.37,0.04,0.08,0.1,2.57,0.06,0.14,0.05,0.17,0.39,0.64,0.0,0.0,0.08,0.64,0.0,0.0,1.0,0.0,1.0,0.0,1.0,0.0,0.0,0.0,1.0,0.0,1.0,0.0,0.0,0.0,0.0,0.0,0.0
73,0,3.003,0.98,1,-0.088978,0.217464,-0.9720040000000001,-0.197365,0.191125,-0.961519,-0.147,0.20800000000000002,646.1,649.8,656.2,661.6,662.7,659.2,652.6,647.3,636.2,641.4,648.2,655.1,661.0,664.7,666.5,662.8,657.8,652.0,645.8,640.1,650.9,653.3,656.2,657.8,657.3,654.9,652.1,650.4,736.6,741.0,747.7,752.7,753.2,748.7,742.0,736.5,730.2,734.1,739.3,745.6,751.8,757.1,760.7,755.3,749.0,742.7,737.2,732.6,741.2,743.6,746.8,748.9,748.7,746.3,743.1,741.0,170.6,165.0,163.7,167.5,174.2,180.3,181.1,177.3,171.6,170.0,169.6,170.3,172.7,176.2,180.1,181.9,181.9,181.1,179.1,176.0,174.6,176.3,175.7,173.2,170.2,168.5,169.1,171.6,194.8,189.9,189.1,192.9,199.0,203.9,204.6,201.3,198.6,195.7,194.0,194.2,196.9,200.8,205.3,206.7,206.3,205.2,203.5,201.7,199.3,201.1,200.8,198.5,195.6,193.8,194.1,196.5,4.1,6.6,10.8,14.4,15.2,12.9,8.4,4.8,-2.5,1.0,5.4,10.1,14.0,16.5,17.8,15.3,11.9,8.0,3.9,0.1,7.3,8.9,10.8,11.9,11.6,10.0,8.1,6.9,64.8,67.9,72.4,75.6,75.6,72.4,68.0,64.5,60.7,63.2,66.5,70.6,74.6,78.3,80.9,76.9,72.6,68.4,64.9,62.1,67.8,69.3,71.4,72.9,72.9,71.4,69.3,67.8,-126.1,-129.9,-131.0,-128.7,-124.3,-120.1,-119.3,-121.7,-126.0,-126.7,-126.6,-126.2,-125.0,-123.2,-121.1,-119.5,-119.0,-119.2,-120.5,-122.8,-123.8,-122.7,-123.2,-125.0,-126.9,-128.0,-127.5,-125.8,-110.9,-114.4,-114.9,-112.0,-107.5,-104.1,-103.6,-106.1,-108.7,-110.3,-111.2,-110.7,-108.9,-106.5,-103.6,-102.3,-102.3,-103.0,-104.4,-106.1,-107.6,-106.3,-106.5,-108.2,-110.3,-111.6,-111.4,-109.8,582.4,583.0,584.0,585.0,585.3,585.1,583.7,582.7,585.4,583.4,582.0,582.0,583.9,586.5,589.1,587.1,584.6,583.1,582.9,583.9,584.1,584.6,585.1,585.3,585.2,584.7,584.3,584.0,587.2,588.4,588.1,586.5,584.4,583.1,583.4,585.3,589.2,587.6,585.9,584.4,584.2,585.0,586.2,583.9,582.4,582.4,583.9,586.5,586.2,585.4,585.3,585.9,586.8,587.6,587.8,587.2,30.4,-77.9,592.4,0.139,0.19,0.242,606.6,599.9,595.5,592.8,594.7,603.6,615.2,631.3,654.2,681.9,711.0,738.5,760.2,776.0,786.6,795.1,802.4,622.8,637.1,655.0,671.3,685.3,727.7,746.9,764.3,779.8,788.0,700.5,694.7,689.3,683.6,660.4,669.4,678.9,691.3,702.9,636.6,648.1,660.4,669.0,656.9,644.8,727.7,739.4,752.0,760.7,750.0,738.0,634.4,649.8,663.5,673.6,686.4,699.9,712.0,695.6,680.3,667.0,655.9,644.3,640.0,660.9,671.7,684.5,705.1,683.7,670.8,660.1,163.5,194.9,227.1,258.2,287.5,312.6,332.0,347.9,356.8,360.6,354.2,343.6,326.6,302.9,275.3,246.1,217.6,142.3,131.9,132.0,139.9,151.3,163.0,161.2,163.3,170.1,184.0,184.5,201.5,218.5,236.2,245.1,251.7,257.7,257.5,256.1,172.0,169.0,172.5,181.4,181.6,178.3,197.3,193.9,197.4,205.5,206.5,203.3,281.0,276.2,276.3,281.9,282.6,289.9,300.6,304.7,304.3,301.8,297.9,291.5,282.5,285.7,289.4,291.6,299.2,292.5,290.5,286.8,-24.5,-29.7,-33.1,-35.2,-33.4,-26.3,-17.5,-6.0,9.6,28.6,49.3,69.5,85.3,96.2,102.9,108.2,113.1,-12.0,-2.0,10.2,21.1,30.3,58.3,71.2,83.0,93.6,99.7,40.2,36.0,32.1,28.2,13.6,19.4,25.5,33.7,41.3,-2.3,5.5,13.9,19.7,11.5,3.3,59.0,66.7,75.1,81.2,73.8,65.7,-3.8,6.5,15.5,22.1,30.6,39.8,48.6,36.9,26.5,17.7,10.5,2.9,-0.0,13.9,20.9,29.4,43.7,28.8,20.3,13.3,-144.2,-122.0,-98.9,-76.0,-53.4,-34.2,-19.7,-8.3,-2.1,0.4,-4.1,-11.6,-23.7,-40.4,-59.5,-79.4,-99.2,-151.5,-157.0,-155.2,-148.3,-139.7,-130.9,-132.4,-131.3,-127.1,-118.5,-116.8,-104.3,-92.2,-80.0,-76.4,-71.5,-67.1,-67.2,-68.3,-128.9,-130.0,-127.2,-121.0,-121.0,-123.7,-109.5,-111.5,-109.1,-104.0,-103.0,-105.1,-53.7,-55.9,-55.3,-51.5,-51.0,-46.6,-40.1,-36.7,-36.6,-38.2,-40.9,-45.6,-52.4,-49.2,-46.6,-45.2,-40.8,-44.5,-45.8,-48.4,642.3,646.4,651.0,652.8,645.1,631.8,615.8,600.3,592.8,596.9,607.0,617.7,620.9,618.8,614.5,610.5,609.6,608.8,602.4,595.6,589.7,585.5,581.5,582.8,584.1,585.8,589.1,582.0,576.1,570.5,565.1,581.9,577.5,574.0,574.2,575.3,600.0,595.8,593.6,592.9,593.5,595.8,588.5,587.5,587.1,589.1,586.9,586.9,594.3,583.1,578.4,576.5,576.7,581.8,590.0,581.0,575.6,574.5,576.4,582.6,591.1,579.0,577.2,577.8,587.2,577.4,576.7,578.8,1.474,0.027000000000000003,0.18100000000000002,0.244,685.554,244.419,-36.073,13.378,-24.639,-3.7880000000000003,-7.391,9.318,-3.1289999999999996,4.52,-0.662,-0.684,-7.722,2.878,2.7960000000000003,-0.152,1.454,3.423,-7.22,-9.789,-4.581,-1.0290000000000001,-1.541,-1.035,0.08800000000000001,-2.957,1.901,-0.381,-0.475,-0.075,-0.306,-0.147,0.18899999999999997,-0.4,-0.23399999999999999,0.45899999999999996,0.05,0.45,0.01,0.15,0.14,2.5,0.09,0.24,0.08,0.35,0.45,0.68,0.0,0.0,0.0,0.56,0.0,0.0,1.0,0.0,1.0,0.0,1.0,0.0,0.0,0.0,1.0,0.0,1.0,0.0,0.0,0.0,0.0,0.0,0.0
74,0,3.045,0.98,1,-0.11558800000000001,0.229528,-0.966414,-0.19766,0.19581099999999999,-0.960515,-0.161,0.217,645.4,649.2,655.8,661.3,662.5,658.9,652.1,646.6,636.1,641.2,647.9,654.9,660.8,664.8,666.7,662.8,657.6,651.7,645.5,639.9,650.5,652.9,655.8,657.5,656.9,654.5,651.7,650.0,736.2,740.7,747.4,752.3,752.7,748.2,741.5,736.1,729.6,733.5,738.7,745.1,751.5,756.7,760.3,754.9,748.6,742.3,736.7,732.1,741.0,743.2,746.3,748.3,748.2,745.9,742.9,740.8,171.3,165.6,164.2,168.1,174.9,181.1,181.9,178.1,172.1,170.3,169.9,170.6,173.1,176.8,181.1,182.7,182.7,181.8,179.7,176.5,175.2,176.9,176.3,173.8,170.9,169.2,169.8,172.3,195.6,190.7,190.1,194.0,200.3,205.2,205.8,202.3,199.6,196.6,194.9,195.2,198.0,202.0,206.7,208.1,207.7,206.5,204.7,202.7,200.3,202.1,201.8,199.5,196.7,194.8,195.2,197.4,3.6,6.1,10.5,14.1,14.9,12.6,8.0,4.4,-2.6,0.8,5.2,9.8,13.8,16.5,17.9,15.2,11.7,7.7,3.6,-0.1,7.0,8.6,10.5,11.6,11.3,9.7,7.7,6.6,64.4,67.5,72.0,75.1,75.1,72.0,67.6,64.1,60.2,62.7,66.0,70.1,74.3,77.9,80.5,76.6,72.2,68.0,64.5,61.6,67.5,68.9,71.0,72.4,72.4,70.9,68.9,67.5,-125.0,-128.8,-129.8,-127.4,-123.0,-118.9,-118.1,-120.5,-125.1,-125.8,-125.7,-125.2,-123.9,-122.0,-119.6,-118.2,-117.8,-118.1,-119.5,-121.9,-122.7,-121.6,-122.1,-123.7,-125.7,-126.7,-126.3,-124.6,-110.0,-113.5,-113.9,-111.0,-106.4,-103.0,-102.6,-105.3,-107.8,-109.5,-110.3,-109.8,-107.9,-105.4,-102.6,-101.2,-101.2,-102.0,-103.5,-105.2,-106.8,-105.5,-105.6,-107.2,-109.3,-110.6,-110.5,-108.9,579.4,579.7,580.3,581.1,581.4,581.5,580.4,579.7,582.6,580.4,578.6,578.4,580.0,582.5,585.0,583.2,581.0,579.8,579.8,581.0,580.9,581.2,581.5,581.6,581.5,581.2,580.9,580.8,585.8,586.8,586.5,585.0,583.2,582.2,582.5,584.2,588.1,586.4,584.5,583.1,582.9,584.0,585.4,583.1,581.6,581.5,582.9,585.5,585.0,584.3,584.2,584.6,585.5,586.1,586.3,585.8,29.6,-77.2,590.7,0.149,0.187,0.258,607.4,600.3,595.6,592.5,593.5,601.2,611.6,627.0,649.6,677.0,706.5,734.7,757.5,774.2,785.6,794.8,802.9,622.7,636.8,654.2,670.1,683.8,728.1,747.6,765.1,780.8,789.3,699.5,693.8,688.4,682.7,659.5,668.4,677.8,690.3,701.9,636.3,647.9,660.4,669.2,656.7,644.5,727.0,738.8,751.7,760.5,749.7,737.4,632.6,648.1,662.0,672.3,685.5,699.4,711.7,694.9,679.2,665.4,654.1,642.4,638.3,659.2,670.2,683.4,704.8,682.5,669.3,658.3,162.3,192.8,224.2,254.6,283.9,309.7,330.5,348.4,358.7,363.2,357.3,346.7,329.7,305.7,277.4,247.7,218.4,141.0,131.2,131.9,140.1,151.3,163.9,162.0,164.1,171.0,184.8,185.5,202.5,219.5,237.2,245.8,252.7,258.8,258.7,257.5,172.3,169.4,173.1,182.1,182.4,178.9,198.3,194.9,198.5,206.7,207.8,204.5,280.9,276.4,276.9,282.8,283.7,291.0,301.8,306.3,305.9,303.2,299.0,291.9,282.7,286.5,290.5,293.0,300.4,293.7,291.4,287.4,-23.7,-29.1,-32.8,-35.2,-34.1,-27.9,-20.0,-8.9,6.5,25.2,46.1,66.8,83.3,94.8,102.1,107.7,113.1,-12.0,-2.2,9.6,20.2,29.2,58.2,71.3,83.1,93.9,100.3,39.4,35.3,31.4,27.5,13.0,18.7,24.7,32.9,40.6,-2.5,5.3,13.8,19.7,11.3,3.1,58.3,66.1,74.7,80.8,73.3,65.1,-5.0,5.4,14.5,21.2,29.9,39.4,48.3,36.4,25.7,16.6,9.3,1.6,-1.1,12.7,19.9,28.5,43.4,28.0,19.2,12.1,-144.1,-122.6,-100.3,-78.1,-55.8,-36.2,-20.8,-8.0,-0.9,2.2,-1.9,-9.4,-21.5,-38.3,-57.9,-78.2,-98.3,-151.8,-156.8,-154.5,-147.6,-139.1,-129.6,-131.2,-130.1,-126.1,-117.6,-115.6,-103.3,-91.3,-79.1,-75.8,-70.7,-66.2,-66.3,-67.3,-128.3,-129.4,-126.4,-120.2,-120.1,-123.0,-108.4,-110.5,-108.0,-102.9,-101.8,-103.9,-53.6,-55.6,-54.8,-50.7,-50.1,-45.7,-39.2,-35.6,-35.5,-37.2,-40.1,-45.3,-52.1,-48.5,-45.7,-44.1,-39.9,-43.6,-45.1,-47.9,637.7,641.8,646.3,648.6,641.9,630.0,615.8,600.6,592.5,596.0,606.0,617.0,620.2,617.8,613.4,608.9,607.7,606.4,599.9,592.8,587.0,583.1,578.3,579.7,581.3,583.5,587.4,579.8,574.1,568.8,563.6,580.8,576.2,572.8,572.9,574.2,598.3,594.0,591.8,591.2,591.8,594.1,586.6,585.6,585.1,587.0,584.9,584.9,593.7,581.8,577.0,574.9,574.8,580.0,588.7,579.2,573.6,572.9,575.0,581.5,590.3,577.8,575.8,576.1,585.8,575.4,575.1,577.4,1.4780000000000002,0.038,0.177,0.26,684.505,245.07299999999998,-38.17,7.138999999999999,-23.429000000000002,-2.02,-8.985,8.906,-5.8260000000000005,5.736000000000001,-0.43799999999999994,-1.829,-9.895,3.4960000000000004,0.695,0.465,3.238,3.182,-6.727,-10.255,-4.953,-2.44,-2.031,-1.6119999999999999,0.32299999999999995,-2.6210000000000004,2.1319999999999997,-0.426,-0.526,-0.040999999999999995,-0.233,-0.22399999999999998,0.147,-0.41100000000000003,-0.26899999999999996,0.408,0.05,0.36,0.01,0.33,0.18,2.51,0.08,0.24,0.14,0.34,0.46,0.62,0.0,0.0,0.27,0.47,0.0,0.0,1.0,0.0,1.0,0.0,1.0,0.0,0.0,0.0,0.0,0.0,1.0,0.0,0.0,0.0,0.0,0.0,0.0
75,0,3.0860000000000003,0.98,1,-0.128364,0.24526599999999998,-0.9609200000000001,-0.22894299999999998,0.198312,-0.953026,-0.185,0.228,645.3,649.2,655.8,661.2,662.2,658.5,651.7,646.3,636.0,641.0,647.5,654.5,660.6,664.4,666.3,662.3,656.9,650.9,644.8,639.5,650.3,652.7,655.6,657.3,656.8,654.5,651.6,649.9,736.0,740.4,747.1,752.1,752.5,748.1,741.4,735.8,729.3,733.3,738.6,745.1,751.4,756.8,760.4,754.9,748.6,742.2,736.6,731.9,740.7,743.0,746.1,748.2,748.0,745.7,742.5,740.5,171.8,166.2,165.1,169.0,175.7,181.8,182.4,178.5,172.5,170.8,170.6,171.4,173.9,177.5,181.6,183.3,183.2,182.3,180.2,176.9,175.8,177.5,177.0,174.5,171.6,169.9,170.4,172.9,197.0,192.1,191.3,195.3,201.6,206.6,207.3,203.8,200.9,198.1,196.4,196.6,199.5,203.5,208.1,209.6,209.3,208.1,206.2,204.2,201.7,203.5,203.2,200.9,197.9,196.1,196.4,198.7,3.5,6.1,10.5,14.1,14.8,12.4,7.8,4.2,-2.7,0.7,5.0,9.6,13.7,16.4,17.7,14.9,11.3,7.3,3.2,-0.4,6.9,8.5,10.4,11.5,11.2,9.7,7.7,6.6,63.7,66.7,71.1,74.3,74.3,71.3,66.9,63.4,59.5,62.0,65.3,69.4,73.6,77.3,79.9,75.9,71.6,67.4,63.8,60.9,66.7,68.2,70.2,71.7,71.6,70.2,68.1,66.7,-125.3,-129.1,-130.0,-127.5,-123.1,-119.1,-118.5,-120.9,-125.6,-126.3,-126.0,-125.4,-124.0,-122.1,-119.9,-118.4,-118.0,-118.4,-119.9,-122.4,-123.0,-121.9,-122.3,-123.9,-125.9,-126.9,-126.5,-124.9,-108.1,-111.6,-112.1,-109.2,-104.7,-101.2,-100.8,-103.4,-106.0,-107.6,-108.4,-107.9,-106.0,-103.6,-100.8,-99.4,-99.3,-100.1,-101.6,-103.4,-104.9,-103.6,-103.8,-105.4,-107.5,-108.8,-108.6,-107.0,582.7,582.8,583.4,584.1,584.5,584.7,583.8,583.1,586.2,583.8,581.9,581.6,583.2,585.6,588.2,586.4,584.4,583.2,583.4,584.7,584.2,584.5,584.8,584.8,584.6,584.3,584.1,584.0,580.6,581.6,581.3,579.9,578.2,577.2,577.5,579.1,583.0,581.2,579.4,578.0,577.9,579.0,580.6,578.2,576.7,576.5,577.9,580.4,579.9,579.2,579.1,579.6,580.4,581.0,581.2,580.7,28.1,-76.1,588.7,0.16399999999999998,0.22,0.287,609.3,601.3,596.1,592.7,592.4,598.5,607.3,621.6,643.1,669.6,699.0,728.0,752.7,771.7,785.0,796.0,805.8,624.6,639.2,655.6,670.7,683.5,728.0,748.2,765.9,781.9,791.7,697.8,692.0,686.2,680.1,657.6,665.9,674.9,687.4,699.1,635.8,647.5,660.0,668.9,656.2,644.1,726.5,738.6,751.6,760.6,749.7,737.2,629.5,644.4,658.5,668.6,681.7,696.4,709.0,690.8,673.9,660.1,648.8,637.6,635.3,655.1,666.1,679.0,702.2,677.3,664.2,653.2,161.2,190.1,220.2,249.7,278.9,305.9,328.8,349.4,361.5,367.0,362.1,351.9,335.5,311.7,282.7,251.8,221.3,139.4,131.3,133.4,141.6,152.1,165.0,162.9,165.1,172.1,185.9,186.1,203.1,220.1,237.7,245.7,252.8,259.1,259.3,258.5,172.6,170.0,173.8,182.8,182.9,179.2,199.6,196.3,200.0,208.2,209.4,206.1,280.7,275.6,276.1,282.3,283.6,292.0,304.1,310.5,310.3,307.1,302.3,293.8,282.9,285.9,290.3,293.2,302.6,297.6,294.8,290.2,-22.2,-28.1,-32.1,-34.8,-34.7,-29.8,-23.1,-12.7,2.1,20.1,40.7,61.6,79.2,92.1,100.7,107.5,113.9,-10.6,-0.5,10.5,20.5,28.8,57.6,70.9,82.7,93.5,100.6,38.0,33.9,29.9,25.7,11.6,17.0,22.8,30.9,38.6,-2.8,5.1,13.5,19.4,10.9,2.8,57.5,65.3,73.9,80.0,72.5,64.3,-7.1,2.9,12.1,18.7,27.3,37.2,46.1,33.5,22.1,13.1,5.8,-1.6,-3.1,10.0,17.1,25.6,41.4,24.5,15.9,8.7,-143.5,-123.3,-102.2,-81.1,-59.1,-38.8,-22.0,-7.3,1.0,4.7,1.5,-5.7,-17.2,-33.8,-53.7,-74.6,-95.3,-152.0,-155.9,-152.7,-145.7,-137.7,-127.6,-129.1,-127.9,-123.8,-115.5,-114.3,-102.3,-90.5,-78.5,-75.6,-70.3,-65.8,-65.7,-66.3,-127.9,-128.7,-125.6,-119.2,-119.4,-122.4,-106.6,-108.5,-105.9,-100.7,-99.6,-101.9,-53.8,-56.1,-55.2,-50.9,-49.9,-44.8,-37.4,-32.6,-32.5,-34.6,-37.9,-44.1,-52.0,-48.8,-45.7,-43.8,-38.2,-40.9,-42.8,-46.0,631.6,635.2,639.8,643.0,637.9,628.1,616.2,601.7,592.8,594.6,602.9,612.4,614.8,612.1,607.7,603.2,601.2,602.9,596.6,589.5,583.7,579.7,572.5,573.3,574.5,576.7,580.4,575.4,570.6,566.3,561.9,578.9,574.3,570.8,570.6,571.5,597.2,592.6,590.1,588.7,589.9,592.6,581.2,580.0,579.1,580.4,578.8,579.2,594.1,581.0,575.4,572.8,571.9,576.7,585.0,576.9,572.5,572.8,575.3,582.4,590.3,576.5,573.9,573.3,582.9,573.8,574.4,577.2,1.486,0.051,0.21100000000000002,0.29,682.485,246.14700000000002,-47.732,-4.185,-19.372,-0.5920000000000001,-8.231,4.637,-5.334,5.537000000000001,0.10300000000000001,-3.8539999999999996,-9.792,3.569,-2.05,0.539,3.6260000000000003,4.371,-6.377000000000001,-7.644,-5.527,-2.927,-3.205,-1.07,1.883,-2.081,1.575,-0.25,-0.17600000000000002,0.032,-0.028999999999999998,-0.063,0.106,-0.4,-0.10800000000000001,0.45899999999999996,0.02,0.18,0.04,0.33,0.22,2.38,0.02,0.25,0.22,0.25,0.32,0.53,0.0,0.0,0.72,0.61,0.0,0.0,1.0,0.0,1.0,0.0,1.0,0.0,0.0,0.0,0.0,0.0,1.0,0.0,0.0,1.0,0.0,0.0,0.0
76,0,3.128,0.98,1,-0.141044,0.238134,-0.960936,-0.221619,0.20408800000000002,-0.9535370000000001,-0.187,0.22699999999999998,644.8,648.8,655.7,661.3,662.4,658.7,651.5,645.9,636.1,641.0,647.4,654.5,660.8,665.1,667.5,663.1,657.3,651.1,644.9,639.5,650.2,652.7,655.6,657.3,656.8,654.4,651.5,649.8,735.8,740.2,746.8,751.8,752.1,747.7,741.1,735.7,729.2,733.1,738.4,744.8,751.2,756.5,760.0,754.6,748.3,742.1,736.5,731.7,740.6,742.8,745.8,747.8,747.6,745.4,742.4,740.4,172.6,166.9,165.7,169.8,176.7,183.1,183.7,179.6,173.7,171.7,171.2,172.0,174.8,178.9,183.4,184.9,184.5,183.3,181.2,178.0,176.9,178.6,178.1,175.7,172.7,171.0,171.5,173.9,198.1,193.2,192.5,196.4,202.5,207.4,208.1,204.7,202.0,199.0,197.3,197.5,200.5,204.6,209.3,210.6,210.1,208.8,206.9,205.0,202.6,204.4,204.0,201.8,199.0,197.3,197.6,199.8,3.1,5.7,10.2,13.9,14.6,12.2,7.5,3.8,-2.5,0.6,4.8,9.4,13.5,16.4,18.0,15.1,11.3,7.2,3.2,-0.3,6.7,8.2,10.2,11.3,11.0,9.4,7.5,6.4,64.2,67.3,71.7,74.8,74.8,71.7,67.4,63.9,60.0,62.5,65.8,69.9,74.2,77.8,80.3,76.4,72.1,67.9,64.3,61.4,67.3,68.7,70.7,72.1,72.1,70.7,68.7,67.3,-121.8,-125.6,-126.4,-123.8,-119.2,-115.0,-114.5,-117.2,-121.8,-122.6,-122.5,-121.8,-120.2,-117.9,-115.4,-114.1,-114.0,-114.6,-116.2,-118.6,-119.1,-118.0,-118.4,-120.0,-122.0,-123.1,-122.7,-121.1,-108.5,-112.0,-112.4,-109.5,-105.0,-101.6,-101.2,-103.8,-106.3,-108.0,-108.8,-108.4,-106.4,-103.8,-100.9,-99.6,-99.7,-100.6,-102.0,-103.8,-105.3,-104.0,-104.2,-105.8,-107.8,-109.1,-108.9,-107.3,568.6,569.0,569.3,569.3,569.0,568.8,568.3,568.3,572.2,569.8,567.6,566.9,567.9,569.8,571.9,570.2,568.4,567.6,568.3,570.1,569.4,569.4,569.5,569.7,569.8,569.8,569.7,569.5,586.2,587.3,587.0,585.5,583.7,582.6,582.9,584.6,588.5,586.9,585.0,583.6,583.5,584.5,586.0,583.6,582.1,582.0,583.3,585.9,585.4,584.8,584.6,585.1,585.9,586.6,586.8,586.3,28.4,-75.2,589.5,0.177,0.198,0.285,608.9,601.0,595.6,591.9,591.2,596.9,605.8,620.9,643.2,670.0,699.4,728.1,752.6,771.1,784.0,794.7,804.1,624.5,639.0,655.5,670.7,683.6,727.6,747.9,765.6,781.5,791.3,697.8,692.3,686.8,681.1,658.3,666.9,676.0,688.4,700.0,635.9,647.6,660.3,669.5,656.7,644.5,726.3,738.3,751.4,760.5,749.6,737.1,629.6,644.9,659.8,670.5,684.1,699.0,710.9,693.4,676.1,661.7,649.8,637.7,635.8,656.6,668.0,681.5,704.1,679.4,665.7,654.1,161.8,190.5,220.4,249.4,278.4,305.3,328.6,350.4,363.2,369.0,364.1,353.5,337.1,312.9,283.8,252.8,222.2,139.6,132.1,134.7,143.0,153.7,166.7,164.6,166.9,173.7,187.0,187.8,204.7,221.6,239.2,247.1,254.3,260.6,260.5,259.7,173.7,170.9,174.9,184.2,184.1,180.3,200.6,197.2,200.9,209.2,210.3,207.0,282.1,276.2,276.6,282.9,284.1,292.5,305.0,314.1,315.4,312.4,307.5,297.8,284.3,287.0,291.3,294.2,303.7,301.4,298.7,294.0,-22.3,-28.2,-32.4,-35.3,-35.6,-31.0,-24.1,-13.2,2.2,20.5,41.1,62.0,79.6,92.2,100.4,106.9,112.9,-10.7,-0.7,10.4,20.5,28.9,57.4,70.8,82.7,93.5,100.6,38.1,34.2,30.4,26.5,12.1,17.7,23.5,31.7,39.3,-2.8,5.2,13.7,19.8,11.3,3.1,57.5,65.3,74.0,80.2,72.7,64.5,-7.0,3.3,13.0,20.0,28.9,39.0,47.5,35.3,23.7,14.3,6.5,-1.5,-2.8,11.0,18.4,27.2,42.8,25.9,16.9,9.3,-142.3,-122.5,-101.7,-81.1,-59.5,-39.3,-22.1,-6.6,2.2,6.1,2.8,-4.5,-16.2,-33.1,-53.1,-74.1,-94.9,-151.5,-155.1,-151.6,-144.6,-136.7,-126.7,-128.3,-127.1,-123.1,-115.1,-113.4,-101.5,-89.8,-77.8,-74.8,-69.5,-65.0,-65.1,-65.7,-127.0,-127.9,-124.8,-118.4,-118.6,-121.7,-106.1,-108.2,-105.6,-100.4,-99.4,-101.6,-52.9,-55.7,-54.9,-50.5,-49.6,-44.5,-36.9,-30.4,-29.3,-31.3,-34.6,-41.5,-51.1,-48.2,-45.1,-43.2,-37.6,-38.5,-40.4,-43.7,628.0,632.5,637.9,642.1,638.2,628.9,617.0,602.4,594.0,596.7,605.7,615.8,618.4,615.5,610.2,605.0,602.2,601.8,595.4,588.6,583.1,579.6,573.6,574.6,576.0,578.4,582.1,576.5,571.9,567.8,563.6,579.9,575.6,572.5,572.5,573.5,596.5,592.1,589.8,589.1,590.0,592.5,582.8,581.6,581.0,582.4,580.8,581.1,594.5,581.2,575.7,573.2,572.6,577.6,586.2,578.9,574.5,574.8,577.1,583.7,591.1,577.4,574.8,574.3,584.3,575.6,576.1,578.7,1.484,0.069,0.18600000000000003,0.28800000000000003,682.865,247.585,-51.53,-5.765,-17.449,0.46799999999999997,-12.06,1.5959999999999999,-4.913,9.359,1.375,-3.5380000000000003,-9.354,1.39,-1.4709999999999999,1.986,4.2989999999999995,4.83,-6.047000000000001,-9.54,-5.229,-2.89,-1.6,-1.097,0.40299999999999997,-1.06,1.093,0.096,-0.321,-0.20199999999999999,0.09300000000000001,-0.19699999999999998,0.027000000000000003,-0.373,-0.20600000000000002,0.363,0.02,0.03,0.08,0.32,0.24,2.21,0.0,0.16,0.23,0.06,0.19,0.36,0.0,0.0,1.21,0.71,0.0,0.0,1.0,0.0,1.0,0.0,1.0,0.0,0.0,0.0,0.0,0.0,0.0,0.0,0.0,1.0,0.0,0.0,0.0
77,0,3.17,0.98,1,-0.16084500000000002,0.25395700000000004,-0.9537479999999999,-0.24810900000000002,0.199674,-0.947931,-0.212,0.23399999999999999,644.8,649.0,656.0,661.8,663.0,659.2,651.8,646.0,636.6,641.2,647.3,654.3,660.9,665.7,668.6,663.8,657.6,651.0,644.9,639.7,650.6,653.0,656.0,657.8,657.3,654.8,651.9,650.1,735.9,740.3,747.1,752.2,752.8,748.4,741.7,736.0,729.4,733.4,738.8,745.4,751.8,757.1,760.7,755.3,749.0,742.6,736.9,732.0,740.8,743.2,746.4,748.4,748.2,745.7,742.6,740.5,173.4,167.4,166.1,170.3,177.5,184.0,184.8,180.6,174.1,172.1,171.7,172.5,175.3,179.3,183.9,185.5,185.1,184.0,181.7,178.4,177.7,179.5,179.0,176.4,173.4,171.6,172.2,174.7,199.1,194.0,193.2,197.1,203.5,208.5,209.4,205.9,202.8,200.0,198.3,198.7,201.6,205.6,210.2,211.7,211.3,210.0,208.1,206.0,203.7,205.6,205.2,202.8,199.8,198.0,198.3,200.7,3.0,5.7,10.2,13.8,14.6,12.2,7.5,3.8,-2.2,0.7,4.6,9.0,13.3,16.3,18.2,15.1,11.1,7.0,3.1,-0.2,6.7,8.3,10.2,11.3,11.0,9.4,7.5,6.4,63.1,66.1,70.6,73.8,73.9,70.9,66.5,63.0,59.0,61.5,64.9,69.1,73.3,76.9,79.5,75.6,71.3,67.1,63.4,60.5,66.2,67.8,69.8,71.2,71.2,69.6,67.6,66.2,-118.6,-122.4,-123.2,-120.4,-115.8,-111.7,-111.2,-114.0,-119.1,-119.7,-119.4,-118.6,-116.9,-114.7,-112.2,-110.9,-110.9,-111.5,-113.2,-115.7,-115.9,-114.8,-115.1,-116.7,-118.7,-119.8,-119.5,-117.9,-105.9,-109.4,-109.9,-107.1,-102.6,-99.1,-98.6,-101.1,-103.9,-105.4,-106.1,-105.7,-103.8,-101.4,-98.6,-97.3,-97.2,-98.0,-99.5,-101.3,-102.7,-101.4,-101.6,-103.3,-105.4,-106.7,-106.5,-104.8,556.1,556.1,555.9,555.5,555.2,555.4,555.4,555.8,560.2,557.4,554.8,553.5,554.1,555.6,557.5,556.1,554.7,554.5,555.6,557.8,556.5,556.4,556.3,556.3,556.4,556.6,556.7,556.7,575.8,576.9,576.7,575.3,573.6,572.5,572.7,574.3,578.1,576.3,574.6,573.3,573.3,574.5,576.1,573.7,572.1,571.8,573.1,575.5,575.2,574.5,574.4,574.9,575.7,576.4,576.5,576.0,27.8,-75.1,588.8,0.17300000000000001,0.226,0.302,610.5,602.3,596.7,592.9,591.6,596.6,604.8,619.3,640.9,667.1,696.4,725.5,750.8,770.4,784.3,796.2,806.8,625.6,640.4,656.1,670.8,683.3,728.1,748.7,766.6,783.1,794.0,697.2,691.5,685.7,679.6,657.3,665.6,674.5,686.8,698.4,636.0,647.9,660.7,669.9,656.9,644.6,726.3,738.7,752.0,761.5,750.2,737.4,628.0,642.8,657.5,667.9,681.3,696.4,708.7,690.1,672.4,658.3,646.6,635.2,634.0,653.9,665.2,678.3,701.9,676.0,662.6,651.3,161.5,189.6,218.9,247.5,276.2,303.3,327.0,349.1,362.2,368.3,364.6,354.9,339.3,315.6,286.3,254.8,223.6,138.6,131.9,135.1,143.4,153.7,167.0,164.9,167.1,173.8,187.2,188.0,204.8,221.6,239.1,246.8,254.0,260.3,260.6,260.1,173.8,171.4,175.5,184.8,184.7,180.8,201.5,198.1,202.0,210.3,211.6,208.2,281.6,275.5,275.8,282.2,283.7,292.9,306.0,314.6,315.2,311.8,306.8,296.9,283.9,286.4,291.0,294.1,304.6,300.9,297.8,292.9,-21.2,-27.2,-31.5,-34.5,-35.2,-31.2,-24.8,-14.3,0.6,18.4,38.9,59.9,77.9,91.3,100.2,107.5,114.3,-9.9,0.2,10.8,20.5,28.6,57.4,71.0,82.8,94.0,101.9,37.6,33.6,29.6,25.5,11.5,16.8,22.5,30.6,38.2,-2.7,5.3,14.0,20.1,11.4,3.1,57.2,65.3,74.0,80.4,72.7,64.3,-8.2,1.9,11.5,18.3,27.0,37.1,45.8,33.0,21.2,12.0,4.3,-3.2,-4.0,9.2,16.5,25.1,41.2,23.6,14.9,7.4,-142.4,-122.9,-102.6,-82.3,-61.0,-40.7,-23.3,-7.5,1.5,5.7,3.2,-3.6,-14.6,-31.1,-51.2,-72.4,-93.4,-152.4,-155.3,-151.2,-144.2,-136.4,-125.8,-127.4,-126.2,-122.3,-114.3,-113.0,-101.2,-89.7,-77.8,-75.0,-69.7,-65.2,-65.0,-65.3,-127.2,-127.8,-124.5,-117.9,-118.2,-121.5,-105.1,-107.1,-104.4,-99.1,-98.0,-100.3,-53.3,-56.1,-55.3,-50.9,-49.8,-44.1,-36.0,-29.9,-29.3,-31.6,-35.1,-42.1,-51.4,-48.5,-45.3,-43.1,-36.8,-38.8,-40.9,-44.3,627.7,631.3,636.2,640.5,637.2,628.8,617.4,602.6,593.5,595.2,603.6,613.0,615.3,612.4,607.4,602.2,599.5,602.2,595.7,588.6,582.6,578.4,570.4,571.3,572.5,574.9,578.6,574.7,570.6,566.9,563.1,579.4,575.2,571.9,571.7,572.3,597.7,592.9,590.2,588.7,590.1,593.0,580.2,578.9,578.1,579.2,577.8,578.3,595.1,581.3,575.1,572.2,571.0,575.5,583.7,576.6,572.8,573.8,576.6,583.9,591.3,576.9,573.9,572.8,582.1,573.8,574.9,578.0,1.4869999999999999,0.062,0.21600000000000003,0.305,682.0160000000001,247.618,-52.027,-11.495999999999999,-18.006,0.175,-9.728,0.225,-6.699,8.244,0.032,-4.566,-9.189,1.389,-2.7230000000000003,2.4090000000000003,4.175,6.37,-4.958,-7.251,-6.278,-3.568,-2.365,-1.695,1.209,-1.27,0.598,0.43799999999999994,0.096,-0.221,0.28,-0.033,0.08199999999999999,-0.281,-0.076,0.34299999999999997,0.03,0.03,0.19,0.17,0.24,2.19,0.0,0.14,0.25,0.06,0.02,0.25,0.0,0.0,1.36,0.77,0.0,0.0,1.0,0.0,1.0,0.0,1.0,0.0,0.0,0.0,0.0,0.0,0.0,0.0,0.0,1.0,0.0,0.0,0.0
78,0,3.2119999999999997,0.98,1,-0.15576700000000002,0.26411799999999996,-0.951829,-0.256849,0.201586,-0.9451940000000001,-0.214,0.24100000000000002,645.3,649.4,656.3,662.1,663.2,659.4,652.1,646.4,636.5,641.4,647.8,654.9,661.3,665.6,667.9,663.4,657.7,651.4,645.2,639.9,650.8,653.2,656.2,658.0,657.5,655.0,652.1,650.3,736.5,740.8,747.5,752.7,753.2,748.9,742.2,736.6,729.9,734.0,739.3,745.9,752.4,757.8,761.4,755.9,749.6,743.1,737.4,732.6,741.4,743.8,746.9,748.9,748.6,746.2,743.1,741.1,173.9,168.0,166.7,170.9,178.0,184.4,185.1,180.9,174.3,172.5,172.2,173.1,175.8,179.7,184.3,185.8,185.6,184.5,182.1,178.7,178.1,179.8,179.3,176.8,173.8,172.0,172.6,175.1,199.5,194.4,193.5,197.5,203.9,209.1,210.0,206.4,203.3,200.5,198.8,199.1,201.9,205.9,210.4,212.1,211.9,210.7,208.8,206.7,204.1,206.0,205.6,203.2,200.2,198.4,198.7,201.2,3.4,6.1,10.6,14.3,15.0,12.5,7.8,4.1,-2.3,0.9,5.1,9.6,13.7,16.6,18.1,15.2,11.4,7.3,3.4,-0.1,7.0,8.6,10.5,11.6,11.3,9.7,7.8,6.7,63.6,66.5,70.9,74.1,74.3,71.3,67.0,63.5,59.5,61.9,65.3,69.4,73.7,77.4,80.0,76.1,71.7,67.5,63.9,61.0,66.7,68.2,70.2,71.6,71.5,70.0,68.0,66.6,-120.2,-124.0,-124.8,-122.2,-117.7,-113.6,-113.0,-115.6,-120.6,-121.3,-121.0,-120.3,-118.8,-116.7,-114.2,-112.9,-112.7,-113.2,-114.9,-117.4,-117.7,-116.6,-116.9,-118.6,-120.5,-121.6,-121.2,-119.6,-105.7,-109.2,-109.7,-106.9,-102.4,-98.8,-98.3,-100.9,-103.6,-105.2,-105.9,-105.5,-103.6,-101.3,-98.6,-97.1,-96.9,-97.7,-99.2,-101.0,-102.5,-101.2,-101.5,-103.1,-105.2,-106.5,-106.3,-104.6,564.9,565.0,565.3,565.5,565.6,565.9,565.3,565.1,568.5,566.0,563.8,563.1,564.3,566.3,568.6,567.0,565.2,564.4,565.0,566.7,566.0,566.1,566.2,566.3,566.2,566.1,566.0,566.0,576.2,577.1,576.7,575.5,574.0,573.2,573.5,575.0,578.7,576.9,575.0,573.7,573.8,575.1,576.8,574.4,572.9,572.7,573.9,576.3,575.7,575.1,575.0,575.4,576.0,576.6,576.8,576.4,28.2,-75.6,593.2,0.18100000000000002,0.228,0.309,611.5,602.9,597.2,593.5,592.2,597.1,605.2,619.6,640.9,666.6,695.5,724.4,750.0,770.3,784.7,796.8,807.7,627.6,642.7,658.2,672.5,684.4,728.6,749.4,767.4,783.9,795.2,697.4,691.7,685.9,679.7,657.7,665.7,674.4,686.6,698.0,636.4,648.1,660.9,669.9,657.0,644.8,727.0,739.3,752.6,762.0,750.7,738.0,628.7,643.4,657.3,667.5,680.8,695.3,707.1,689.3,672.3,658.4,647.0,636.1,634.7,653.6,664.7,677.6,700.5,675.7,662.6,651.4,162.1,189.3,217.9,246.0,274.4,301.2,324.7,346.8,360.0,366.5,363.3,354.3,339.4,316.3,287.3,255.7,224.3,138.0,132.6,136.7,145.1,155.1,167.9,165.6,167.6,174.2,187.4,188.7,205.5,222.4,239.8,247.2,254.5,260.8,261.2,260.8,174.1,171.8,175.9,185.1,185.1,181.2,202.0,198.7,202.5,210.7,212.2,208.8,282.1,276.5,276.8,283.2,284.8,293.8,306.5,313.8,313.9,310.4,305.2,296.0,284.5,287.0,291.6,294.9,305.0,300.1,296.9,291.9,-20.5,-26.8,-31.3,-34.2,-35.1,-31.1,-24.7,-14.1,0.6,18.2,38.5,59.5,78.0,91.9,101.3,108.8,115.7,-8.6,1.9,12.3,21.8,29.6,58.1,71.8,83.8,95.1,103.3,38.0,34.0,30.0,25.7,11.8,17.0,22.6,30.7,38.2,-2.5,5.5,14.2,20.3,11.5,3.3,58.1,66.1,74.8,81.3,73.6,65.2,-7.8,2.2,11.5,18.2,26.8,36.7,45.1,32.7,21.3,12.2,4.6,-2.6,-3.6,9.0,16.3,24.8,40.5,23.6,15.0,7.6,-142.5,-123.6,-103.8,-83.9,-62.8,-42.5,-25.1,-9.2,0.0,4.5,2.3,-4.0,-14.6,-30.8,-50.9,-72.4,-93.6,-153.6,-155.7,-151.1,-144.0,-136.3,-125.9,-127.6,-126.6,-122.8,-114.9,-113.3,-101.5,-89.8,-77.9,-75.3,-69.9,-65.4,-65.1,-65.4,-127.9,-128.5,-125.1,-118.5,-118.8,-122.1,-105.4,-107.4,-104.7,-99.5,-98.2,-100.6,-53.3,-55.9,-55.2,-50.7,-49.5,-43.9,-35.9,-30.7,-30.4,-32.8,-36.4,-43.1,-51.3,-48.5,-45.2,-43.0,-36.8,-39.6,-41.8,-45.3,629.9,633.7,639.2,644.1,641.3,633.0,621.7,607.1,597.8,599.5,607.9,617.4,620.0,617.4,612.5,607.0,603.8,605.2,598.9,592.0,586.2,582.2,573.6,574.3,575.6,578.3,582.5,578.4,574.6,571.1,567.6,583.7,579.6,576.4,576.1,576.7,602.2,597.3,594.5,592.9,594.4,597.4,583.7,582.5,581.6,582.9,581.4,581.9,598.8,585.5,580.0,577.0,575.8,580.2,587.7,581.1,577.8,578.8,581.6,588.4,594.6,581.5,578.6,577.4,586.1,578.5,579.8,582.8,1.4769999999999999,0.07,0.215,0.312,682.262,247.69299999999998,-52.305,-15.065999999999999,-21.511999999999997,0.145,-7.865,0.93,-6.54,7.877000000000001,0.2,-4.043,-7.202000000000001,1.469,-3.4219999999999997,2.1069999999999998,4.402,7.721,-6.4879999999999995,-6.827000000000001,-6.787999999999999,-3.7489999999999997,-3.156,-0.425,1.7719999999999998,-1.0659999999999998,0.87,0.389,0.273,-0.379,0.263,-0.044000000000000004,-0.062,-0.272,-0.07400000000000001,0.4,0.04,0.09,0.26,0.11,0.13,2.18,0.0,0.13,0.15,0.0,0.2,0.33,0.0,0.05,0.91,0.64,0.0,0.0,1.0,0.0,1.0,0.0,1.0,0.0,0.0,0.0,0.0,0.0,0.0,0.0,0.0,1.0,0.0,0.0,0.0
79,0,3.253,0.98,1,-0.14311400000000002,0.25453200000000004,-0.9564159999999999,-0.239067,0.198907,-0.950412,-0.198,0.233,645.9,649.8,656.6,662.1,663.2,659.5,652.5,647.0,636.9,641.9,648.4,655.4,661.6,665.7,667.8,663.6,658.1,652.0,645.8,640.4,651.2,653.5,656.4,658.1,657.7,655.3,652.4,650.7,736.7,741.0,747.6,752.6,752.9,748.5,741.9,736.5,730.1,734.1,739.4,745.9,752.2,757.4,760.9,755.4,749.1,742.8,737.3,732.5,741.4,743.6,746.6,748.6,748.4,746.2,743.2,741.2,174.4,168.7,167.4,171.4,178.3,184.6,185.2,181.2,175.0,173.1,172.8,173.6,176.3,180.2,184.7,186.3,186.1,185.1,182.9,179.5,178.4,180.2,179.6,177.2,174.3,172.5,173.1,175.5,199.7,194.9,194.2,198.1,204.3,209.1,209.8,206.3,203.9,200.9,199.0,199.3,202.1,206.3,211.1,212.7,212.5,211.2,209.3,207.2,204.3,206.1,205.8,203.6,200.7,199.0,199.3,201.5,3.8,6.5,10.9,14.5,15.3,12.8,8.2,4.6,-2.1,1.2,5.5,10.1,14.2,16.9,18.4,15.5,11.9,7.9,3.8,0.2,7.3,8.9,10.8,11.9,11.6,10.0,8.1,7.0,64.5,67.5,71.9,75.0,75.0,72.0,67.6,64.2,60.3,62.8,66.2,70.3,74.5,78.2,80.7,76.7,72.3,68.1,64.6,61.7,67.5,69.0,70.9,72.3,72.3,70.9,68.9,67.5,-121.7,-125.5,-126.4,-123.8,-119.4,-115.3,-114.7,-117.2,-122.0,-122.7,-122.5,-121.9,-120.4,-118.3,-115.8,-114.5,-114.2,-114.6,-116.2,-118.7,-119.3,-118.2,-118.6,-120.2,-122.1,-123.2,-122.8,-121.2,-106.9,-110.4,-110.8,-107.9,-103.4,-100.1,-99.7,-102.3,-104.6,-106.3,-107.2,-106.8,-104.9,-102.3,-99.4,-97.9,-97.8,-98.6,-100.0,-101.9,-103.8,-102.5,-102.6,-104.2,-106.2,-107.5,-107.3,-105.8,573.6,573.8,574.2,574.6,574.8,574.9,574.2,573.8,577.1,574.7,572.6,572.1,573.5,575.8,578.2,576.5,574.5,573.5,573.8,575.3,574.8,575.0,575.2,575.3,575.2,575.0,574.8,574.7,583.8,584.8,584.6,583.1,581.4,580.3,580.6,582.2,586.0,584.3,582.6,581.3,581.3,582.4,584.0,581.5,579.9,579.7,581.0,583.4,583.0,582.4,582.3,582.7,583.6,584.2,584.3,583.8,29.3,-75.4,595.5,0.18899999999999997,0.204,0.293,610.9,602.4,596.7,593.2,592.8,598.9,608.3,623.8,645.9,671.9,700.1,728.0,752.3,771.1,784.4,795.3,805.1,627.7,642.8,659.0,673.6,685.6,728.5,749.0,766.9,782.9,793.0,698.5,692.8,687.1,681.0,659.2,667.2,675.9,688.0,699.3,637.2,648.6,661.1,669.9,657.3,645.2,727.5,739.4,752.3,761.3,750.5,738.1,632.6,647.6,660.8,669.9,681.5,695.0,707.3,690.5,675.4,663.3,653.2,642.3,638.5,657.6,667.5,678.9,700.7,678.2,666.7,656.9,161.8,189.6,219.1,247.9,276.8,303.7,326.4,347.5,359.8,365.7,361.9,352.7,337.5,314.5,286.2,255.5,225.0,140.1,134.1,137.8,146.4,156.8,169.1,167.0,169.0,175.7,189.0,189.6,206.6,223.6,241.3,249.2,256.3,262.4,262.5,261.6,175.1,172.4,176.4,185.5,185.9,182.2,202.5,198.9,202.7,210.9,212.5,209.1,285.0,281.1,281.4,287.0,287.9,295.6,306.4,311.2,310.3,307.5,303.4,296.3,287.1,290.7,294.5,296.9,305.0,298.1,295.6,291.6,-21.1,-27.5,-31.9,-34.7,-34.8,-29.9,-22.5,-11.3,4.0,22.0,42.1,62.7,80.4,93.5,102.2,108.8,114.9,-8.5,1.9,12.9,22.6,30.5,58.4,72.0,84.1,95.2,102.9,38.9,34.8,30.8,26.7,12.8,18.1,23.7,31.7,39.3,-2.0,5.9,14.4,20.4,11.8,3.6,58.8,66.6,75.3,81.6,74.0,65.7,-5.1,5.1,13.8,19.8,27.5,36.8,45.6,33.7,23.4,15.4,8.8,1.5,-1.0,11.8,18.3,25.9,40.9,25.4,17.8,11.3,-143.8,-124.5,-103.9,-83.2,-61.3,-40.9,-23.9,-8.7,-0.1,3.9,1.3,-5.2,-16.1,-32.4,-52.2,-73.2,-93.9,-152.4,-154.9,-150.8,-143.6,-135.7,-125.9,-127.6,-126.7,-122.8,-114.9,-113.2,-101.1,-89.3,-77.2,-74.1,-68.9,-64.5,-64.4,-65.1,-127.4,-128.3,-125.1,-118.7,-118.6,-121.7,-105.8,-108.0,-105.4,-100.2,-98.9,-101.1,-51.4,-52.9,-52.3,-48.5,-47.8,-43.1,-36.3,-32.6,-32.9,-34.8,-37.7,-42.8,-49.6,-46.2,-43.5,-41.9,-37.1,-41.1,-42.8,-45.6,634.9,639.4,645.0,649.2,645.2,635.6,623.3,608.8,600.2,603.1,612.6,623.2,626.5,623.7,618.8,612.7,609.0,606.4,600.1,593.6,588.2,584.5,577.2,578.6,580.3,583.3,588.3,581.4,577.0,572.9,568.8,585.1,581.2,578.2,578.2,579.3,603.2,598.7,596.1,595.2,596.2,599.0,587.7,586.8,586.4,588.3,586.3,586.3,599.4,587.0,582.6,580.7,580.1,584.9,592.9,584.3,580.1,580.1,582.0,588.2,595.4,583.6,581.6,581.4,590.3,581.2,581.5,583.6,1.469,0.08,0.188,0.297,683.705,248.482,-42.93899999999999,-6.667999999999999,-27.377,0.703,-7.599,6.648,-3.97,8.697000000000001,1.3659999999999999,-3.8280000000000003,-8.039,2.697,-4.36,-2.262,4.348,7.075,-7.898,-7.855,-5.64,-1.4240000000000002,-2.035,0.368,1.527,-1.158,1.003,0.013999999999999999,-0.294,-0.21,-0.06,-0.28600000000000003,0.034,-0.39399999999999996,-0.18,0.401,0.11,0.18,0.29,0.09,0.06,2.23,0.0,0.2,0.08,0.0,0.46,0.56,0.0,0.05,0.42,0.54,0.0,0.0,1.0,0.0,1.0,0.0,1.0,0.0,0.0,0.0,0.0,0.0,0.0,0.0,0.0,1.0,0.0,0.0,0.0
80,0,3.295,0.98,1,-0.12652,0.266056,-0.955619,-0.237686,0.196959,-0.9511639999999999,-0.18899999999999997,0.23800000000000002,646.1,650.1,656.8,662.3,663.2,659.4,652.5,647.1,636.5,641.8,648.7,655.8,661.7,665.4,667.0,663.1,657.8,651.9,645.7,640.1,651.2,653.5,656.4,658.1,657.7,655.3,652.5,650.7,736.7,741.1,747.6,752.4,752.7,748.4,741.9,736.6,730.0,733.9,739.1,745.6,752.0,757.2,760.7,755.3,749.0,742.7,737.2,732.5,741.4,743.6,746.5,748.4,748.3,746.1,743.2,741.3,175.1,169.3,168.0,171.9,178.7,184.8,185.7,181.8,174.7,173.3,173.4,174.4,176.9,180.4,184.5,186.3,186.4,185.6,183.3,179.5,178.8,180.4,179.9,177.4,174.5,172.9,173.5,175.9,200.1,195.3,194.7,198.6,204.8,209.6,210.3,206.7,204.4,201.4,199.5,199.7,202.5,206.6,211.3,213.3,213.2,212.0,210.1,207.9,204.6,206.4,206.1,204.0,201.2,199.4,199.7,201.9,3.9,6.6,10.9,14.5,15.2,12.7,8.2,4.6,-2.3,1.2,5.7,10.3,14.2,16.6,17.8,15.1,11.7,7.8,3.7,0.0,7.3,8.8,10.7,11.8,11.5,10.0,8.1,7.0,64.9,68.0,72.3,75.4,75.4,72.4,68.1,64.7,60.7,63.1,66.4,70.6,74.9,78.5,81.1,77.1,72.7,68.5,65.0,62.1,68.0,69.4,71.3,72.7,72.7,71.3,69.3,68.0,-120.3,-124.0,-125.0,-122.7,-118.5,-114.6,-113.8,-116.1,-121.2,-121.6,-121.2,-120.6,-119.4,-117.7,-115.6,-114.1,-113.5,-113.8,-115.2,-117.8,-118.3,-117.3,-117.7,-119.3,-121.1,-122.1,-121.7,-120.1,-107.3,-110.7,-111.1,-108.2,-103.8,-100.4,-100.0,-102.7,-104.9,-106.6,-107.5,-107.2,-105.3,-102.8,-99.9,-98.2,-98.0,-98.7,-100.2,-102.1,-104.2,-102.9,-103.0,-104.6,-106.6,-107.9,-107.7,-106.2,569.2,569.1,569.8,570.9,571.9,572.4,571.4,570.2,572.3,570.1,568.4,568.5,570.5,573.3,576.2,574.5,572.2,570.8,570.5,571.3,571.2,571.7,572.0,571.9,571.5,571.0,570.7,570.8,587.4,588.4,588.1,586.7,585.1,584.2,584.5,586.0,589.8,588.1,586.3,584.9,584.9,586.2,587.8,585.4,583.8,583.6,584.9,587.3,586.8,586.2,586.1,586.5,587.2,587.8,587.9,587.5,29.2,-75.1,596.3,0.18899999999999997,0.209,0.29,610.6,602.2,596.6,593.3,592.9,599.0,608.6,624.0,646.0,672.2,700.6,728.6,752.6,771.0,784.1,795.0,804.7,627.2,642.3,658.6,673.3,685.6,728.8,749.0,766.7,782.5,792.3,698.7,692.8,687.0,680.8,659.1,667.1,675.7,687.6,698.8,637.1,648.5,661.0,669.6,657.1,645.0,727.6,739.2,752.2,761.0,750.2,737.9,633.1,647.9,660.8,669.6,680.7,693.5,705.1,689.0,674.5,662.9,653.2,642.5,639.0,657.7,667.2,678.1,698.5,677.5,666.5,657.1,161.9,190.5,220.6,249.9,279.0,305.7,327.7,347.9,359.7,365.5,361.5,352.3,336.9,313.9,285.9,255.5,225.4,141.0,134.5,137.9,146.5,156.9,169.4,167.8,169.7,176.3,189.4,190.0,207.1,224.2,241.9,249.8,256.8,262.8,263.1,262.0,175.5,172.7,176.7,185.8,186.3,182.5,203.0,199.4,203.2,211.4,213.0,209.7,286.9,282.4,282.4,287.8,288.6,296.4,307.4,311.7,310.9,308.1,304.2,297.6,288.9,291.8,295.3,297.7,305.9,298.6,296.2,292.5,-21.4,-27.7,-32.0,-34.8,-34.8,-29.8,-22.4,-11.1,4.1,22.2,42.4,63.1,80.6,93.3,101.8,108.4,114.5,-8.9,1.6,12.7,22.4,30.5,58.7,72.2,84.1,95.0,102.4,39.0,34.9,30.8,26.6,12.8,18.0,23.6,31.5,39.0,-2.0,5.8,14.3,20.1,11.7,3.4,58.9,66.6,75.2,81.4,73.9,65.6,-4.7,5.3,13.9,19.7,27.0,35.8,44.1,32.8,22.9,15.2,8.8,1.7,-0.7,11.8,18.1,25.4,39.5,25.0,17.6,11.4,-144.0,-124.2,-103.0,-81.9,-59.8,-39.5,-23.0,-8.5,-0.2,3.8,1.1,-5.5,-16.5,-32.8,-52.4,-73.1,-93.6,-151.9,-154.8,-150.9,-143.7,-135.8,-125.9,-127.3,-126.3,-122.5,-114.6,-113.1,-101.0,-89.1,-76.9,-73.7,-68.6,-64.3,-64.1,-64.9,-127.3,-128.2,-124.9,-118.5,-118.4,-121.5,-105.5,-107.7,-105.1,-99.9,-98.5,-100.8,-50.0,-52.1,-51.8,-48.0,-47.4,-42.6,-35.7,-32.3,-32.6,-34.4,-37.2,-41.9,-48.4,-45.6,-43.1,-41.5,-36.5,-40.8,-42.4,-45.1,636.1,641.0,646.7,650.8,646.4,636.4,623.8,609.4,600.7,603.6,612.8,623.1,626.3,623.2,618.2,612.0,608.4,607.1,600.8,594.3,588.9,585.0,578.2,579.4,580.8,583.3,588.0,582.1,577.9,573.9,569.9,585.8,582.0,579.0,578.9,579.9,603.4,598.8,596.1,595.2,596.4,599.2,588.1,587.0,586.6,588.6,586.6,586.7,599.1,587.5,583.4,581.5,581.1,585.6,593.0,584.9,581.2,581.2,583.0,588.6,595.2,584.4,582.5,582.3,590.4,582.1,582.4,584.4,1.4680000000000002,0.079,0.195,0.294,683.487,249.085,-44.38,-3.861,-30.459,0.84,-6.428,6.07,-2.877,7.388,1.8659999999999999,-4.045,-7.629,3.045,-2.7569999999999997,-2.12,4.51,6.791,-7.542000000000001,-8.135,-5.849,-0.71,-1.265,0.35100000000000003,1.44,-1.4609999999999999,1.033,0.015,-0.245,-0.107,-0.145,-0.221,0.065,-0.465,-0.19,0.491,0.23,0.38,0.26,0.14,0.0,1.99,0.0,0.16,0.0,0.0,0.7,0.62,0.0,0.05,0.0,0.36,0.0,0.0,1.0,0.0,1.0,0.0,1.0,0.0,0.0,0.0,0.0,0.0,0.0,0.0,0.0,1.0,0.0,0.0,0.0
81,0,3.3369999999999997,0.98,1,-0.144016,0.23354299999999997,-0.961622,-0.261353,0.20988400000000001,-0.942148,-0.21,0.22899999999999998,646.1,650.0,656.5,661.8,662.7,659.1,652.3,647.0,636.5,641.4,648.1,655.5,661.6,665.3,667.0,662.9,657.5,651.6,645.4,639.9,651.0,653.4,656.2,657.9,657.5,655.2,652.3,650.6,736.6,740.8,747.2,752.1,752.5,748.2,741.8,736.5,730.1,734.2,739.5,745.9,752.1,757.1,760.2,755.1,749.0,742.9,737.4,732.7,741.2,743.4,746.3,748.2,748.0,745.8,742.9,741.0,174.5,169.1,167.9,171.7,178.3,184.2,184.9,181.1,175.4,173.7,173.5,174.4,177.1,180.9,185.2,186.9,187.1,186.3,184.0,180.3,178.3,180.0,179.5,177.1,174.2,172.6,173.1,175.5,200.5,195.6,195.0,199.1,205.5,210.4,211.0,207.3,203.7,201.2,199.9,200.6,203.5,207.3,211.6,213.5,213.4,212.2,209.9,207.4,205.0,206.9,206.6,204.4,201.5,199.7,200.0,202.2,4.0,6.5,10.8,14.2,14.9,12.5,8.1,4.6,-2.3,0.9,5.3,10.1,14.1,16.6,17.8,15.1,11.5,7.6,3.5,-0.1,7.2,8.8,10.6,11.7,11.5,9.9,8.1,7.0,66.1,69.0,73.4,76.6,76.7,73.8,69.4,65.9,62.0,64.5,67.9,72.2,76.4,80.1,82.5,78.7,74.3,70.1,66.5,63.5,69.3,70.7,72.6,74.0,73.9,72.5,70.5,69.2,-121.2,-124.8,-125.6,-123.3,-119.1,-115.3,-114.7,-117.1,-121.5,-122.1,-121.8,-121.1,-119.7,-117.8,-115.5,-114.0,-113.5,-113.9,-115.3,-118.0,-119.1,-118.0,-118.4,-120.0,-121.8,-122.8,-122.4,-120.9,-109.1,-112.6,-113.0,-110.0,-105.4,-102.0,-101.6,-104.4,-107.4,-108.8,-109.3,-108.6,-106.7,-104.4,-101.8,-100.1,-99.9,-100.7,-102.4,-104.5,-106.0,-104.7,-104.9,-106.4,-108.4,-109.8,-109.6,-108.1,571.9,571.7,572.1,572.9,573.5,574.1,573.4,572.6,575.9,573.3,571.2,570.7,572.5,575.2,578.0,576.5,574.5,573.4,573.4,574.5,573.5,573.8,574.0,573.9,573.6,573.2,573.1,573.2,598.7,599.2,598.9,598.1,597.1,596.6,596.9,598.0,601.3,599.4,597.5,596.3,596.8,598.5,600.7,598.3,596.6,596.2,597.2,599.3,598.6,598.2,598.1,598.3,598.8,599.1,599.3,599.1,28.4,-74.4,593.4,0.192,0.228,0.299,611.0,602.6,596.9,593.5,592.8,598.3,607.1,621.7,643.1,668.9,697.5,726.4,751.6,771.2,785.4,796.9,807.2,628.1,642.9,658.5,672.8,684.7,729.2,749.9,767.7,783.7,794.2,697.8,691.9,686.0,679.7,658.1,665.9,674.4,686.3,697.5,636.9,648.3,660.8,669.5,656.8,644.7,727.4,739.1,752.1,761.2,750.2,737.7,631.2,645.9,659.0,667.7,678.8,692.1,704.1,686.8,671.6,660.0,650.2,639.8,637.0,655.5,665.0,675.9,697.5,674.8,663.8,654.3,163.5,190.9,220.0,248.7,277.7,304.8,327.8,349.1,361.5,367.1,362.8,353.2,337.9,315.1,286.8,256.1,225.6,139.4,133.8,137.5,146.0,156.0,169.0,167.3,169.3,176.0,189.1,190.2,207.1,224.1,241.8,249.8,256.9,262.9,263.4,262.7,175.6,173.0,177.1,186.0,186.6,182.8,203.2,199.8,203.7,211.9,213.6,210.1,286.9,282.4,282.3,287.9,288.9,297.1,308.5,313.9,313.0,310.0,305.8,298.4,289.1,292.1,295.8,298.4,307.1,300.1,297.5,293.5,-20.9,-27.2,-31.6,-34.3,-34.7,-30.2,-23.4,-12.7,2.1,19.9,40.0,61.0,79.1,92.6,101.8,108.8,115.3,-8.2,2.0,12.5,21.9,29.7,58.5,72.2,84.1,95.0,102.7,38.2,34.1,30.0,25.7,12.1,17.1,22.7,30.5,37.9,-2.2,5.6,14.1,19.9,11.4,3.2,58.3,65.9,74.6,80.8,73.2,64.9,-6.0,3.9,12.6,18.3,25.6,34.7,43.1,31.1,20.9,13.2,6.8,-0.2,-2.0,10.3,16.6,23.8,38.6,23.0,15.8,9.5,-141.8,-122.9,-102.7,-82.2,-60.4,-39.9,-22.9,-7.6,1.0,4.9,1.9,-4.8,-15.6,-31.7,-51.3,-72.0,-92.7,-152.3,-154.5,-150.3,-143.2,-135.7,-125.2,-126.6,-125.6,-121.6,-113.9,-112.2,-100.3,-88.6,-76.6,-73.4,-68.2,-63.9,-63.6,-64.1,-126.7,-127.4,-124.0,-117.7,-117.6,-120.8,-104.6,-106.6,-103.9,-98.8,-97.4,-99.7,-49.9,-52.0,-51.5,-47.7,-46.9,-41.8,-34.7,-30.6,-31.1,-33.0,-36.0,-41.3,-48.1,-45.2,-42.5,-40.8,-35.5,-39.6,-41.4,-44.2,631.4,636.1,641.8,646.2,642.3,633.3,621.9,608.1,599.0,600.7,608.4,617.6,620.2,617.2,612.6,606.7,603.1,603.9,597.6,591.0,585.6,581.7,573.6,574.8,576.1,578.5,582.9,578.1,574.1,570.4,566.7,582.6,578.9,576.1,575.9,576.5,601.0,596.3,593.3,592.1,593.4,596.5,583.6,582.4,581.8,583.5,581.7,581.9,597.5,585.5,580.6,578.4,577.5,581.9,589.4,581.7,578.4,578.8,580.9,587.0,593.4,582.0,579.7,579.0,587.2,578.9,579.6,581.9,1.476,0.081,0.217,0.303,682.6030000000001,249.454,-49.608000000000004,-8.396,-28.759,2.026,-4.931,3.4019999999999997,-4.828,5.032,1.304,-3.407,-7.405,4.189,-3.786,-2.6839999999999997,5.013999999999999,6.848,-7.318,-7.5889999999999995,-5.766,-2.131,-2.861,-0.532,2.069,-1.208,0.47700000000000004,1.0390000000000001,0.479,-0.41,0.24,-0.14300000000000002,0.064,-0.299,-0.045,0.51,0.36,0.41,0.26,0.22,0.01,1.85,0.0,0.1,0.0,0.0,0.62,0.52,0.0,0.0,0.21,0.4,0.0,0.0,1.0,0.0,1.0,0.0,1.0,0.0,0.0,0.0,0.0,0.0,0.0,0.0,0.0,1.0,0.0,0.0,0.0
82,0,3.378,0.98,1,-0.156164,0.23218200000000003,-0.9600540000000001,-0.26198,0.213687,-0.941118,-0.21600000000000003,0.23,646.2,650.1,656.6,661.9,663.0,659.4,652.6,647.2,637.0,641.8,648.3,655.5,661.7,665.8,668.1,663.7,658.0,651.8,645.7,640.3,651.3,653.6,656.5,658.2,657.7,655.4,652.5,650.8,736.9,741.1,747.6,752.4,752.9,748.7,742.2,736.8,730.4,734.6,740.1,746.5,752.7,757.6,760.6,755.5,749.5,743.4,737.8,733.0,741.6,743.7,746.6,748.5,748.3,746.1,743.3,741.4,174.4,168.9,167.8,171.7,178.4,184.4,185.0,181.0,175.8,173.9,173.4,174.3,177.3,181.3,185.6,187.4,187.1,186.0,183.9,180.5,178.5,180.2,179.7,177.3,174.4,172.7,173.2,175.6,200.7,195.7,195.1,199.3,205.8,210.9,211.4,207.6,203.7,201.4,200.3,201.1,204.1,207.8,211.9,214.0,214.0,212.6,210.3,207.5,205.3,207.1,206.9,204.6,201.7,199.9,200.1,202.4,4.0,6.6,10.9,14.4,15.1,12.7,8.2,4.7,-2.0,1.2,5.4,10.1,14.2,17.0,18.5,15.6,11.8,7.7,3.7,0.2,7.4,8.9,10.8,11.9,11.6,10.1,8.2,7.1,65.9,68.8,73.2,76.4,76.6,73.7,69.4,65.8,61.7,64.4,67.9,72.2,76.4,80.0,82.4,78.6,74.3,70.1,66.4,63.3,69.1,70.5,72.5,73.8,73.7,72.2,70.3,69.0,-121.5,-125.2,-125.9,-123.4,-119.0,-115.1,-114.6,-117.1,-121.5,-122.2,-122.0,-121.2,-119.5,-117.3,-114.9,-113.5,-113.3,-113.8,-115.4,-118.0,-119.0,-117.9,-118.2,-119.8,-121.7,-122.9,-122.5,-120.9,-108.3,-111.8,-112.1,-109.2,-104.6,-101.2,-100.8,-103.6,-106.7,-107.9,-108.3,-107.6,-105.8,-103.6,-101.2,-99.4,-99.1,-99.9,-101.6,-103.8,-105.3,-103.9,-104.1,-105.6,-107.7,-109.0,-108.8,-107.3,572.9,573.1,573.4,573.5,573.3,573.3,572.8,572.7,577.2,574.5,572.2,571.3,572.4,574.6,576.8,575.2,573.4,572.7,573.2,575.0,573.7,573.8,573.9,574.0,574.0,574.0,573.9,573.8,595.0,595.3,595.1,594.5,593.9,593.6,593.8,594.6,597.6,595.6,593.7,592.7,593.5,595.5,598.0,595.6,593.8,593.1,593.9,595.8,595.2,594.9,594.8,595.0,595.3,595.5,595.6,595.5,28.8,-74.0,591.6,0.209,0.221,0.299,611.6,603.1,597.3,593.7,592.7,598.2,606.8,621.4,643.1,669.2,698.1,726.7,751.9,771.9,786.1,797.6,807.8,629.0,643.9,659.3,673.3,685.1,729.5,750.3,768.1,784.1,795.1,698.1,692.4,686.6,680.5,658.3,666.4,675.2,687.4,698.8,637.0,648.5,661.1,670.2,657.4,645.3,727.6,739.6,752.6,761.8,750.7,738.3,629.4,644.2,657.9,668.6,682.4,696.7,708.1,691.3,674.7,660.3,648.5,637.6,635.3,654.5,666.0,679.5,701.6,677.9,664.2,652.6,163.5,190.3,218.8,247.0,275.8,303.2,327.1,349.5,362.6,368.4,363.6,353.6,338.2,315.4,287.1,256.5,225.9,137.9,133.5,138.0,146.4,156.3,169.4,167.5,169.7,176.3,188.7,190.9,207.7,224.5,241.9,249.8,257.2,263.5,264.0,263.4,175.5,173.2,177.3,186.4,186.4,182.6,203.6,200.4,204.2,212.3,213.7,210.3,285.5,280.6,281.0,287.6,289.2,297.6,309.2,316.1,316.5,313.1,307.8,298.8,288.0,291.0,295.7,298.9,307.9,303.1,300.1,295.0,-20.3,-26.6,-31.1,-34.0,-34.6,-30.2,-23.6,-12.9,2.1,20.0,40.4,61.1,79.2,92.9,102.0,109.1,115.6,-7.6,2.7,12.9,22.2,29.8,58.4,72.1,84.1,95.0,103.1,38.2,34.2,30.3,26.1,12.2,17.4,23.1,31.1,38.7,-2.0,5.8,14.3,20.3,11.7,3.6,58.3,66.1,74.6,81.0,73.4,65.1,-7.2,2.8,11.9,18.8,27.9,37.6,45.7,34.1,22.9,13.4,5.6,-1.6,-3.2,9.6,17.1,26.1,41.3,25.0,16.0,8.4,-140.8,-122.5,-103.0,-83.1,-61.6,-41.0,-23.3,-7.3,1.8,5.7,2.5,-4.5,-15.4,-31.4,-50.9,-71.7,-92.4,-152.4,-153.7,-149.1,-142.1,-134.7,-124.4,-125.9,-124.9,-121.1,-113.9,-111.3,-99.6,-88.0,-76.2,-73.2,-67.9,-63.4,-63.0,-63.5,-126.1,-126.6,-123.3,-117.0,-117.2,-120.4,-104.0,-105.9,-103.3,-98.2,-97.0,-99.2,-50.8,-52.9,-52.3,-47.7,-46.5,-41.4,-34.1,-29.2,-28.7,-31.0,-34.7,-41.1,-48.8,-45.8,-42.4,-40.3,-34.9,-37.6,-39.6,-43.2,626.8,631.6,638.1,643.7,640.1,631.6,620.2,606.4,597.6,599.8,607.8,616.9,619.2,616.5,611.4,605.8,602.6,600.6,594.0,587.5,582.0,578.6,571.0,572.2,574.1,577.0,581.7,575.7,571.8,568.2,564.6,581.6,577.6,574.7,574.3,575.0,598.1,593.2,590.7,589.8,590.9,593.6,581.8,580.6,580.0,581.8,580.0,580.1,596.5,583.6,579.0,576.3,575.3,580.0,587.8,581.3,577.9,578.4,580.8,586.9,592.5,580.5,577.8,577.1,586.0,578.0,579.0,581.7,1.4809999999999999,0.098,0.207,0.303,683.235,249.73,-52.415,-10.064,-22.944000000000003,1.425,-6.77,1.686,-5.853,7.737,1.1640000000000001,-0.7609999999999999,-6.792000000000001,2.428,-3.7880000000000003,0.816,4.362,7.555,-8.818999999999999,-8.105,-5.888,-5.773,-3.2880000000000003,0.146,0.47,-1.314,1.028,0.762,0.503,-0.391,0.52,-0.152,-0.07200000000000001,-0.19699999999999998,-0.09300000000000001,0.40700000000000003,0.37,0.38,0.33,0.21,0.05,1.74,0.0,0.04,0.0,0.01,0.33,0.36,0.16,0.0,0.44,0.51,0.0,0.0,1.0,0.0,1.0,0.0,1.0,0.0,0.0,0.0,0.0,0.0,0.0,0.0,0.0,1.0,0.0,0.0,0.0
83,0,3.42,0.98,1,-0.16491199999999998,0.203238,-0.965142,-0.23801799999999998,0.229739,-0.943699,-0.20800000000000002,0.223,646.0,650.3,657.3,662.9,663.9,659.9,652.5,646.9,637.6,642.4,648.8,655.8,662.3,667.2,670.4,665.3,658.9,652.4,645.9,640.6,651.6,654.0,657.0,658.8,658.4,656.0,653.1,651.2,737.5,741.8,748.3,753.0,753.3,748.9,742.5,737.2,730.9,735.1,740.5,746.9,752.9,757.8,761.0,755.8,749.7,743.6,738.0,733.3,742.1,744.2,747.0,748.9,748.8,746.7,743.9,741.9,174.3,168.7,167.5,171.5,178.3,184.6,185.1,181.1,176.5,174.3,173.3,174.1,177.5,182.3,187.1,188.3,187.3,185.9,183.7,180.7,178.8,180.5,180.0,177.6,174.7,173.0,173.5,175.9,200.6,195.8,195.4,199.6,206.0,210.8,211.3,207.4,203.0,201.1,200.3,201.2,204.2,208.1,212.2,213.8,213.3,211.7,209.3,206.6,205.2,207.1,206.9,204.8,201.9,200.1,200.3,202.4,3.7,6.4,10.7,14.2,14.7,12.3,7.7,4.3,-1.5,1.5,5.4,9.8,13.8,16.8,18.8,15.6,11.7,7.6,3.6,0.4,7.2,8.6,10.5,11.6,11.4,9.9,8.1,6.9,66.8,69.9,74.3,77.4,77.5,74.4,70.1,66.6,62.6,65.3,68.8,73.0,77.2,80.8,83.3,79.4,75.0,70.7,67.0,64.0,70.0,71.4,73.3,74.7,74.6,73.2,71.3,69.9,-115.0,-118.7,-119.4,-116.7,-112.2,-108.1,-107.8,-110.5,-114.6,-115.4,-115.4,-114.6,-112.5,-109.8,-107.1,-106.0,-106.3,-107.2,-108.8,-111.2,-112.1,-111.0,-111.3,-112.9,-114.8,-115.9,-115.6,-114.1,-109.3,-112.7,-112.9,-109.9,-105.3,-101.9,-101.7,-104.5,-108.1,-109.1,-109.3,-108.5,-106.5,-104.2,-101.7,-100.2,-100.2,-101.3,-103.1,-105.3,-106.1,-104.8,-104.9,-106.4,-108.4,-109.7,-109.6,-108.1,541.8,542.8,542.6,541.5,540.0,539.2,539.2,540.4,546.3,543.5,540.8,539.3,539.4,540.5,541.8,540.1,538.8,538.7,540.1,542.9,541.4,541.0,540.9,541.3,541.9,542.4,542.5,542.1,599.9,600.4,600.2,599.4,598.4,597.9,598.1,599.2,602.6,600.6,598.8,597.7,598.3,600.1,602.3,599.8,597.9,597.4,598.4,600.5,599.8,599.5,599.4,599.6,600.0,600.4,600.5,600.3,29.8,-73.5,590.2,0.21100000000000002,0.196,0.285,610.8,602.5,596.7,593.2,592.9,599.2,609.0,624.6,647.4,674.0,702.8,730.6,754.6,773.0,785.8,796.4,805.5,628.2,643.4,659.4,674.2,686.5,729.0,749.5,767.4,783.4,793.6,699.6,694.0,688.5,682.7,660.1,668.5,677.5,689.7,701.2,637.7,649.3,661.9,671.2,658.4,646.2,727.9,740.0,753.0,762.3,751.1,738.7,631.4,646.9,661.5,671.7,684.7,699.4,711.9,694.2,677.4,663.7,652.3,640.4,637.5,658.4,669.3,682.1,705.2,680.5,667.6,656.6,163.3,190.8,220.1,248.8,277.7,304.8,328.2,350.1,363.0,368.5,363.4,352.8,337.0,314.0,286.0,256.0,226.1,140.3,135.1,138.8,147.2,157.6,169.9,167.9,170.3,177.2,189.9,190.9,207.9,224.9,242.5,250.6,257.8,264.0,264.2,263.4,176.1,173.6,177.6,186.9,186.8,183.0,203.4,200.1,203.9,212.0,213.2,209.8,285.4,281.0,281.5,287.6,288.7,296.9,308.2,316.6,317.6,314.7,310.0,300.7,287.8,291.9,296.0,298.7,307.1,303.4,300.7,296.2,-20.9,-27.1,-31.6,-34.5,-34.5,-29.4,-21.9,-10.6,5.0,23.3,43.7,64.2,81.5,94.1,102.3,108.6,114.4,-8.1,2.3,13.0,22.7,30.7,58.1,71.8,83.9,94.8,102.4,39.2,35.2,31.4,27.4,13.3,18.7,24.5,32.6,40.1,-1.6,6.3,14.7,21.0,12.4,4.2,58.5,66.5,75.0,81.5,73.8,65.6,-5.9,4.6,14.1,20.8,29.3,39.3,48.3,36.0,24.6,15.6,8.2,0.2,-1.7,12.1,19.3,27.7,43.7,26.7,18.2,11.0,-141.0,-122.2,-102.1,-81.8,-60.2,-39.8,-22.5,-6.8,2.1,5.8,2.4,-5.1,-16.3,-32.6,-51.9,-72.3,-92.6,-150.4,-152.3,-148.2,-141.3,-133.6,-124.2,-125.9,-124.8,-120.9,-113.4,-111.2,-99.2,-87.5,-75.5,-72.4,-67.3,-62.9,-62.8,-63.4,-125.3,-126.0,-122.8,-116.5,-116.7,-119.7,-104.3,-106.3,-103.7,-98.6,-97.5,-99.7,-50.8,-52.6,-51.7,-47.5,-46.8,-41.8,-34.8,-28.8,-27.9,-29.8,-33.0,-39.7,-48.8,-45.1,-42.1,-40.3,-35.4,-37.3,-39.1,-42.2,627.2,632.2,638.6,643.8,640.3,631.3,618.9,604.6,596.7,600.1,609.6,619.6,622.2,619.3,613.7,608.0,604.8,599.1,592.6,586.4,581.0,577.5,571.7,573.5,575.9,578.8,583.4,575.3,570.9,566.7,562.5,579.4,575.6,572.7,573.0,574.1,596.0,591.4,589.1,588.6,589.3,591.7,582.5,581.5,581.2,583.2,581.1,581.1,595.5,581.9,576.5,574.4,573.9,579.2,588.4,580.7,576.4,576.3,578.4,584.9,591.9,578.5,576.3,576.0,586.4,576.6,576.9,579.2,1.482,0.10400000000000001,0.17800000000000002,0.289,684.7860000000001,250.118,-45.188,-4.482,-20.025,2.105,-10.042,2.07,-4.356,10.3,0.8859999999999999,-0.635,-6.76,1.729,-2.616,-0.621,2.9930000000000003,7.388,-7.079,-8.606,-4.638999999999999,-3.975,-1.07,-0.457,0.754,0.055,0.078,0.688,-0.322,-0.57,0.40299999999999997,-0.332,-0.022000000000000002,-0.27399999999999997,-0.191,0.256,0.31,0.26,0.35,0.19,0.14,1.9,0.0,0.08,0.0,0.02,0.09,0.31,0.27,0.0,0.67,0.69,0.0,0.0,1.0,0.0,1.0,0.0,1.0,0.0,0.0,0.0,0.0,0.0,0.0,0.0,0.0,1.0,0.0,0.0,0.0
84,0,3.4619999999999997,0.98,1,-0.158057,0.209117,-0.965033,-0.231949,0.229897,-0.9451700000000001,-0.201,0.226,646.7,650.9,657.7,663.3,664.2,660.4,653.2,647.6,638.1,642.9,649.3,656.3,662.7,667.4,670.4,665.5,659.3,652.8,646.4,641.1,652.1,654.5,657.5,659.3,658.9,656.5,653.5,651.7,737.9,742.2,748.7,753.4,753.8,749.4,743.0,737.7,731.1,735.4,740.9,747.3,753.4,758.2,761.2,756.2,750.2,744.1,738.5,733.7,742.5,744.6,747.4,749.3,749.2,747.1,744.3,742.4,174.2,168.7,167.6,171.6,178.3,184.5,184.9,180.9,176.3,174.1,173.3,174.1,177.5,181.9,186.5,188.0,187.2,185.8,183.6,180.6,178.7,180.4,179.9,177.5,174.6,172.9,173.4,175.8,200.7,195.8,195.4,199.6,206.0,210.9,211.3,207.4,203.1,201.2,200.3,201.2,204.3,208.1,212.2,213.7,213.2,211.5,209.1,206.6,205.2,207.1,206.9,204.8,202.0,200.1,200.3,202.4,4.2,6.9,11.2,14.7,15.3,12.8,8.3,4.8,-1.2,1.8,5.8,10.3,14.3,17.3,19.2,16.1,12.1,8.0,4.0,0.7,7.7,9.2,11.0,12.2,11.9,10.4,8.6,7.4,67.4,70.4,74.8,78.0,78.1,75.1,70.7,67.2,63.0,65.7,69.3,73.6,77.9,81.4,83.8,80.0,75.7,71.4,67.6,64.5,70.6,72.0,73.9,75.2,75.2,73.8,71.8,70.5,-117.3,-120.9,-121.6,-118.9,-114.4,-110.4,-110.1,-112.8,-116.9,-117.7,-117.7,-116.8,-114.8,-112.2,-109.7,-108.4,-108.6,-109.4,-111.0,-113.5,-114.4,-113.3,-113.6,-115.1,-117.1,-118.2,-117.9,-116.4,-109.7,-113.1,-113.4,-110.3,-105.8,-102.4,-102.1,-104.9,-108.4,-109.4,-109.7,-108.9,-107.0,-104.6,-102.2,-100.8,-100.8,-101.8,-103.6,-105.7,-106.5,-105.2,-105.3,-106.8,-108.8,-110.2,-110.0,-108.5,552.3,553.2,553.2,552.3,551.0,550.2,550.1,551.0,556.7,554.0,551.4,550.1,550.3,551.6,553.1,551.3,549.8,549.6,550.8,553.4,552.1,551.7,551.7,552.1,552.7,553.1,553.1,552.7,602.2,602.7,602.6,602.0,601.1,600.6,600.6,601.5,604.8,602.9,601.1,600.1,600.9,602.9,605.2,602.6,600.6,600.0,600.8,602.8,602.3,602.0,602.0,602.2,602.6,602.9,602.9,602.7,30.0,-73.7,590.2,0.205,0.2,0.285,611.0,602.6,596.7,593.0,592.7,599.3,609.3,625.2,648.2,675.0,703.8,731.5,755.1,773.3,785.9,796.3,805.4,628.6,644.1,660.2,674.8,687.1,729.8,750.2,767.9,783.8,794.0,700.2,694.5,689.0,683.1,660.3,668.8,677.8,690.1,701.6,638.1,649.7,662.3,671.5,658.7,646.6,728.3,740.5,753.3,762.5,751.5,739.2,631.1,646.7,661.4,671.9,685.3,700.2,712.7,694.8,677.7,663.7,652.0,639.9,637.1,658.4,669.6,682.8,706.0,681.0,667.6,656.3,162.8,190.7,220.3,249.5,278.7,306.2,329.9,351.7,364.2,369.2,363.5,352.7,336.6,313.5,285.6,255.8,226.1,140.0,135.0,138.7,147.0,157.5,169.8,168.0,170.4,177.2,189.7,190.7,207.7,224.7,242.4,250.2,257.3,263.6,263.8,263.0,175.9,173.5,177.5,186.7,186.5,182.7,203.3,200.2,203.9,212.0,213.1,209.7,283.9,279.6,280.4,286.5,287.8,295.9,307.3,315.8,316.9,314.0,309.2,299.7,286.4,290.5,294.9,297.6,306.2,303.0,300.3,295.7,-20.8,-27.1,-31.7,-34.6,-34.6,-29.4,-21.7,-10.2,5.6,24.0,44.4,64.6,81.6,94.0,102.0,108.4,114.1,-7.8,2.8,13.6,23.1,31.1,58.7,72.2,84.2,95.1,102.7,39.6,35.6,31.7,27.7,13.5,18.9,24.7,32.8,40.4,-1.3,6.6,15.0,21.2,12.6,4.4,58.8,66.8,75.3,81.7,74.0,65.9,-6.1,4.4,14.1,21.0,29.7,39.8,48.9,36.4,24.8,15.6,7.9,-0.1,-2.0,12.1,19.5,28.2,44.2,27.0,18.2,10.8,-141.6,-122.6,-102.1,-81.4,-59.5,-38.8,-21.3,-5.8,2.9,6.3,2.5,-5.2,-16.6,-32.8,-52.0,-72.3,-92.4,-150.7,-152.5,-148.4,-141.5,-133.7,-124.3,-125.9,-124.8,-121.0,-113.5,-111.3,-99.4,-87.6,-75.6,-72.7,-67.5,-63.1,-63.0,-63.6,-125.4,-126.1,-122.9,-116.6,-116.8,-119.9,-104.3,-106.2,-103.7,-98.6,-97.5,-99.8,-51.8,-53.5,-52.5,-48.2,-47.4,-42.4,-35.5,-29.3,-28.4,-30.3,-33.6,-40.3,-49.8,-45.9,-42.9,-41.1,-36.0,-37.6,-39.3,-42.6,628.4,633.4,639.7,644.5,640.7,631.4,618.8,604.1,596.4,599.7,608.9,618.3,620.5,617.5,612.0,606.6,603.7,599.2,592.9,586.7,581.3,577.9,571.8,573.6,575.9,578.9,583.5,575.4,571.0,566.8,562.7,579.6,575.7,572.7,572.8,574.0,596.0,591.5,589.2,588.6,589.3,591.7,582.6,581.6,581.2,583.1,581.1,581.1,595.8,582.1,576.6,574.4,574.0,579.1,588.2,580.7,576.4,576.3,578.3,584.9,592.3,578.5,576.2,576.0,586.3,576.9,577.1,579.4,1.482,0.09699999999999999,0.185,0.289,685.12,249.861,-46.916000000000004,-1.4569999999999999,-18.159000000000002,0.055999999999999994,-10.196,2.239,-4.493,9.312000000000001,0.002,-1.263,-6.622000000000001,1.619,-3.175,-0.055999999999999994,3.5789999999999997,7.307,-7.906000000000001,-7.56,-4.8069999999999995,-3.861,-1.59,-0.293,0.402,-0.136,0.021,0.682,-0.24,-0.5589999999999999,0.371,-0.298,0.011000000000000001,-0.257,-0.14400000000000002,0.27399999999999997,0.29,0.27,0.37,0.16,0.23,1.89,0.01,0.07,0.11,0.02,0.0,0.29,0.27,0.0,0.77,0.68,0.0,0.0,1.0,0.0,1.0,0.0,1.0,0.0,1.0,0.0,1.0,0.0,0.0,0.0,0.0,1.0,0.0,0.0,0.0
85,0,3.503,0.98,1,-0.174137,0.197115,-0.964791,-0.25558800000000004,0.21363000000000001,-0.942888,-0.222,0.212,647.0,651.3,658.3,663.8,664.7,660.7,653.4,647.9,638.5,643.3,649.6,656.8,663.2,667.9,670.8,665.8,659.6,653.1,646.7,641.5,652.5,654.9,657.9,659.7,659.3,657.0,654.0,652.1,738.1,742.4,749.0,754.0,754.6,750.4,743.8,738.2,731.8,735.9,741.4,747.9,754.1,759.2,762.4,757.2,751.1,744.8,739.2,734.3,742.9,745.3,748.3,750.2,750.0,747.6,744.6,742.7,173.9,168.3,167.3,171.4,178.1,184.3,184.7,180.6,176.1,173.9,173.0,173.9,177.4,182.0,186.8,188.1,187.1,185.6,183.4,180.3,178.4,180.1,179.7,177.3,174.4,172.7,173.1,175.5,201.3,196.2,195.4,199.5,206.0,211.2,212.0,208.3,204.0,201.6,200.4,201.2,204.2,208.0,212.3,214.1,214.0,212.7,210.4,207.7,205.9,207.8,207.4,205.0,202.1,200.2,200.5,202.9,4.4,7.1,11.5,14.9,15.4,12.9,8.4,4.9,-1.0,2.0,6.0,10.4,14.5,17.4,19.3,16.1,12.2,8.2,4.2,0.9,7.8,9.3,11.2,12.3,12.1,10.6,8.8,7.6,65.8,68.7,73.1,76.4,76.6,73.7,69.3,65.7,61.8,64.4,67.8,72.0,76.3,79.9,82.3,78.5,74.2,70.0,66.3,63.3,69.0,70.5,72.5,73.8,73.7,72.2,70.2,68.9,-116.6,-120.2,-120.9,-118.1,-113.6,-109.6,-109.3,-112.0,-116.0,-116.9,-116.9,-116.0,-113.9,-111.2,-108.5,-107.4,-107.8,-108.6,-110.3,-112.7,-113.7,-112.5,-112.8,-114.3,-116.3,-117.5,-117.2,-115.6,-106.4,-109.9,-110.4,-107.5,-102.9,-99.4,-98.9,-101.6,-105.1,-106.3,-106.8,-106.0,-104.1,-101.9,-99.3,-97.7,-97.5,-98.3,-100.0,-102.2,-103.3,-102.0,-102.2,-103.8,-105.9,-107.2,-107.0,-105.4,547.9,548.8,548.8,547.8,546.5,545.7,545.6,546.5,552.2,549.5,546.9,545.5,545.8,546.9,548.4,546.7,545.3,545.1,546.3,549.0,547.7,547.2,547.2,547.6,548.2,548.6,548.7,548.3,586.6,587.1,586.9,586.0,585.0,584.5,584.8,585.9,589.2,587.2,585.4,584.2,584.7,586.4,588.5,586.2,584.4,584.0,584.9,587.1,586.5,586.1,586.0,586.2,586.7,587.1,587.2,587.0,29.7,-74.3,590.7,0.195,0.218,0.303,612.8,604.0,597.7,593.6,592.7,598.4,607.5,622.5,644.5,670.7,699.6,728.1,753.2,773.0,786.9,798.3,808.3,630.3,645.6,660.9,674.9,686.7,731.1,751.9,769.7,785.8,796.8,699.8,694.0,688.2,682.1,659.2,667.6,676.7,689.2,700.9,638.4,650.2,662.9,672.0,658.9,646.7,728.6,741.0,754.2,763.6,752.3,739.7,629.2,644.8,659.7,670.5,684.3,699.9,713.1,694.0,675.9,661.4,649.4,637.5,635.2,656.2,667.8,681.5,706.4,679.4,665.6,653.9,163.6,190.2,218.7,247.1,275.9,303.7,328.1,350.9,363.7,369.0,363.8,353.6,338.3,315.6,287.4,257.1,226.9,137.6,133.4,137.7,146.0,156.1,169.3,167.5,169.8,176.6,189.4,190.7,207.4,224.3,241.7,249.1,256.5,263.0,263.3,262.9,175.4,173.1,177.4,186.9,186.5,182.5,203.8,200.5,204.4,212.6,213.9,210.4,281.4,277.2,278.3,284.7,286.3,294.8,306.8,315.1,315.7,312.4,307.2,297.2,284.1,288.7,293.4,296.5,305.7,301.7,298.6,293.6,-19.5,-26.0,-30.8,-34.1,-34.6,-30.0,-23.1,-12.1,3.1,21.0,41.3,62.0,79.9,93.5,102.5,109.5,115.9,-6.7,3.8,14.1,23.2,30.9,59.5,73.2,85.1,96.3,104.3,39.3,35.3,31.3,27.1,12.7,18.2,24.0,32.2,40.0,-1.1,6.9,15.5,21.6,12.8,4.6,58.9,67.1,75.7,82.2,74.4,66.1,-7.4,3.2,13.0,20.0,29.1,39.6,49.1,35.8,23.6,14.1,6.2,-1.7,-3.2,10.7,18.3,27.3,44.5,26.0,16.9,9.2,-140.8,-122.6,-103.0,-83.0,-61.5,-40.7,-22.6,-6.3,2.6,6.2,2.7,-4.5,-15.3,-31.2,-50.6,-71.2,-91.6,-152.6,-153.9,-149.3,-142.4,-134.9,-124.4,-126.0,-124.9,-121.0,-113.5,-111.4,-99.6,-88.1,-76.2,-73.6,-68.2,-63.6,-63.4,-63.8,-126.2,-126.7,-123.3,-116.7,-117.1,-120.4,-103.9,-105.8,-103.2,-98.0,-96.8,-99.1,-53.7,-55.2,-53.9,-49.4,-48.3,-43.1,-35.8,-29.8,-29.1,-31.3,-34.9,-42.1,-51.5,-47.2,-43.9,-41.8,-36.4,-38.4,-40.5,-44.0,627.6,631.9,637.7,642.8,639.8,631.6,620.4,605.9,597.0,599.0,606.9,615.9,617.9,615.1,610.2,605.3,602.6,600.5,594.3,587.8,582.4,579.1,570.8,572.4,574.4,577.5,581.9,575.7,571.5,567.7,563.9,580.8,576.6,573.6,573.6,574.6,598.2,593.4,590.8,589.7,590.7,593.4,581.9,580.8,580.2,581.7,579.8,580.0,598.1,583.4,577.3,574.6,573.6,578.7,588.0,580.2,575.6,576.1,578.7,586.3,594.3,579.2,576.4,575.6,586.2,576.3,577.1,579.9,1.482,0.085,0.205,0.307,684.675,249.15900000000002,-50.983999999999995,-8.935,-16.186,-1.6480000000000001,-9.07,1.307,-8.248,8.242,-2.535,-2.032,-7.18,3.3489999999999998,-5.1160000000000005,0.698,5.065,7.507999999999999,-8.128,-6.97,-4.342,-4.628,-3.24,-1.093,0.573,-0.711,0.168,0.7979999999999999,0.368,-0.54,0.41600000000000004,-0.198,-0.028999999999999998,-0.16699999999999998,-0.14400000000000002,0.215,0.23,0.26,0.33,0.13,0.33,2.03,0.01,0.04,0.24,0.02,0.0,0.26,0.1,0.0,0.92,0.6,0.0,1.0,1.0,0.0,0.0,0.0,1.0,0.0,1.0,0.0,1.0,0.0,0.0,0.0,0.0,1.0,0.0,0.0,0.0
86,0,3.545,0.98,1,-0.173907,0.193953,-0.9654729999999999,-0.260038,0.214811,-0.941401,-0.22399999999999998,0.21100000000000002,647.5,651.9,659.0,664.5,665.3,661.2,653.8,648.3,638.9,643.8,650.3,657.3,663.8,668.5,671.4,666.5,660.2,653.7,647.2,641.9,653.0,655.4,658.4,660.3,659.9,657.5,654.5,652.6,738.6,742.8,749.3,754.5,755.1,750.9,744.4,738.7,732.2,736.5,742.0,748.4,754.7,759.7,763.0,757.8,751.7,745.5,739.8,734.9,743.5,745.8,748.8,750.7,750.4,748.1,745.1,743.2,173.4,167.9,166.9,171.1,177.8,184.0,184.2,180.1,175.7,173.5,172.6,173.6,177.1,181.9,186.7,187.9,186.7,185.1,182.9,179.9,178.0,179.7,179.3,177.0,174.1,172.4,172.8,175.1,201.1,195.9,195.1,199.2,205.8,211.0,211.8,208.1,203.6,201.4,200.4,201.2,204.1,207.7,211.7,213.7,213.7,212.5,210.1,207.4,205.6,207.5,207.1,204.7,201.7,199.8,200.2,202.6,4.7,7.4,11.8,15.3,15.7,13.2,8.6,5.1,-0.7,2.4,6.4,10.7,14.7,17.7,19.6,16.4,12.5,8.5,4.5,1.2,8.1,9.5,11.4,12.6,12.4,10.9,9.1,7.9,66.3,69.1,73.5,76.9,77.2,74.4,70.0,66.3,62.3,64.9,68.4,72.6,76.9,80.5,83.0,79.2,74.9,70.6,66.9,63.9,69.6,71.1,73.1,74.4,74.2,72.7,70.7,69.4,-116.1,-119.8,-120.4,-117.6,-113.1,-109.1,-108.9,-111.6,-115.6,-116.4,-116.4,-115.5,-113.4,-110.6,-107.9,-106.8,-107.3,-108.2,-109.9,-112.3,-113.2,-112.0,-112.3,-113.8,-115.7,-116.9,-116.7,-115.1,-106.8,-110.4,-110.9,-108.0,-103.5,-99.9,-99.4,-102.0,-105.6,-106.7,-107.1,-106.3,-104.5,-102.4,-100.1,-98.4,-98.0,-98.8,-100.5,-102.7,-103.8,-102.5,-102.7,-104.4,-106.4,-107.8,-107.5,-105.9,544.5,545.6,545.6,544.5,543.0,542.1,542.0,543.0,548.8,546.1,543.6,542.2,542.4,543.5,544.9,543.1,541.7,541.5,542.7,545.4,544.2,543.7,543.7,544.2,544.8,545.3,545.3,544.8,588.2,588.5,588.3,587.6,586.9,586.5,586.8,587.7,590.7,588.7,586.9,585.8,586.5,588.4,590.7,588.3,586.6,586.0,586.8,588.8,588.3,588.0,587.9,588.0,588.4,588.7,588.8,588.6,29.9,-74.7,591.3,0.198,0.21600000000000003,0.309,613.4,604.5,598.1,593.8,592.7,598.0,606.7,621.4,643.2,669.3,698.2,727.0,752.6,773.0,787.4,799.3,809.7,630.5,645.9,661.3,675.4,687.2,731.5,752.4,770.3,786.7,797.7,700.2,694.5,688.8,682.7,659.6,668.0,677.1,689.7,701.5,638.9,650.7,663.5,672.6,659.5,647.3,729.1,741.6,754.8,764.2,752.9,740.3,629.5,645.2,660.2,670.9,684.7,700.4,713.6,694.1,675.8,661.3,649.4,637.6,635.5,656.6,668.1,681.7,707.0,679.3,665.5,653.9,162.9,189.3,217.4,245.3,273.8,301.5,326.2,349.6,363.1,368.8,364.1,354.0,338.8,315.9,287.4,256.7,226.2,138.1,133.6,137.9,146.2,156.2,169.3,167.5,169.9,176.9,190.0,190.4,207.1,223.9,241.3,248.0,255.6,262.2,262.5,262.2,175.0,172.9,177.1,186.5,186.1,182.1,203.5,200.3,204.1,212.4,213.6,210.1,279.8,275.7,277.0,283.5,285.2,293.8,305.9,314.6,315.1,311.6,306.3,296.0,282.6,287.0,291.9,295.1,304.8,301.4,298.2,293.1,-19.1,-25.6,-30.5,-33.9,-34.6,-30.3,-23.7,-12.9,2.2,20.1,40.4,61.3,79.7,93.7,103.1,110.5,117.3,-6.5,4.0,14.3,23.6,31.3,59.7,73.6,85.6,96.9,105.0,39.6,35.6,31.7,27.5,13.1,18.5,24.3,32.6,40.4,-0.8,7.3,15.9,22.0,13.2,5.0,59.3,67.5,76.2,82.6,74.9,66.5,-7.2,3.5,13.3,20.3,29.3,40.0,49.6,35.9,23.6,14.1,6.3,-1.6,-3.0,11.0,18.5,27.4,45.0,25.9,16.8,9.2,-141.4,-123.2,-103.8,-84.2,-63.0,-42.2,-24.0,-7.2,2.1,6.0,2.9,-4.2,-15.0,-31.1,-50.8,-71.7,-92.4,-152.5,-153.9,-149.4,-142.5,-135.0,-124.5,-126.1,-124.9,-121.0,-113.2,-111.7,-100.0,-88.4,-76.6,-74.4,-68.9,-64.2,-63.9,-64.3,-126.6,-127.1,-123.6,-117.0,-117.5,-120.8,-104.2,-106.1,-103.5,-98.2,-97.1,-99.4,-54.9,-56.3,-54.9,-50.3,-49.1,-43.8,-36.4,-30.2,-29.6,-31.9,-35.6,-43.0,-52.7,-48.4,-44.9,-42.7,-37.0,-38.6,-40.8,-44.4,627.7,631.5,636.9,641.9,639.5,632.2,621.8,607.3,598.2,599.9,607.9,617.0,619.3,616.6,612.0,607.2,604.5,601.3,595.0,588.5,583.0,579.5,571.3,572.9,574.9,578.2,582.7,576.0,572.0,568.3,564.6,581.4,577.1,574.0,574.1,575.0,598.9,594.1,591.6,590.3,591.3,594.1,582.4,581.3,580.7,582.1,580.3,580.5,599.3,584.6,578.1,575.3,574.3,579.5,589.1,581.0,576.2,576.9,579.6,587.5,595.6,579.9,577.0,576.1,587.4,577.1,578.0,581.0,1.48,0.08800000000000001,0.19899999999999998,0.313,684.928,248.56599999999997,-50.638000000000005,-12.42,-13.722999999999999,-1.942,-9.345,1.043,-8.337,7.202000000000001,-1.9580000000000002,-2.656,-7.843999999999999,3.758,-5.497000000000001,0.9940000000000001,5.266,7.236000000000001,-7.167999999999999,-6.79,-4.91,-4.245,-3.5210000000000004,-0.685,1.227,-0.7879999999999999,0.163,0.706,0.424,-0.474,0.405,-0.158,-0.036000000000000004,-0.205,-0.157,0.18600000000000003,0.18,0.26,0.37,0.11,0.4,1.96,0.0,0.11,0.37,0.03,0.0,0.31,0.11,0.0,0.93,0.59,0.0,0.0,1.0,0.0,0.0,0.0,1.0,0.0,1.0,0.0,1.0,0.0,0.0,0.0,0.0,1.0,0.0,0.0,0.0
87,0,3.5869999999999997,0.98,1,-0.160934,0.194723,-0.967566,-0.23371199999999998,0.245694,-0.940751,-0.204,0.22699999999999998,647.7,652.3,659.5,665.2,666.0,661.8,654.2,648.6,639.2,644.1,650.7,657.9,664.4,669.3,672.5,667.4,660.9,654.3,647.7,642.2,653.4,655.8,658.9,660.8,660.5,658.1,655.0,653.1,739.0,743.4,750.2,755.3,755.7,751.2,744.5,738.8,732.5,736.9,742.5,748.9,754.9,759.9,763.2,758.3,752.5,746.3,740.4,735.3,743.8,746.1,749.1,751.1,750.9,748.6,745.6,743.6,173.3,167.8,166.8,170.8,177.6,183.8,184.2,180.1,176.0,173.6,172.5,173.3,176.9,181.9,186.9,187.9,186.6,185.0,182.8,179.9,178.0,179.7,179.3,176.9,174.0,172.3,172.7,175.1,200.5,195.9,195.4,199.3,205.3,210.0,210.4,207.0,202.8,200.8,199.7,200.6,203.8,208.0,212.6,212.2,210.4,208.3,206.3,204.9,205.1,206.9,206.7,204.6,201.9,200.1,200.4,202.4,4.7,7.5,11.9,15.3,15.7,13.2,8.6,5.2,-0.5,2.5,6.5,10.8,14.8,17.8,19.8,16.6,12.6,8.6,4.7,1.4,8.1,9.6,11.5,12.7,12.5,11.0,9.1,7.9,67.6,70.8,75.5,78.7,78.7,75.5,70.9,67.3,63.4,66.2,69.9,74.1,78.2,81.7,84.2,80.5,76.3,72.1,68.3,65.0,70.8,72.2,74.3,75.8,75.8,74.3,72.2,70.8,-113.5,-117.2,-117.8,-115.0,-110.6,-106.6,-106.3,-109.1,-112.8,-113.7,-113.8,-113.0,-110.9,-108.0,-105.2,-104.2,-104.8,-105.7,-107.3,-109.6,-110.6,-109.4,-109.7,-111.2,-113.1,-114.3,-114.0,-112.5,-108.9,-112.4,-112.7,-109.8,-105.3,-101.8,-101.5,-104.1,-107.7,-108.8,-109.2,-108.4,-106.3,-103.6,-100.8,-100.6,-101.5,-102.9,-104.4,-105.8,-105.6,-104.3,-104.4,-106.0,-108.0,-109.3,-109.2,-107.6,532.2,533.4,533.4,532.1,530.3,529.2,529.2,530.4,536.4,533.8,531.2,529.7,529.7,530.6,531.8,530.1,528.7,528.6,530.0,532.9,531.6,531.1,531.1,531.6,532.4,532.9,532.9,532.4,597.4,599.0,599.1,597.6,595.5,593.9,593.8,595.4,599.6,598.0,596.4,595.3,595.4,596.6,598.1,595.5,593.7,593.4,594.6,597.0,596.6,596.0,596.0,596.7,597.7,598.4,598.3,597.6,30.7,-74.5,589.8,0.19899999999999998,0.184,0.297,612.9,604.2,597.8,593.5,592.7,598.4,607.9,623.3,646.3,673.3,702.3,730.4,754.9,773.8,787.0,797.9,807.3,630.2,645.5,661.6,676.4,688.6,730.9,751.5,769.6,785.6,795.9,701.5,695.9,690.3,684.5,661.1,669.7,679.0,691.7,703.4,639.4,651.2,663.8,673.2,660.4,648.2,729.7,742.2,755.0,764.4,753.2,740.9,631.2,647.4,662.7,673.5,687.3,702.8,715.9,697.1,679.1,664.6,652.6,640.1,637.3,659.5,671.0,684.7,709.3,682.4,668.5,656.9,162.8,189.7,218.3,246.5,275.1,302.2,326.1,348.9,362.5,368.3,363.5,353.0,337.3,314.1,286.0,255.9,225.9,140.0,135.0,138.8,147.0,157.5,169.4,167.4,170.0,177.2,190.2,190.1,207.1,224.1,241.8,248.3,255.9,262.5,262.6,262.0,175.2,173.0,177.0,186.1,185.6,181.8,202.5,199.4,203.2,211.2,212.0,208.7,280.5,276.5,277.8,284.1,285.5,293.6,305.1,314.4,315.7,312.6,307.6,297.2,283.1,287.7,292.2,295.1,304.1,301.9,299.1,294.2,-19.4,-25.8,-30.7,-34.1,-34.6,-30.0,-22.7,-11.5,4.3,22.8,43.4,64.0,81.8,95.0,103.5,110.2,116.4,-6.7,3.7,14.5,24.2,32.1,59.5,73.3,85.5,96.7,104.4,40.5,36.5,32.6,28.6,14.0,19.5,25.5,33.8,41.6,-0.4,7.6,16.0,22.4,13.7,5.6,59.8,68.1,76.6,83.0,75.3,67.1,-6.0,4.9,14.9,21.9,31.0,41.6,51.1,37.9,25.7,16.2,8.3,0.1,-1.8,12.9,20.4,29.4,46.5,27.9,18.8,11.2,-141.4,-122.9,-103.1,-83.2,-62.1,-41.7,-24.0,-7.7,1.7,5.7,2.4,-4.9,-16.2,-32.5,-52.1,-72.7,-93.3,-150.9,-152.7,-148.6,-141.6,-133.9,-124.7,-126.5,-125.4,-121.4,-113.6,-111.8,-99.8,-88.0,-76.0,-73.9,-68.4,-63.8,-63.7,-64.3,-126.0,-126.5,-123.4,-117.1,-117.6,-120.5,-105.0,-106.9,-104.4,-99.3,-98.4,-100.7,-54.2,-55.6,-54.1,-49.8,-48.8,-43.9,-37.0,-30.3,-29.1,-31.2,-34.6,-42.0,-52.1,-47.8,-44.6,-42.7,-37.5,-38.2,-40.1,-43.5,627.3,631.4,636.9,642.0,639.5,631.5,619.6,604.5,596.2,599.4,609.4,619.9,623.1,620.8,615.9,611.0,608.6,600.3,593.8,587.5,581.9,578.3,572.6,574.7,577.4,580.9,585.8,575.8,571.1,566.6,562.2,579.3,575.0,572.0,572.5,573.9,596.6,592.2,590.0,589.3,589.8,592.1,583.5,582.7,582.5,584.2,582.1,582.0,596.7,582.2,576.1,573.7,573.3,579.1,589.2,580.6,575.3,575.3,577.5,585.0,593.3,577.9,575.4,575.2,587.3,576.1,576.4,579.0,1.4809999999999999,0.092,0.161,0.301,686.22,248.63099999999997,-42.501000000000005,-8.071,-12.431,0.423,-12.459000000000001,2.3369999999999997,-6.084,9.527999999999999,-0.456,-0.456,-6.834,2.63,-3.306,0.774,4.0489999999999995,7.001,-6.771,-7.767,-5.115,-3.677,-1.3619999999999999,0.244,1.148,0.026000000000000002,0.13,0.894,0.228,-0.9390000000000001,0.524,-0.32899999999999996,0.134,-0.134,-0.012,0.127,0.09,0.24,0.44,0.17,0.49,1.85,0.0,0.32,0.38,0.06,0.0,0.39,0.34,0.0,0.74,0.63,0.0,0.0,1.0,0.0,1.0,0.0,1.0,0.0,1.0,0.0,1.0,0.0,0.0,1.0,0.0,1.0,0.0,0.0,0.0
