frame,openface_x_17,openface_y_17,mediapipe_x_17,mediapipe_y_17,openface_x_18,openface_y_18,mediapipe_x_18,mediapipe_y_18,openface_x_19,openface_y_19,mediapipe_x_19,mediapipe_y_19,openface_x_20,openface_y_20,mediapipe_x_20,mediapipe_y_20,openface_x_21,openface_y_21,mediapipe_x_21,mediapipe_y_21,openface_x_22,openface_y_22,mediapipe_x_22,mediapipe_y_22,openface_x_23,openface_y_23,mediapipe_x_23,mediapipe_y_23,openface_x_24,openface_y_24,mediapipe_x_24,mediapipe_y_24,openface_x_25,openface_y_25,mediapipe_x_25,mediapipe_y_25,openface_x_26,openface_y_26,mediapipe_x_26,mediapipe_y_26,openface_x_27,openface_y_27,mediapipe_x_27,mediapipe_y_27,openface_x_28,openface_y_28,mediapipe_x_28,mediapipe_y_28,openface_x_29,openface_y_29,mediapipe_x_29,mediapipe_y_29,openface_x_30,openface_y_30,mediapipe_x_30,mediapipe_y_30,openface_x_31,openface_y_31,mediapipe_x_31,mediapipe_y_31,openface_x_32,openface_y_32,mediapipe_x_32,mediapipe_y_32,openface_x_33,openface_y_33,mediapipe_x_33,mediapipe_y_33,openface_x_34,openface_y_34,mediapipe_x_34,mediapipe_y_34,openface_x_35,openface_y_35,mediapipe_x_35,mediapipe_y_35,openface_x_36,openface_y_36,mediapipe_x_36,mediapipe_y_36,openface_x_37,openface_y_37,mediapipe_x_37,mediapipe_y_37,openface_x_38,openface_y_38,mediapipe_x_38,mediapipe_y_38,openface_x_39,openface_y_39,mediapipe_x_39,mediapipe_y_39,openface_x_40,openface_y_40,mediapipe_x_40,mediapipe_y_40,openface_x_41,openface_y_41,mediapipe_x_41,mediapipe_y_41,openface_x_42,openface_y_42,mediapipe_x_42,mediapipe_y_42,openface_x_43,openface_y_43,mediapipe_x_43,mediapipe_y_43,openface_x_44,openface_y_44,mediapipe_x_44,mediapipe_y_44,openface_x_45,openface_y_45,mediapipe_x_45,mediapipe_y_45,openface_x_46,openface_y_46,mediapipe_x_46,mediapipe_y_46,openface_x_47,openface_y_47,mediapipe_x_47,mediapipe_y_47,openface_x_48,openface_y_48,mediapipe_x_48,mediapipe_y_48,openface_x_49,openface_y_49,mediapipe_x_49,mediapipe_y_49,openface_x_50,openface_y_50,mediapipe_x_50,mediapipe_y_50,openface_x_51,openface_y_51,mediapipe_x_51,mediapipe_y_51,openface_x_52,openface_y_52,mediapipe_x_52,mediapipe_y_52,openface_x_53,openface_y_53,mediapipe_x_53,mediapipe_y_53,openface_x_54,openface_y_54,mediapipe_x_54,mediapipe_y_54,openface_x_55,openface_y_55,mediapipe_x_55,mediapipe_y_55,openface_x_56,openface_y_56,mediapipe_x_56,mediapipe_y_56,openface_x_57,openface_y_57,mediapipe_x_57,mediapipe_y_57,openface_x_58,openface_y_58,mediapipe_x_58,mediapipe_y_58,openface_x_59,openface_y_59,mediapipe_x_59,mediapipe_y_59,openface_x_60,openface_y_60,mediapipe_x_60,mediapipe_y_60,openface_x_61,openface_y_61,mediapipe_x_61,mediapipe_y_61,openface_x_62,openface_y_62,mediapipe_x_62,mediapipe_y_62,openface_x_63,openface_y_63,mediapipe_x_63,mediapipe_y_63,openface_x_64,openface_y_64,mediapipe_x_64,mediapipe_y_64,openface_x_65,openface_y_65,mediapipe_x_65,mediapipe_y_65,openface_x_66,openface_y_66,mediapipe_x_66,mediapipe_y_66,openface_x_67,openface_y_67,mediapipe_x_67,mediapipe_y_67
1,327.5,175.4,329.5,172.0,341.1,166.8,340.5,168.0,355.6,164.4,354.0,166.0,369.6,167.2,369.5,167.0,382.2,172.4,385.0,170.5,403.2,172.3,409.5,172.0,413.3,168.4,421.5,169.0,422.5,167.7,430.0,168.5,431.3,170.8,436.0,171.0,436.1,179.3,437.5,175.5,395.8,182.5,396.5,181.0,399.4,194.9,401.8,195.2,403.1,207.4,404.57142857142856,207.0,406.5,220.7,404.0,217.5,381.2,231.1,379.3076923076923,225.84615384615384,391.0,234.4,391.9166666666667,229.16666666666666,400.2,237.5,401.6666666666667,232.86666666666667,406.7,235.3,411.75,231.91666666666666,411.6,232.6,416.27272727272725,225.72727272727272,348.9,184.9,341.6666666666667,183.83333333333334,357.4,181.8,351.0,179.2,364.5,181.9,365.25,179.5,370.2,185.4,373.3333333333333,185.77777777777777,364.9,185.7,361.5,190.0,357.9,185.6,347.2,189.2,404.2,187.2,406.7142857142857,187.0,412.8,184.0,413.25,181.0,419.5,184.5,424.8,181.0,424.5,188.3,429.0,185.85714285714286,419.6,188.5,422.5,190.83333333333334,413.3,187.8,412.3333333333333,190.0,354.3,258.0,360.57142857142856,257.42857142857144,374.1,252.5,372.75,254.75,388.5,252.0,389.0,254.0,396.6,254.2,398.0,253.0,405.0,253.0,404.5,254.0,411.4,254.8,410.6666666666667,254.66666666666666,414.8,260.2,414.0,257.4,411.5,267.4,409.5,263.0,405.6,269.8,401.5,263.5,397.1,270.5,394.0,271.3333333333333,388.1,269.4,380.5,268.75,373.4,266.1,368.0,263.0,359.3,258.5,373.8888888888889,255.22222222222223,387.9,257.3,379.6666666666667,257.6666666666667,396.2,258.4,393.75,258.25,404.3,257.9,402.2,262.0,412.1,260.7,410.2,258.1,404.5,262.1,404.75,259.75,396.2,263.1,395.0,261.5,387.7,262.3,382.75,261.5
2,329.2,174.7,331.5,171.0,343.1,166.7,342.5,166.5,356.8,164.5,356.0,165.0,370.0,167.4,371.5,166.5,382.0,172.5,386.5,170.5,403.8,172.3,409.5,173.0,413.5,168.7,421.0,170.5,422.2,167.9,430.0,169.5,430.7,170.5,435.0,172.0,435.7,178.2,436.5,176.5,396.0,182.7,397.0,181.16666666666666,399.4,195.1,401.8,194.6,403.1,207.6,404.14285714285717,206.57142857142858,406.6,220.8,403.25,216.75,381.5,231.5,379.3076923076923,224.84615384615384,391.2,234.7,391.5833333333333,228.5,400.3,237.7,400.8666666666667,232.2,406.9,235.3,410.75,231.33333333333334,411.7,232.3,414.8181818181818,225.45454545454547,349.8,185.1,343.0,182.83333333333334,358.0,181.8,352.6,178.2,364.8,181.9,366.5,179.25,370.1,185.4,373.6666666666667,185.44444444444446,365.1,185.9,362.25,189.25,358.5,185.8,348.0,188.2,404.2,187.1,406.57142857142856,187.28571428571428,412.9,184.0,413.0,181.75,419.4,184.5,424.4,181.6,424.2,188.2,428.0,186.71428571428572,419.3,188.4,421.8333333333333,191.66666666666666,413.4,187.7,411.3333333333333,190.0,355.1,258.1,360.7142857142857,256.2857142857143,375.3,252.2,372.75,253.5,389.1,251.6,388.5,252.0,397.6,253.6,397.0,252.0,406.0,252.2,403.5,252.0,412.5,253.6,410.3333333333333,253.66666666666666,415.6,259.0,412.8,256.4,412.9,266.2,408.0,262.5,407.3,269.1,400.5,262.0,398.9,270.1,393.0,270.3333333333333,389.7,269.2,379.75,268.0,375.1,266.2,368.0,262.0,360.0,258.4,373.77777777777777,254.11111111111111,388.9,257.0,379.3333333333333,256.6666666666667,397.4,257.9,393.25,256.75,405.7,257.0,401.2,260.8,413.0,259.5,409.2,257.4,406.0,261.7,403.75,258.25,397.6,263.0,394.0,260.0,388.9,262.3,382.5,259.75
3,329.0,175.1,331.5,171.0,342.9,166.9,342.5,166.5,356.7,164.2,356.0,165.0,369.9,167.1,371.0,166.5,382.1,172.4,386.5,170.5,403.9,172.2,409.5,172.0,413.5,168.6,421.0,169.5,422.2,167.7,430.0,168.5,430.6,170.2,435.0,171.0,435.4,177.8,436.5,175.5,396.4,182.7,397.0,180.83333333333334,399.8,195.0,401.8,194.6,403.6,207.6,403.7142857142857,206.57142857142858,407.1,220.8,403.25,216.75,381.9,231.8,379.2307692307692,224.92307692307693,391.5,234.9,391.4166666666667,228.58333333333334,400.5,237.8,400.6666666666667,232.2,407.0,235.3,410.5,231.5,411.8,232.3,414.72727272727275,225.54545454545453,350.0,184.9,343.3333333333333,183.16666666666666,358.3,181.5,353.0,178.6,365.0,181.6,366.5,179.25,370.1,185.2,373.8888888888889,185.55555555555554,365.3,185.8,362.5,189.5,358.6,185.6,348.2,188.2,404.2,186.7,406.57142857142856,187.14285714285714,413.0,183.5,413.0,181.5,419.5,184.0,424.4,181.2,424.0,187.8,428.14285714285717,186.57142857142858,419.3,188.0,421.8333333333333,191.5,413.3,187.4,411.3333333333333,190.0,355.4,258.2,360.7142857142857,256.85714285714283,375.5,252.3,372.75,254.5,389.4,251.6,388.5,253.0,397.9,253.5,397.0,252.0,406.4,251.9,403.5,253.0,412.8,253.2,409.3333333333333,254.33333333333334,415.7,258.4,412.2,257.4,412.9,265.8,407.5,263.0,407.4,269.1,400.0,262.5,399.1,270.3,392.3333333333333,270.6666666666667,389.8,269.5,379.5,268.25,375.4,266.5,368.0,263.0,360.1,258.4,373.6666666666667,254.66666666666666,389.2,257.2,379.3333333333333,257.0,397.7,258.1,392.75,257.5,405.9,257.0,401.0,261.8,413.1,258.9,408.7,258.2,406.3,261.4,403.0,259.0,397.9,263.0,394.0,260.5,389.3,262.4,381.75,260.5
4,329.4,175.1,330.5,170.0,343.1,166.9,342.5,165.5,356.8,163.8,355.5,164.0,370.1,166.7,370.5,165.5,382.2,172.3,385.5,169.5,404.2,172.0,409.5,171.0,413.8,168.3,421.0,168.5,422.3,167.2,430.0,168.0,430.4,169.5,435.0,170.0,434.7,176.9,437.0,175.0,396.8,182.5,396.5,180.0,400.1,194.9,401.0,194.4,403.8,207.6,403.42857142857144,206.28571428571428,407.3,220.8,402.5,216.5,382.1,232.0,378.6923076923077,224.84615384615384,391.5,235.0,390.6666666666667,228.25,400.4,237.9,400.0,232.06666666666666,406.9,235.4,409.75,231.41666666666666,411.5,232.2,413.90909090909093,225.45454545454547,350.4,184.8,342.5,182.5,358.7,181.3,352.0,177.6,365.4,181.4,366.0,178.25,370.3,185.0,373.3333333333333,184.77777777777777,365.5,185.7,361.5,189.0,358.8,185.6,347.2,188.0,404.1,186.2,406.57142857142856,186.85714285714286,413.2,183.1,413.0,180.75,419.6,183.5,424.4,180.6,423.9,187.4,428.2857142857143,185.85714285714286,419.2,187.7,422.0,190.83333333333334,413.3,187.0,411.3333333333333,189.33333333333334,355.8,258.3,361.0,257.2857142857143,375.7,252.4,372.75,254.25,389.6,251.6,388.0,253.0,398.0,253.5,397.0,252.0,406.4,251.7,402.5,253.0,412.8,252.7,409.0,254.33333333333334,415.5,257.9,411.8,257.4,412.7,265.5,407.5,263.0,407.1,269.1,400.0,262.5,398.9,270.6,392.3333333333333,270.6666666666667,389.7,269.9,379.5,268.5,375.5,266.9,368.0,263.0,360.4,258.5,373.77777777777777,254.77777777777777,389.3,257.6,379.3333333333333,257.3333333333333,397.7,258.4,392.5,257.5,405.8,257.1,400.2,261.6,412.8,258.5,408.2,258.1,406.2,261.0,403.0,259.0,398.0,262.9,393.5,260.5,389.5,262.4,381.75,260.75
5,329.2,175.2,331.0,170.5,342.8,166.7,342.5,166.5,356.6,163.5,355.5,164.0,370.0,166.5,370.5,166.0,382.2,172.2,385.5,169.5,404.3,172.1,409.0,171.0,413.9,168.2,421.0,169.0,422.5,167.0,429.0,168.0,430.5,169.2,435.0,171.0,434.6,176.7,436.5,175.5,397.0,182.5,396.1666666666667,180.16666666666666,400.4,194.9,401.0,194.4,404.1,207.5,403.42857142857144,206.28571428571428,407.7,220.7,402.5,216.75,382.2,232.0,378.84615384615387,224.92307692307693,391.7,235.0,390.75,228.58333333333334,400.6,238.0,400.0,232.2,407.1,235.4,409.8333333333333,231.5,411.7,232.1,414.3636363636364,225.45454545454547,350.3,184.6,342.6666666666667,182.66666666666666,358.5,181.1,352.4,178.2,365.3,181.1,366.0,178.75,370.1,184.8,373.3333333333333,185.0,365.3,185.7,361.5,189.0,358.6,185.5,347.8,188.2,404.2,185.9,406.42857142857144,186.85714285714286,413.4,182.9,412.75,181.25,419.8,183.3,424.0,181.0,424.0,187.2,428.0,186.0,419.3,187.5,421.6666666666667,190.83333333333334,413.3,186.8,411.3333333333333,189.66666666666666,356.1,258.7,361.14285714285717,257.2857142857143,376.0,252.6,373.0,254.5,390.0,251.6,388.0,253.0,398.4,253.6,397.0,252.0,406.8,251.6,403.5,253.0,413.1,252.6,409.3333333333333,254.0,415.7,257.8,412.2,257.4,412.9,265.5,407.5,262.75,407.5,269.1,400.0,262.5,399.3,270.7,392.3333333333333,270.3333333333333,390.1,270.1,380.0,268.0,376.0,267.2,369.0,263.0,360.7,258.8,374.0,254.77777777777777,389.7,258.0,379.3333333333333,257.3333333333333,398.1,258.6,392.75,257.5,406.2,257.3,401.0,261.4,413.0,258.4,408.8,258.0,406.7,260.8,403.0,258.75,398.5,262.9,394.0,260.5,390.0,262.5,382.25,260.5
6,329.2,175.2,330.5,170.5,342.8,166.8,342.5,166.5,356.6,163.4,355.5,164.0,370.0,166.4,370.5,166.0,382.2,172.2,385.5,169.5,404.4,172.0,409.5,171.0,413.9,168.2,421.0,168.5,422.5,166.9,429.5,168.0,430.5,169.1,435.0,170.0,434.4,176.4,436.5,175.0,397.2,182.4,396.1666666666667,180.0,400.6,194.8,401.2,194.2,404.3,207.4,403.42857142857144,206.14285714285714,407.9,220.7,402.5,216.5,382.3,232.1,378.84615384615387,224.84615384615384,391.8,235.0,390.9166666666667,228.41666666666666,400.7,238.0,400.26666666666665,232.2,407.2,235.4,409.8333333333333,231.41666666666666,411.9,232.0,414.6363636363636,225.45454545454547,350.3,184.5,342.6666666666667,182.66666666666666,358.6,181.0,352.2,178.0,365.4,181.0,366.0,178.75,370.2,184.8,373.3333333333333,184.77777777777777,365.4,185.6,361.5,189.0,358.6,185.5,347.8,188.2,404.2,185.7,406.42857142857144,186.28571428571428,413.4,182.7,413.0,181.0,419.9,183.1,424.0,180.6,424.0,187.0,428.0,185.85714285714286,419.3,187.3,421.6666666666667,190.66666666666666,413.3,186.6,411.3333333333333,189.33333333333334,356.1,258.7,361.14285714285717,257.2857142857143,376.0,252.6,373.0,254.5,390.1,251.6,388.5,253.0,398.6,253.5,397.0,252.0,407.0,251.4,403.5,253.0,413.3,252.4,409.3333333333333,254.0,415.8,257.7,412.4,257.4,413.1,265.4,407.5,262.75,407.6,269.2,400.0,262.5,399.4,270.9,392.6666666666667,270.3333333333333,390.1,270.3,380.0,268.25,375.9,267.4,369.0,263.0,360.7,258.8,374.0,254.88888888888889,389.8,258.0,379.3333333333333,257.3333333333333,398.2,258.7,392.75,257.5,406.4,257.3,401.2,261.6,413.1,258.2,408.8,258.0,406.9,260.7,403.0,258.75,398.6,262.8,394.0,260.5,390.1,262.5,382.75,260.5
7,329.3,175.3,331.0,170.0,342.8,166.8,342.5,165.5,356.7,163.3,355.5,164.0,370.1,166.3,370.5,165.5,382.4,172.1,385.5,169.5,404.6,171.9,409.5,171.0,414.1,168.1,421.0,168.0,422.6,166.7,430.0,167.5,430.6,168.9,435.0,170.0,434.6,176.3,437.0,174.5,397.3,182.2,396.5,179.66666666666666,400.7,194.6,401.0,193.8,404.5,207.3,403.42857142857144,206.14285714285714,408.1,220.6,402.5,216.25,382.4,232.0,378.84615384615387,224.84615384615384,391.9,234.9,390.8333333333333,228.33333333333334,400.9,237.8,400.2,232.2,407.4,235.3,409.8333333333333,231.33333333333334,412.1,231.9,414.6363636363636,225.36363636363637,350.3,184.5,342.6666666666667,182.66666666666666,358.7,180.9,352.4,178.0,365.5,180.9,366.0,178.25,370.5,184.7,373.44444444444446,184.66666666666666,365.5,185.5,361.5,189.0,358.6,185.4,347.8,188.0,404.3,185.6,406.57142857142856,186.14285714285714,413.6,182.5,413.0,180.5,420.1,182.9,424.4,180.6,424.3,186.8,428.42857142857144,185.71428571428572,419.6,187.2,422.3333333333333,190.66666666666666,413.5,186.5,411.3333333333333,189.33333333333334,356.2,258.7,361.14285714285717,257.2857142857143,376.1,252.5,373.0,254.5,390.3,251.4,388.5,253.0,398.8,253.3,397.0,252.0,407.2,251.2,403.5,253.0,413.6,252.2,409.3333333333333,254.0,416.1,257.6,412.6,257.4,413.3,265.4,407.5,262.75,407.7,269.3,400.0,262.5,399.5,271.0,392.6666666666667,270.3333333333333,390.2,270.4,380.0,268.25,376.0,267.5,369.0,263.0,360.8,258.8,374.0,254.66666666666666,389.9,257.9,379.3333333333333,257.3333333333333,398.4,258.6,392.75,257.5,406.5,257.1,401.2,261.6,413.3,258.1,408.8,258.0,407.0,260.6,403.0,258.75,398.8,262.8,394.0,260.5,390.3,262.4,382.5,260.5
8,329.1,175.0,331.5,170.5,342.6,166.3,342.5,165.5,356.7,162.8,355.5,164.0,370.3,165.7,370.5,165.5,382.7,171.5,385.5,169.5,405.0,171.4,409.5,170.5,414.6,167.5,421.0,168.0,423.2,166.2,430.0,167.0,431.0,168.4,435.0,169.5,434.6,176.0,437.5,174.5,397.6,182.0,396.6666666666667,179.5,401.0,194.4,401.4,193.8,404.9,207.0,403.57142857142856,206.0,408.5,220.3,402.75,216.25,382.8,231.9,379.0769230769231,224.84615384615384,392.3,234.9,391.1666666666667,228.33333333333334,401.2,237.7,400.26666666666665,232.13333333333333,407.8,235.2,409.9166666666667,231.33333333333334,412.3,231.7,414.6363636363636,225.36363636363637,350.3,184.3,343.3333333333333,182.66666666666666,358.6,180.6,352.8,178.0,365.5,180.6,366.25,178.5,370.4,184.4,373.6666666666667,184.66666666666666,365.5,185.4,362.25,189.0,358.6,185.3,348.2,188.2,404.4,185.3,406.57142857142856,186.14285714285714,413.7,182.2,413.25,180.5,420.2,182.6,424.4,180.4,424.3,186.6,428.7142857142857,185.57142857142858,419.7,187.0,422.3333333333333,190.66666666666666,413.6,186.3,412.0,189.0,356.8,258.7,361.57142857142856,257.14285714285717,376.6,252.5,373.25,254.25,390.7,251.4,388.5,253.0,399.2,253.4,397.0,252.0,407.5,251.3,403.5,253.0,413.9,252.2,409.3333333333333,253.66666666666666,416.3,257.4,412.4,257.2,413.6,265.2,407.5,262.75,408.1,269.0,400.0,262.5,399.9,270.8,392.6666666666667,270.6666666666667,390.7,270.2,380.0,268.25,376.5,267.4,369.0,263.0,361.4,258.8,374.0,254.55555555555554,390.4,258.0,379.3333333333333,256.6666666666667,398.8,258.6,393.0,257.25,406.9,257.2,401.2,261.2,413.6,258.0,408.8,258.0,407.4,260.5,403.0,258.75,399.2,262.7,394.0,260.5,390.7,262.4,382.75,260.5
9,329.3,174.7,331.5,170.0,342.9,165.9,343.5,165.5,357.0,162.3,356.5,163.0,370.8,165.2,371.5,165.0,383.2,171.0,386.5,168.5,405.3,171.0,410.0,170.5,414.9,167.1,421.0,168.0,423.5,165.9,430.0,167.5,431.4,168.4,435.5,170.0,434.8,176.2,437.5,174.5,397.9,181.7,397.0,179.5,401.4,194.2,401.8,193.6,405.3,206.8,404.14285714285717,205.71428571428572,409.0,220.1,403.5,216.0,383.2,231.8,379.61538461538464,224.84615384615384,392.7,234.7,391.6666666666667,228.08333333333334,401.7,237.6,400.8666666666667,231.8,408.2,235.0,410.75,231.16666666666666,412.8,231.6,414.8181818181818,225.1818181818182,350.5,183.9,343.6666666666667,182.16666666666666,358.8,180.2,353.2,177.4,365.8,180.2,367.0,178.25,370.7,184.3,374.22222222222223,184.55555555555554,365.7,185.2,362.5,188.5,358.7,185.0,348.8,187.6,404.6,185.2,407.2857142857143,186.14285714285714,413.8,181.9,413.5,180.5,420.4,182.3,424.4,180.6,424.5,186.4,428.7142857142857,185.71428571428572,419.9,186.9,422.3333333333333,190.66666666666666,413.8,186.2,412.0,189.0,356.9,258.6,362.14285714285717,256.85714285714283,376.9,252.3,373.75,254.25,391.2,251.2,389.0,252.5,399.6,253.2,398.0,252.0,407.9,251.1,403.5,252.5,414.2,252.0,409.6666666666667,253.66666666666666,416.6,257.3,412.6,257.2,413.9,265.1,408.0,262.5,408.5,268.9,400.5,262.0,400.4,270.6,393.3333333333333,270.3333333333333,391.1,270.1,380.5,268.0,376.8,267.2,369.0,262.0,361.5,258.7,374.77777777777777,254.44444444444446,390.8,257.8,380.3333333333333,256.6666666666667,399.2,258.5,393.5,256.75,407.3,257.0,401.2,261.2,413.9,257.9,408.9,257.7,407.8,260.4,403.75,258.25,399.6,262.5,394.5,260.0,391.2,262.2,382.75,260.0
10,330.0,173.7,331.5,170.0,343.4,165.1,342.5,165.5,357.2,161.4,356.0,163.0,370.7,164.2,371.0,164.0,382.9,170.0,386.5,168.5,405.5,170.0,410.5,169.5,415.0,166.4,422.0,166.5,423.6,165.4,431.0,166.0,431.3,168.0,436.0,168.5,434.8,175.7,437.5,173.5,398.0,181.3,397.3333333333333,178.83333333333334,401.4,193.9,402.4,193.4,405.3,206.7,404.7142857142857,205.42857142857142,409.0,220.1,404.25,215.75,383.0,231.7,380.15384615384613,224.84615384615384,392.7,234.6,392.4166666666667,228.08333333333334,401.8,237.5,401.73333333333335,231.66666666666666,408.4,234.9,411.8333333333333,231.0,413.1,231.4,416.0,224.9090909090909,351.0,183.4,343.6666666666667,182.66666666666666,359.3,179.6,353.0,178.0,366.2,179.6,367.0,178.25,371.1,183.8,374.3333333333333,184.66666666666666,366.1,184.7,362.5,189.0,359.1,184.5,348.8,188.2,404.7,184.9,407.57142857142856,186.0,413.9,181.5,414.0,180.5,420.5,181.9,425.2,179.8,424.5,186.2,429.14285714285717,185.42857142857142,420.0,186.5,423.3333333333333,190.5,413.8,185.9,412.3333333333333,189.0,357.2,258.5,362.7142857142857,257.57142857142856,377.1,252.0,374.5,255.25,391.2,250.9,390.0,253.0,399.8,252.8,399.0,252.0,408.3,250.7,405.0,253.0,414.6,251.7,411.3333333333333,254.33333333333334,416.9,257.3,414.6,257.4,414.4,264.6,409.75,262.75,409.1,268.3,402.0,262.5,400.8,270.0,394.3333333333333,270.6666666666667,391.4,269.4,381.75,268.5,377.1,266.7,370.0,263.0,361.7,258.6,375.6666666666667,255.11111111111111,390.9,257.5,381.0,257.6666666666667,399.5,258.2,394.5,257.75,407.8,256.7,403.2,261.8,414.3,257.8,410.9,258.1,408.3,259.8,405.0,258.75,400.0,261.9,396.0,260.5,391.3,261.6,383.75,260.75
11,330.6,172.9,332.0,169.5,343.8,164.2,343.5,164.5,357.5,160.3,357.0,162.5,371.0,163.1,372.0,164.0,383.2,168.9,387.5,167.5,405.8,169.2,410.5,169.5,415.3,165.6,422.0,167.0,423.9,164.7,431.0,166.0,431.7,167.4,436.0,169.0,435.2,175.2,437.5,173.5,398.3,180.7,398.1666666666667,178.5,401.9,193.4,403.2,192.6,405.7,206.2,405.7142857142857,204.85714285714286,409.5,219.7,405.25,215.25,383.4,231.3,381.15384615384613,224.46153846153845,393.2,234.2,393.4166666666667,227.75,402.3,237.1,402.8,231.26666666666668,408.9,234.6,412.5833333333333,230.5,413.6,231.1,416.72727272727275,224.36363636363637,351.5,182.8,344.3333333333333,181.83333333333334,359.6,178.9,354.0,177.0,366.7,179.0,367.5,177.75,371.5,183.3,374.77777777777777,184.0,366.5,184.1,363.5,188.5,359.5,183.9,349.2,187.2,405.2,184.5,407.7142857142857,185.71428571428572,414.4,181.1,414.25,179.5,421.0,181.6,425.4,179.6,425.0,185.8,429.2857142857143,184.85714285714286,420.5,186.2,423.3333333333333,189.66666666666666,414.3,185.5,413.0,188.33333333333334,357.6,258.4,363.42857142857144,257.2857142857143,377.6,251.7,375.5,254.25,391.8,250.5,391.0,252.5,400.4,252.5,400.0,251.0,408.8,250.4,406.0,252.0,415.2,251.5,412.3333333333333,253.66666666666666,417.4,257.2,415.2,256.8,415.0,264.7,410.5,262.25,409.6,268.3,403.0,261.5,401.5,269.9,395.3333333333333,269.6666666666667,392.1,269.4,382.5,268.0,377.7,266.7,371.0,263.0,362.1,258.5,376.3333333333333,254.55555555555554,391.5,257.4,381.6666666666667,256.6666666666667,400.1,258.0,395.5,256.75,408.2,256.6,403.6,260.8,414.7,257.8,411.6,257.3,408.8,259.7,406.0,258.0,400.6,261.8,396.5,259.5,392.0,261.5,384.75,259.75
12,331.6,169.6,332.0,166.0,344.8,160.7,343.5,160.5,358.5,156.6,357.0,159.0,372.0,159.1,372.0,160.0,384.2,164.8,387.5,164.5,407.9,165.2,412.5,165.5,417.0,162.1,424.0,162.5,425.2,161.5,433.0,162.0,432.6,164.4,438.0,164.5,435.9,172.4,439.5,169.5,399.7,178.4,399.0,175.83333333333334,403.3,191.4,404.0,191.0,407.3,204.4,406.7142857142857,203.28571428571428,411.2,218.1,406.25,213.75,384.8,230.2,382.0769230769231,223.15384615384616,394.5,233.0,394.4166666666667,226.33333333333334,403.6,235.9,403.53333333333336,230.0,410.3,233.4,413.3333333333333,229.16666666666666,414.9,230.0,417.54545454545456,223.0,352.4,180.9,344.1666666666667,179.66666666666666,360.7,176.9,354.0,174.2,368.0,177.1,368.0,175.25,373.1,181.6,375.55555555555554,182.11111111111111,367.9,182.6,363.5,186.5,360.6,182.4,349.2,185.4,406.0,183.0,409.2857142857143,183.14285714285714,415.2,179.4,415.5,177.25,421.9,179.9,427.2,176.6,425.9,184.4,431.0,182.14285714285714,421.5,184.9,424.8333333333333,187.66666666666666,415.2,184.2,414.3333333333333,186.33333333333334,359.1,258.1,365.14285714285717,256.7142857142857,378.8,250.9,377.0,253.5,393.1,249.3,392.0,251.5,401.6,251.4,401.0,250.0,409.8,249.3,406.5,251.0,416.0,250.8,413.0,252.66666666666666,417.7,257.1,415.6,256.2,415.4,264.8,411.25,262.0,410.1,268.5,404.0,262.0,402.2,270.1,396.3333333333333,270.3333333333333,392.9,269.5,383.5,268.0,378.7,266.7,372.0,262.0,363.6,258.1,377.8888888888889,253.88888888888889,392.6,256.4,383.3333333333333,256.0,401.1,257.1,396.5,256.0,409.1,255.8,404.2,260.2,415.1,257.6,412.1,256.8,409.4,259.5,407.0,257.75,401.4,261.6,397.5,259.5,392.9,261.2,385.75,259.75
13,333.6,167.0,333.5,162.5,346.6,157.5,345.5,156.5,360.8,153.0,358.5,154.0,374.6,155.4,374.0,156.0,386.8,161.1,389.5,160.0,410.2,161.5,414.5,161.5,419.3,158.8,426.0,158.5,427.5,158.4,434.5,158.0,434.7,162.0,440.0,161.0,437.1,170.7,441.5,166.5,402.1,176.1,401.0,172.83333333333334,405.8,189.0,405.8,188.8,409.7,202.0,408.57142857142856,201.0,413.5,215.6,408.0,211.25,386.8,227.6,384.15384615384613,221.30769230769232,396.4,230.5,396.4166666666667,224.33333333333334,405.4,233.5,405.46666666666664,227.93333333333334,412.3,231.2,414.8333333333333,227.16666666666666,416.8,227.8,418.90909090909093,221.36363636363637,354.4,178.7,345.6666666666667,177.16666666666666,362.8,174.5,355.8,171.4,370.1,174.8,370.0,172.25,375.1,179.4,377.55555555555554,180.11111111111111,369.8,180.4,365.5,185.0,362.5,180.2,351.0,183.6,408.1,180.7,410.7142857142857,181.57142857142858,417.0,177.2,417.0,174.5,423.7,177.8,428.8,174.0,427.3,182.4,432.7142857142857,180.14285714285714,423.2,183.0,426.6666666666667,186.16666666666666,417.1,182.2,416.3333333333333,185.0,361.8,257.5,366.0,256.14285714285717,380.4,249.4,378.0,252.5,394.4,247.5,393.5,250.0,402.7,249.7,402.0,249.0,410.7,247.7,408.5,250.0,416.3,249.8,414.0,251.33333333333334,417.1,257.0,416.6,255.4,415.0,265.7,412.5,262.25,409.5,269.6,405.5,262.5,401.8,271.1,397.3333333333333,271.0,392.7,270.4,384.5,268.5,379.5,266.9,373.0,262.0,366.1,257.3,379.0,253.33333333333334,393.8,254.4,384.3333333333333,255.33333333333334,402.1,255.1,398.0,255.0,409.7,254.0,405.8,259.6,414.5,257.3,413.1,256.6,409.2,260.8,408.0,258.0,401.4,262.9,399.0,260.5,393.2,262.5,386.75,260.0
14,338.1,163.8,335.5,160.0,350.9,154.8,347.5,154.5,364.4,150.4,361.0,151.5,377.8,152.6,376.5,153.0,389.4,158.2,392.5,157.5,413.6,158.7,417.5,159.5,422.3,156.0,429.0,156.0,430.2,155.9,438.0,155.0,437.0,159.6,443.0,158.5,439.3,168.1,443.5,164.5,405.2,174.3,403.8333333333333,170.5,408.9,187.2,409.0,186.6,412.9,200.3,411.85714285714283,199.0,416.7,213.9,411.25,209.25,389.7,226.1,386.84615384615387,219.69230769230768,399.5,229.0,399.6666666666667,222.83333333333334,408.6,232.0,409.06666666666666,226.33333333333334,415.4,229.7,418.5,225.41666666666666,420.0,226.4,422.54545454545456,219.45454545454547,357.8,177.1,348.0,175.33333333333334,366.1,172.9,358.0,169.0,373.4,173.2,372.5,170.5,378.4,177.9,380.0,178.33333333333334,373.1,178.9,367.5,183.5,365.8,178.6,353.2,182.2,410.8,179.3,413.42857142857144,179.85714285714286,419.7,175.8,420.0,172.5,426.5,176.4,431.6,171.6,430.0,181.1,435.42857142857144,178.57142857142858,426.0,181.6,429.3333333333333,184.5,419.9,180.9,418.3333333333333,183.33333333333334,363.7,255.2,368.7142857142857,254.42857142857142,382.9,247.0,380.75,250.5,397.3,245.3,396.5,247.5,405.9,247.5,405.0,247.0,414.1,245.6,411.5,247.5,419.8,247.6,417.6666666666667,249.33333333333334,420.4,255.1,419.6,253.4,418.4,263.7,415.75,260.25,413.0,267.5,408.5,261.0,405.1,268.9,401.0,270.0,395.7,268.1,387.5,267.25,381.9,264.5,376.0,261.0,368.0,255.1,381.6666666666667,251.44444444444446,396.7,252.5,387.3333333333333,253.0,405.3,253.3,401.0,252.5,413.1,252.2,409.0,257.6,417.9,255.4,416.2,254.5,412.7,258.6,411.0,256.5,404.7,260.7,402.0,258.5,396.1,260.2,389.75,258.75
15,341.3,162.4,338.5,159.0,354.2,153.3,350.5,153.5,368.0,148.8,364.5,151.0,381.8,151.1,380.0,152.0,394.0,157.0,396.0,157.0,417.1,157.7,421.5,158.5,425.9,154.9,433.0,156.0,433.9,154.8,441.0,155.0,440.7,158.3,446.0,158.0,443.0,166.9,447.5,163.5,409.1,173.4,407.8333333333333,169.83333333333334,412.8,186.3,413.4,185.8,416.8,199.2,416.42857142857144,197.85714285714286,420.7,212.7,416.25,208.25,393.6,225.0,391.61538461538464,218.69230769230768,403.4,227.9,404.4166666666667,221.58333333333334,412.5,231.0,413.8666666666667,224.93333333333334,419.4,228.7,423.25,224.16666666666666,424.0,225.4,426.8181818181818,218.0909090909091,361.6,176.2,351.0,174.5,370.0,172.1,361.0,168.0,377.3,172.4,376.0,169.5,382.2,176.9,383.55555555555554,177.44444444444446,376.9,178.0,371.25,182.5,369.7,177.7,356.2,181.2,414.4,178.5,416.85714285714283,179.0,423.4,175.3,423.5,171.5,430.2,175.9,435.2,171.0,433.7,180.4,438.7142857142857,177.57142857142858,429.6,181.0,432.8333333333333,183.83333333333334,423.4,180.2,422.3333333333333,182.66666666666666,368.0,254.0,372.85714285714283,253.42857142857142,387.2,245.9,385.25,249.5,401.4,244.2,401.5,247.0,410.2,246.4,410.0,246.0,418.5,244.5,416.5,246.5,424.3,246.6,422.0,248.0,425.1,253.9,424.0,252.2,423.2,262.1,420.0,259.25,417.8,265.8,413.0,259.0,409.7,267.3,405.3333333333333,268.0,400.2,266.5,392.5,265.75,386.4,263.0,380.0,260.0,372.4,253.8,386.22222222222223,250.33333333333334,400.8,251.5,391.6666666666667,252.0,409.6,252.3,406.0,251.75,417.6,251.2,414.0,256.6,422.5,254.2,420.8,252.8,417.4,256.9,415.75,254.75,409.3,258.9,407.0,256.5,400.5,258.4,394.75,257.0
16,345.1,162.4,344.5,157.5,357.8,152.7,356.0,151.5,372.2,147.9,370.0,149.0,386.7,150.3,385.0,151.0,399.2,156.5,401.0,156.0,421.1,157.3,426.5,158.5,430.1,154.1,438.0,156.0,438.3,154.0,446.0,155.5,445.1,157.9,450.5,159.0,447.4,166.9,451.5,165.0,413.6,173.6,412.3333333333333,169.5,417.5,186.1,417.8,185.8,421.7,198.6,420.85714285714283,198.14285714285714,425.9,211.8,421.0,208.25,398.6,224.5,396.53846153846155,218.46153846153845,408.6,227.3,408.9166666666667,221.66666666666666,417.8,230.4,418.4,225.0,424.8,228.1,427.5833333333333,224.25,429.4,224.8,431.1818181818182,218.54545454545453,366.3,176.0,356.0,173.33333333333334,374.9,172.1,366.6,166.8,382.1,172.3,381.0,168.25,387.1,176.8,388.22222222222223,177.33333333333334,381.8,177.8,376.0,182.0,374.7,177.5,361.2,180.6,418.8,178.5,421.14285714285717,179.57142857142858,427.9,175.2,428.0,171.5,434.6,175.9,439.4,171.2,438.2,180.3,442.57142857142856,178.42857142857142,434.0,180.8,436.8333333333333,184.83333333333334,427.8,180.0,426.3333333333333,183.33333333333334,374.1,253.5,378.7142857142857,252.28571428571428,393.4,245.0,390.75,248.5,407.5,243.2,406.5,246.0,416.6,245.4,415.0,245.0,425.1,243.4,421.5,246.0,430.7,245.6,427.0,247.66666666666666,431.1,253.2,428.6,251.4,429.7,260.9,424.75,257.5,424.7,264.7,418.0,257.0,416.4,266.1,410.3333333333333,265.6666666666667,406.7,265.4,397.75,263.25,392.8,262.0,386.0,258.0,378.5,253.2,391.6666666666667,249.0,406.9,250.8,397.3333333333333,251.0,415.9,251.5,411.0,250.75,424.1,250.5,418.4,255.4,428.5,253.3,425.4,252.2,424.1,255.7,420.75,253.25,415.8,257.6,412.0,254.5,406.8,257.1,400.25,254.75
17,350.2,163.2,350.0,158.5,363.1,153.4,361.5,152.5,377.8,148.5,375.5,150.0,392.4,151.0,390.5,152.0,405.1,157.5,406.5,157.0,426.1,158.6,431.5,159.5,435.2,155.4,443.0,157.0,443.6,155.2,451.0,157.5,450.5,159.1,455.0,161.0,452.9,168.4,456.0,166.5,419.0,174.7,417.1666666666667,170.83333333333334,423.0,187.2,422.6,187.0,427.2,199.8,425.7142857142857,199.28571428571428,431.5,212.9,425.5,209.75,404.3,225.9,401.0769230769231,219.76923076923077,414.2,228.7,413.8333333333333,223.0,423.4,231.7,423.1333333333333,226.46666666666667,430.2,229.4,432.0833333333333,226.0,434.7,226.1,435.72727272727275,220.1818181818182,371.7,176.7,362.0,174.33333333333334,380.4,172.8,372.2,168.0,387.8,173.1,386.75,169.75,392.7,177.6,393.55555555555554,178.44444444444446,387.4,178.8,381.5,183.25,380.1,178.5,367.2,181.6,424.0,179.4,426.0,181.28571428571428,433.2,176.2,432.75,173.5,439.9,177.0,444.4,173.2,443.4,181.4,447.42857142857144,180.28571428571428,439.2,182.0,441.5,186.5,433.0,181.1,431.3333333333333,185.33333333333334,381.7,255.7,383.85714285714283,253.14285714285714,401.0,247.2,395.75,250.0,414.5,245.1,411.5,247.5,422.9,247.3,420.0,247.0,430.8,245.2,426.0,248.0,436.0,247.5,431.6666666666667,249.66666666666666,436.3,255.0,433.4,253.4,435.6,261.4,429.0,258.25,431.4,264.5,422.5,257.5,423.7,265.9,415.3333333333333,265.6666666666667,414.6,265.3,402.75,263.5,401.1,262.9,392.0,258.0,386.2,255.3,396.77777777777777,250.22222222222223,413.8,253.2,402.3333333333333,252.66666666666666,422.3,253.7,415.5,252.25,429.9,252.7,423.2,256.8,433.8,255.0,430.2,253.8,430.7,255.1,425.0,254.25,423.1,257.0,416.5,255.5,414.7,256.6,405.0,255.75
18,356.2,165.3,355.5,161.0,369.0,155.3,367.5,155.5,383.8,150.2,380.5,152.5,398.4,152.9,395.5,154.0,411.0,159.5,411.5,159.0,431.5,160.6,437.0,161.5,440.6,157.1,449.0,158.0,448.9,156.8,457.0,158.0,455.8,160.9,462.0,161.5,458.0,170.4,462.5,167.5,424.4,176.9,423.1666666666667,172.83333333333334,428.5,189.6,428.4,189.2,432.8,202.2,431.0,201.42857142857142,437.1,215.5,431.25,212.25,409.6,228.6,406.38461538461536,222.23076923076923,419.4,231.6,418.8333333333333,225.41666666666666,428.7,234.6,428.4,229.0,435.4,232.3,437.9166666666667,228.33333333333334,439.8,228.9,441.8181818181818,222.45454545454547,377.4,179.1,367.6666666666667,177.16666666666666,386.1,175.2,378.0,171.0,393.5,175.5,392.25,172.75,398.3,180.0,399.55555555555554,181.0,393.1,181.3,387.5,186.0,385.8,181.1,373.0,184.2,429.4,181.6,432.2857142857143,183.42857142857142,438.7,178.4,439.0,175.75,445.3,179.2,450.4,175.2,448.6,183.6,454.0,182.28571428571428,444.6,184.3,448.0,188.5,438.3,183.5,437.3333333333333,187.33333333333334,386.5,258.8,389.0,255.42857142857142,406.6,250.7,400.75,252.25,420.2,248.7,416.5,250.0,428.3,250.9,425.0,249.0,435.9,248.8,431.5,250.5,440.9,250.9,437.0,252.0,440.9,257.9,439.0,256.0,440.7,264.0,434.75,261.0,436.8,266.8,428.0,259.5,429.6,268.2,420.3333333333333,267.6666666666667,420.8,267.7,408.0,265.75,407.0,265.7,397.0,260.0,391.1,258.4,401.77777777777777,252.77777777777777,419.4,256.8,407.3333333333333,255.0,427.6,257.4,420.75,255.0,434.8,256.3,428.4,259.2,438.6,258.0,435.7,256.1,436.0,257.7,430.75,256.25,428.8,259.5,422.0,257.5,420.7,259.1,410.25,257.75
19,362.0,166.9,361.5,164.0,374.5,157.2,372.5,158.5,388.8,152.5,386.5,156.0,402.9,155.4,401.5,157.5,415.0,162.1,417.0,163.0,437.0,163.1,441.5,165.5,445.9,159.6,453.0,163.0,454.0,159.1,461.0,163.0,460.7,162.8,466.0,166.0,462.8,172.0,467.5,172.0,429.1,179.7,427.3333333333333,176.0,432.9,192.6,432.4,192.6,437.1,205.5,434.7142857142857,205.14285714285714,441.2,219.1,434.5,215.5,413.8,231.7,410.46153846153845,225.30769230769232,423.4,234.8,422.75,228.66666666666666,432.5,237.9,431.8666666666667,232.33333333333334,439.1,235.6,441.0833333333333,232.0,443.6,232.1,445.0,226.0909090909091,382.5,181.5,372.6666666666667,179.16666666666666,391.0,177.7,383.0,173.0,398.4,178.0,397.25,174.75,403.0,182.4,404.0,183.55555555555554,397.9,183.9,392.0,188.5,390.6,183.6,378.0,186.6,434.2,184.0,436.7142857142857,186.42857142857142,443.4,180.9,443.5,178.5,449.9,181.6,455.2,178.4,453.2,186.0,458.57142857142856,185.42857142857142,449.2,186.8,452.5,191.83333333333334,443.0,186.1,442.0,190.33333333333334,390.5,262.0,394.42857142857144,259.0,410.6,254.3,405.75,255.5,424.0,252.4,420.5,253.0,431.9,254.6,429.0,252.0,439.4,252.5,434.5,253.0,444.4,254.5,440.6666666666667,255.33333333333334,444.3,261.4,442.4,259.4,444.2,267.8,438.25,264.0,440.3,270.6,431.5,263.5,433.2,272.0,424.3333333333333,271.3333333333333,424.5,271.4,412.25,269.0,410.9,269.3,402.0,264.0,395.2,261.6,406.77777777777777,255.88888888888889,423.2,260.4,412.0,258.0,431.2,261.0,424.75,257.5,438.3,259.9,432.2,262.4,442.1,261.5,439.2,259.9,439.4,261.5,434.0,260.0,432.4,263.2,425.5,261.0,424.4,262.9,414.75,261.0
20,367.0,168.2,365.5,166.0,380.1,159.0,377.5,160.5,394.5,154.9,391.0,158.5,408.3,157.9,406.0,160.5,420.1,164.4,421.5,166.0,441.4,165.2,446.0,168.5,450.4,161.6,458.0,166.0,458.4,161.1,466.0,165.0,465.0,164.6,470.0,168.5,467.2,173.6,471.0,174.5,433.4,181.6,432.3333333333333,179.16666666666666,437.0,194.7,436.8,195.6,440.9,207.9,439.42857142857144,208.0,444.7,221.7,439.0,218.5,417.4,234.1,414.53846153846155,228.0,426.9,237.2,426.8333333333333,231.33333333333334,435.7,240.4,435.93333333333334,235.06666666666666,442.3,238.3,445.1666666666667,234.75,446.7,235.0,448.90909090909093,228.63636363636363,386.8,183.6,377.3333333333333,182.0,395.3,179.8,387.4,175.6,402.6,180.1,401.75,177.5,407.2,184.4,408.55555555555554,186.44444444444446,402.1,186.0,396.5,191.0,394.9,185.7,382.2,189.0,438.3,186.0,441.14285714285717,189.0,447.5,183.0,447.75,181.5,454.1,183.7,459.2,181.2,457.3,188.1,462.0,188.0,453.3,189.0,456.3333333333333,194.33333333333334,447.2,188.2,446.0,193.0,393.6,264.6,398.14285714285717,262.42857142857144,413.4,256.8,409.25,259.0,426.3,255.0,424.5,256.5,434.6,257.4,433.0,255.0,442.3,255.4,438.5,257.0,447.3,257.7,443.6666666666667,259.0,447.3,264.8,445.2,263.2,446.8,271.4,441.0,268.0,442.5,274.3,435.0,267.5,435.1,275.5,427.3333333333333,275.3333333333333,426.1,274.8,415.75,273.25,413.0,272.2,405.0,268.0,398.4,264.3,410.44444444444446,259.6666666666667,425.4,263.1,415.3333333333333,262.0,433.7,263.9,428.25,261.25,441.1,262.9,435.4,266.0,445.0,264.9,442.1,263.4,441.8,264.8,437.25,263.75,434.5,266.5,429.0,265.0,426.2,266.0,418.25,265.25
21,372.2,168.1,369.5,167.0,385.5,159.8,381.5,161.5,399.4,156.8,395.0,159.5,412.3,160.3,410.0,161.5,423.3,166.7,425.0,167.0,445.8,167.6,450.0,169.5,454.2,164.0,461.0,167.0,462.0,163.1,469.0,167.0,468.5,165.3,473.5,170.0,471.8,173.0,473.5,176.5,437.2,183.6,435.6666666666667,180.83333333333334,440.5,197.0,439.8,197.2,444.1,210.4,442.14285714285717,209.57142857142858,447.5,224.5,441.75,220.0,420.8,235.8,417.46153846153845,229.84615384615384,430.0,239.2,429.5833333333333,233.08333333333334,438.5,242.5,438.3333333333333,236.86666666666667,445.1,240.3,447.0,236.66666666666666,449.4,236.9,450.90909090909093,230.63636363636363,390.7,185.1,381.0,183.0,399.2,181.4,391.4,177.0,406.5,181.7,405.25,179.0,411.1,186.1,411.8888888888889,187.77777777777777,405.9,187.8,399.5,192.75,398.7,187.3,385.8,190.4,442.2,187.7,444.2857142857143,190.85714285714286,451.2,184.7,450.75,183.25,457.7,185.3,462.2,183.2,460.9,189.7,465.0,190.14285714285714,457.0,190.8,459.1666666666667,196.5,451.1,190.0,449.0,194.66666666666666,396.4,266.4,400.57142857142856,265.42857142857144,416.2,258.3,412.25,261.5,429.2,256.5,426.5,258.5,437.0,258.9,435.0,258.0,444.1,257.0,440.0,259.0,449.0,259.4,445.0,261.0,448.8,267.1,446.4,265.8,448.3,274.8,443.0,271.75,443.9,277.8,437.0,271.0,436.9,279.0,429.3333333333333,279.3333333333333,428.4,278.3,417.25,277.25,415.5,275.3,407.0,271.0,401.3,266.2,412.77777777777777,262.3333333333333,428.2,264.4,417.6666666666667,264.0,436.1,265.2,430.25,263.75,442.9,264.3,436.8,269.0,446.5,267.2,443.4,266.4,443.1,268.3,439.0,267.25,436.3,270.0,431.0,268.5,428.5,269.4,420.25,268.75
22,376.2,169.5,371.5,168.0,389.8,161.4,383.5,162.5,403.7,158.4,397.0,160.5,416.4,161.8,412.0,163.0,427.0,168.1,428.0,168.0,449.3,169.0,452.5,170.5,457.8,165.8,464.0,168.0,465.4,165.2,472.0,167.0,471.7,167.9,476.5,170.5,473.9,175.9,476.5,176.5,440.6,185.2,438.1666666666667,181.83333333333334,443.8,198.6,442.6,198.8,447.1,212.1,445.0,211.14285714285714,450.3,226.3,444.5,221.25,423.0,236.8,419.6923076923077,230.84615384615384,432.4,240.3,432.0833333333333,234.08333333333334,441.0,243.8,440.93333333333334,237.8,447.6,241.7,449.5833333333333,237.41666666666666,452.0,238.2,453.54545454545456,231.54545454545453,394.1,186.4,382.5,184.83333333333334,402.6,182.8,393.0,178.6,409.8,183.2,407.25,180.75,414.3,187.5,414.0,189.44444444444446,409.1,189.0,401.5,194.5,402.0,188.5,387.2,192.4,445.2,189.2,446.7142857142857,192.14285714285714,454.1,186.4,453.75,184.75,460.5,187.1,465.0,183.8,463.6,191.3,468.0,191.0,459.8,192.3,461.8333333333333,197.83333333333334,454.0,191.5,451.6666666666667,196.33333333333334,396.9,266.2,401.2857142857143,266.2857142857143,416.8,258.6,413.25,262.25,430.3,257.1,428.5,259.5,438.2,259.6,437.0,258.0,445.5,257.7,442.5,259.5,450.2,260.0,447.0,261.3333333333333,449.5,267.4,448.2,266.4,448.4,276.2,444.75,273.25,443.8,279.7,438.5,273.5,436.7,281.0,431.0,282.0,428.1,279.9,418.5,279.5,415.1,276.3,408.0,273.0,401.5,266.2,414.1111111111111,263.3333333333333,429.2,264.7,419.3333333333333,265.0,437.2,265.6,432.25,264.5,444.1,264.8,438.8,269.8,447.2,267.7,445.2,267.4,443.5,270.3,440.75,268.75,436.5,272.1,433.0,271.0,428.5,271.4,421.75,271.0
23,377.1,172.1,373.5,170.0,390.9,163.9,385.5,164.5,405.2,160.5,399.5,163.0,418.5,163.6,414.5,165.0,429.7,169.8,430.0,170.5,452.2,170.7,455.0,172.5,460.9,167.7,466.0,169.5,468.5,167.4,474.0,169.0,474.6,170.5,478.0,171.5,476.1,178.8,478.5,177.5,443.2,186.7,440.8333333333333,183.5,446.2,200.2,445.6,200.2,449.4,213.8,447.85714285714283,212.57142857142858,452.5,228.1,447.25,223.0,424.6,238.0,422.38461538461536,232.07692307692307,434.2,241.6,434.8333333333333,235.66666666666666,443.0,245.2,443.73333333333335,239.73333333333332,449.8,243.1,452.3333333333333,239.0,454.2,239.6,456.3636363636364,232.8181818181818,396.0,187.8,385.0,186.33333333333334,404.6,184.2,395.0,180.2,411.8,184.6,409.75,182.25,416.4,188.9,416.55555555555554,190.44444444444446,411.2,190.3,404.5,195.5,404.0,189.8,390.2,193.4,447.5,190.7,449.0,193.0,456.4,187.9,455.75,185.75,462.9,188.6,467.0,185.0,466.1,192.9,469.85714285714283,191.85714285714286,462.2,193.6,463.6666666666667,198.33333333333334,456.3,192.8,453.6666666666667,197.0,397.2,266.1,402.42857142857144,266.7142857142857,417.2,259.1,414.75,262.5,431.3,258.0,430.5,260.5,439.4,260.6,439.0,259.0,447.1,258.8,445.0,260.5,452.0,260.8,450.0,262.3333333333333,451.5,267.6,451.0,266.4,449.7,276.8,447.5,274.5,444.7,280.7,441.0,275.0,437.2,282.0,433.3333333333333,284.0,428.3,280.9,420.5,281.0,415.0,276.8,409.0,274.0,401.7,266.1,415.6666666666667,264.22222222222223,430.1,265.3,421.3333333333333,265.3333333333333,438.3,266.3,434.5,265.0,445.6,265.4,441.6,270.8,449.1,268.0,448.0,267.9,444.7,271.4,443.5,270.5,437.2,273.4,435.0,272.5,429.0,272.6,423.75,272.75
24,378.0,174.0,375.0,172.0,392.1,165.8,387.5,167.0,406.6,162.9,401.5,165.0,420.0,166.2,417.0,167.5,431.3,172.5,432.0,173.0,453.3,173.3,456.5,175.5,462.1,170.1,468.0,173.0,469.9,169.6,475.0,172.0,476.1,172.2,480.0,175.5,477.8,180.2,480.0,181.5,444.3,188.8,442.5,186.16666666666666,447.1,202.4,447.0,202.4,450.1,216.1,449.42857142857144,214.71428571428572,452.9,230.4,449.0,225.0,425.4,240.0,423.84615384615387,234.07692307692307,434.8,243.7,436.1666666666667,237.58333333333334,443.5,247.4,445.26666666666665,241.6,450.3,245.2,453.8333333333333,241.08333333333334,454.8,241.7,457.72727272727275,235.27272727272728,397.2,189.8,386.3333333333333,188.0,405.8,186.3,397.0,182.2,412.9,186.8,411.25,184.25,417.3,190.9,417.77777777777777,192.44444444444446,412.1,192.3,405.5,197.0,405.1,191.8,391.2,194.8,448.9,192.6,450.42857142857144,195.57142857142858,457.7,189.9,457.0,188.75,464.2,190.5,468.2,188.0,467.4,194.8,471.14285714285717,194.85714285714286,463.4,195.6,465.1666666666667,200.83333333333334,457.6,194.8,455.0,199.33333333333334,398.0,267.8,403.7142857142857,267.42857142857144,417.4,261.4,415.75,263.75,431.0,260.7,431.5,262.0,439.2,263.2,440.0,261.0,446.9,261.4,446.0,262.0,451.9,263.1,451.0,264.0,452.0,269.4,451.8,268.6,449.8,278.7,448.0,275.25,444.5,282.7,442.0,275.0,436.8,284.0,434.3333333333333,284.0,428.0,282.9,421.5,281.25,415.2,278.7,411.0,274.0,402.4,267.9,416.77777777777777,265.1111111111111,430.2,267.2,422.3333333333333,266.6666666666667,438.4,268.3,435.5,266.75,445.7,267.3,442.6,272.0,449.6,269.9,448.5,269.6,444.5,274.1,444.0,271.0,436.8,276.1,436.0,272.5,428.7,275.4,424.75,272.75
25,377.8,177.4,375.5,174.0,392.0,169.6,387.5,169.0,406.2,166.9,401.0,167.0,419.2,170.2,416.0,170.0,430.4,176.3,432.0,175.5,452.4,176.8,456.0,178.5,461.3,173.6,467.0,175.0,469.1,172.9,475.0,174.0,475.7,175.2,479.0,177.0,477.9,182.5,479.5,182.5,443.6,191.3,442.0,188.66666666666666,446.4,205.2,446.6,204.8,449.4,219.2,448.42857142857144,217.57142857142858,452.2,233.8,448.0,228.0,425.0,242.8,422.9230769230769,236.30769230769232,434.3,246.6,435.1666666666667,240.33333333333334,443.0,250.3,444.0,244.4,449.7,247.9,452.75,243.58333333333334,454.2,244.2,456.54545454545456,237.45454545454547,396.9,192.5,386.5,190.0,405.2,189.1,396.4,184.4,412.2,189.4,410.75,186.75,416.6,193.2,417.6666666666667,195.0,411.5,194.8,405.5,199.75,404.6,194.4,391.2,197.4,448.5,194.6,449.85714285714283,197.71428571428572,457.4,192.1,456.75,190.75,463.8,192.7,468.0,190.0,467.1,196.8,471.0,196.85714285714286,463.0,197.5,464.6666666666667,203.16666666666666,457.2,196.7,454.6666666666667,201.66666666666666,397.6,269.8,402.2857142857143,268.85714285714283,417.2,264.3,414.75,266.25,430.7,263.8,430.5,264.5,438.6,266.1,439.0,264.0,446.1,264.2,445.0,265.0,451.4,265.4,450.0,266.0,452.0,270.9,451.4,269.4,449.8,280.0,447.0,276.5,444.6,283.9,441.0,277.0,437.2,285.4,433.3333333333333,285.6666666666667,428.6,284.5,420.5,282.5,415.6,280.6,410.0,276.0,402.0,270.0,415.6666666666667,267.1111111111111,430.0,270.2,420.6666666666667,268.6666666666667,437.9,271.2,434.5,269.25,445.0,269.9,441.4,274.4,449.6,271.5,448.0,270.7,444.5,275.3,443.25,272.75,437.1,277.5,435.0,274.5,429.2,276.8,423.75,274.25
26,374.7,180.6,374.5,177.0,389.0,172.6,386.5,172.0,403.4,169.8,400.0,170.0,416.7,173.0,415.0,172.5,428.3,178.9,430.0,178.0,450.1,179.0,454.5,180.5,459.0,175.8,466.0,177.0,466.8,174.9,474.0,176.0,473.4,176.9,478.0,179.0,475.9,184.1,478.5,184.5,441.3,193.5,440.6666666666667,190.66666666666666,444.1,207.3,445.2,207.0,447.2,221.2,447.2857142857143,219.85714285714286,450.0,235.7,446.75,230.25,422.7,244.9,421.84615384615387,238.53846153846155,432.3,248.6,433.9166666666667,242.75,441.2,252.2,442.73333333333335,246.6,448.0,249.7,451.5,245.91666666666666,452.5,246.0,455.54545454545456,239.63636363636363,394.4,195.1,385.5,192.66666666666666,402.9,191.6,395.8,187.0,409.9,191.8,409.75,189.0,414.5,195.7,416.6666666666667,197.0,409.4,197.2,404.5,201.5,402.4,196.9,390.2,199.6,446.5,196.7,448.7142857142857,199.42857142857142,455.3,193.9,455.75,192.25,461.8,194.4,466.8,192.0,465.2,198.4,470.0,198.28571428571428,461.2,199.3,463.6666666666667,204.5,455.3,198.6,453.6666666666667,203.0,396.0,271.7,400.2857142857143,270.42857142857144,415.5,266.3,412.75,267.75,428.8,265.7,429.0,266.5,436.9,268.0,438.0,266.0,444.7,266.1,443.5,267.0,450.1,267.1,449.0,267.6666666666667,451.0,272.3,450.4,271.4,448.8,280.7,446.0,278.25,443.7,284.5,439.5,278.5,436.0,286.1,432.0,286.6666666666667,427.2,285.2,419.25,284.25,414.2,281.8,408.0,277.0,400.5,271.9,413.8888888888889,268.6666666666667,428.2,271.8,419.0,270.6666666666667,436.3,272.8,433.0,271.25,443.8,271.4,440.2,276.0,448.6,272.9,447.1,272.5,443.4,276.4,442.25,274.0,435.7,278.6,434.0,276.5,427.5,278.0,421.75,276.0
27,371.3,182.2,372.5,179.0,385.8,174.5,384.5,174.5,400.0,171.9,398.0,173.0,413.2,175.0,413.0,175.0,424.8,180.7,428.0,180.0,446.4,180.6,451.0,182.0,455.5,177.3,462.0,179.0,463.3,176.3,469.0,179.0,469.9,178.4,474.0,181.5,472.4,185.6,474.5,187.0,437.8,194.2,437.6666666666667,192.0,440.8,208.1,442.2,207.8,444.0,222.2,444.2857142857143,220.71428571428572,447.1,236.8,443.75,231.25,419.7,245.7,418.9230769230769,239.23076923076923,429.4,249.4,430.9166666666667,243.5,438.5,253.0,439.6666666666667,247.46666666666667,445.3,250.4,448.3333333333333,246.5,449.8,246.6,452.0,240.45454545454547,390.6,196.0,383.5,194.16666666666666,398.9,192.6,393.4,188.8,405.9,192.7,407.25,190.5,410.6,196.3,413.8888888888889,197.66666666666666,405.5,197.7,402.25,202.0,398.7,197.5,388.2,200.2,443.1,197.3,445.2857142857143,200.0,452.1,194.6,451.75,194.0,458.6,195.1,462.4,193.6,462.1,199.0,465.0,199.71428571428572,457.9,199.6,459.5,204.83333333333334,452.1,198.9,449.6666666666667,203.33333333333334,392.9,271.9,396.57142857142856,269.57142857142856,412.6,266.4,409.5,267.75,426.0,266.0,425.5,267.0,434.4,268.2,434.0,266.0,442.5,266.2,440.0,267.0,448.1,267.0,445.3333333333333,268.0,449.3,272.1,447.0,271.2,447.0,280.6,442.0,277.25,441.7,284.7,436.0,277.5,433.7,286.4,428.3333333333333,285.6666666666667,424.6,285.6,415.5,283.0,411.4,282.1,404.0,276.0,397.4,272.2,410.1111111111111,268.3333333333333,425.5,272.1,415.6666666666667,270.6666666666667,433.9,273.0,429.5,271.25,441.7,271.6,436.8,275.6,446.8,272.8,443.6,272.1,441.3,276.5,438.75,273.5,433.3,278.8,430.0,275.0,424.9,278.2,418.5,274.5
28,366.8,182.9,366.5,179.0,381.2,174.9,379.5,174.5,395.5,171.7,393.5,172.5,409.0,174.6,409.0,175.0,420.9,180.2,424.0,179.5,442.5,180.1,448.0,181.5,451.8,176.8,459.0,179.0,459.8,175.9,467.0,178.0,466.6,178.4,471.5,181.0,468.8,186.0,472.0,186.5,434.0,193.9,434.3333333333333,192.0,437.1,207.8,439.0,208.2,440.5,221.9,441.14285714285717,220.85714285714286,443.6,236.5,441.0,231.25,416.3,245.6,415.38461538461536,239.6153846153846,426.0,249.2,427.8333333333333,243.66666666666666,435.2,252.7,436.8,247.53333333333333,442.0,250.0,445.6666666666667,246.83333333333334,446.5,246.2,449.72727272727275,240.45454545454547,386.6,196.0,378.3333333333333,194.5,394.9,192.4,388.8,189.2,401.9,192.5,402.75,190.75,406.7,196.2,409.77777777777777,197.77777777777777,401.6,197.6,397.75,202.0,394.7,197.4,383.2,200.2,439.6,197.1,442.57142857142856,200.0,448.6,194.3,448.75,194.0,455.2,194.7,460.2,193.6,458.8,198.7,463.0,199.42857142857142,454.5,199.3,457.1666666666667,204.66666666666666,448.6,198.6,447.0,203.33333333333334,389.3,271.7,392.85714285714283,269.7142857142857,409.0,266.0,405.5,267.75,422.8,265.4,422.5,267.0,431.3,267.6,431.0,266.0,439.6,265.5,437.0,267.0,445.4,266.3,442.6666666666667,268.0,446.5,271.5,444.0,271.4,444.1,280.2,439.5,277.75,438.7,284.5,433.0,277.5,430.5,286.4,425.3333333333333,286.0,421.3,285.5,412.5,283.25,407.9,282.0,401.0,277.0,393.8,271.9,406.77777777777777,268.44444444444446,422.2,271.7,412.3333333333333,270.6666666666667,430.7,272.6,426.25,271.5,438.7,271.1,433.8,276.0,444.0,272.2,440.8,272.2,438.4,276.1,435.75,273.75,430.2,278.5,427.0,275.5,421.6,278.0,415.25,275.25
29,361.6,183.7,363.5,178.0,375.7,174.7,375.5,173.0,390.6,171.0,390.0,171.0,404.7,173.7,405.0,173.5,417.2,179.4,420.0,178.5,438.3,179.1,444.5,180.5,448.0,175.4,456.0,178.0,456.4,174.5,464.0,177.0,463.5,177.4,468.0,180.0,465.5,185.8,468.5,185.5,430.3,192.7,430.6666666666667,191.0,433.6,206.6,435.6,206.8,437.1,220.6,437.7142857142857,219.42857142857142,440.4,235.2,437.0,230.0,413.1,244.6,411.9230769230769,238.15384615384616,422.9,248.1,424.25,242.25,432.1,251.5,433.1333333333333,246.2,438.9,248.7,442.0833333333333,245.41666666666666,443.4,244.9,446.0,239.45454545454547,382.8,195.1,374.5,193.5,391.1,191.5,385.2,188.0,398.2,191.5,399.25,189.75,403.0,195.2,406.3333333333333,196.88888888888889,397.9,196.5,394.25,201.0,391.0,196.5,379.4,199.8,436.0,195.8,439.0,199.14285714285714,445.1,192.9,445.75,193.0,451.7,193.3,456.6,193.0,455.4,197.3,460.0,198.71428571428572,451.0,197.9,453.6666666666667,204.5,445.1,197.3,443.6666666666667,202.66666666666666,386.1,270.6,389.42857142857144,268.42857142857144,405.8,265.2,402.5,266.25,419.7,264.7,419.5,265.0,428.2,266.8,428.0,265.0,436.6,264.7,434.0,266.0,442.3,265.3,439.6666666666667,266.6666666666667,443.7,270.0,441.2,269.6,441.3,278.7,436.5,276.25,436.0,282.9,430.0,276.0,427.8,284.8,422.0,284.6666666666667,418.5,284.0,408.75,281.75,404.9,280.5,397.0,275.0,390.5,270.8,403.22222222222223,266.77777777777777,419.2,270.7,408.6666666666667,269.0,427.7,271.6,423.25,269.75,435.7,270.0,430.6,274.4,441.3,270.7,437.8,270.8,435.5,274.6,432.75,272.0,427.4,277.1,424.0,274.0,418.7,276.6,411.75,273.5
30,358.2,181.8,360.5,175.0,372.4,172.9,372.5,170.5,387.2,169.1,387.0,168.5,401.5,171.6,402.5,171.0,414.1,177.2,418.0,176.0,435.0,176.8,443.0,178.0,444.6,173.2,454.5,175.0,453.0,172.2,462.0,174.0,460.1,175.1,466.5,177.0,462.6,183.2,467.0,182.5,427.3,190.3,429.0,188.33333333333334,430.8,204.0,434.0,204.8,434.4,218.0,436.42857142857144,217.0,437.9,232.5,436.25,228.0,410.8,242.1,410.0,235.6153846153846,420.6,245.6,422.75,239.66666666666666,429.7,248.9,432.06666666666666,243.53333333333333,436.4,246.1,441.3333333333333,242.83333333333334,440.8,242.4,445.1818181818182,236.45454545454547,379.8,193.0,371.6666666666667,190.5,388.1,189.3,382.4,185.2,395.2,189.3,396.75,187.0,400.0,192.9,404.0,194.11111111111111,395.0,194.2,391.75,198.5,388.1,194.1,377.0,196.8,433.0,193.4,437.42857142857144,196.0,442.1,190.5,444.0,190.0,448.6,190.9,455.2,189.4,452.4,194.8,458.2857142857143,195.42857142857142,448.0,195.4,452.1666666666667,200.83333333333334,442.1,194.8,442.0,199.33333333333334,383.9,268.3,386.85714285714283,265.85714285714283,403.5,262.6,400.5,263.75,417.5,262.0,417.5,263.0,426.0,264.1,427.0,263.0,434.3,261.9,433.0,264.0,440.1,262.6,438.0,264.6666666666667,441.4,267.5,439.6,267.4,438.9,276.2,435.0,274.0,433.5,280.5,428.5,274.0,425.5,282.4,420.3333333333333,282.3333333333333,416.2,281.6,407.0,279.5,402.7,278.2,395.0,273.0,388.4,268.5,401.3333333333333,264.6666666666667,416.9,268.1,407.0,267.0,425.4,269.0,421.5,267.75,433.3,267.4,429.2,272.2,439.0,268.1,436.3,268.6,433.1,272.0,431.0,270.0,425.1,274.4,422.5,271.5,416.5,274.0,409.75,271.25
31,355.1,179.8,357.5,173.0,369.3,170.8,370.0,168.5,383.9,166.9,384.0,166.0,398.1,169.3,399.0,168.0,410.7,174.7,415.0,173.5,431.9,174.2,439.0,175.5,441.5,170.7,450.0,172.5,449.8,169.8,458.0,172.0,457.1,172.7,462.0,175.0,459.7,180.7,462.5,180.5,424.2,187.6,425.3333333333333,185.5,427.8,201.3,430.0,201.8,431.6,215.1,432.42857142857144,214.0,435.2,229.6,432.0,224.25,408.3,239.5,406.84615384615387,232.6153846153846,418.1,242.8,419.25,236.66666666666666,427.1,246.1,428.3333333333333,240.46666666666667,433.7,243.3,437.3333333333333,239.83333333333334,438.1,239.6,441.1818181818182,233.63636363636363,377.0,190.5,369.0,188.33333333333334,385.4,186.8,379.4,183.0,392.4,186.7,393.75,184.5,397.1,190.4,400.6666666666667,191.66666666666666,392.3,191.6,388.5,196.0,385.4,191.6,374.2,194.4,430.1,190.9,433.57142857142856,194.0,439.2,187.8,440.25,188.0,445.8,188.2,451.2,187.2,449.5,192.2,454.14285714285717,193.57142857142858,445.2,192.7,448.3333333333333,198.83333333333334,439.2,192.1,438.3333333333333,197.33333333333334,381.1,265.5,384.85714285714283,262.85714285714283,400.8,259.9,397.5,260.75,414.9,259.3,414.5,260.0,423.4,261.4,423.0,259.0,431.7,259.2,429.0,260.0,437.5,259.8,434.6666666666667,261.6666666666667,439.0,264.5,436.0,264.4,436.5,273.3,431.75,271.0,431.2,277.5,425.0,271.0,423.2,279.4,417.3333333333333,279.0,413.8,278.6,404.25,276.25,400.1,275.2,392.0,270.0,385.4,265.7,398.55555555555554,261.55555555555554,414.4,265.3,404.3333333333333,263.6666666666667,422.9,266.2,418.25,264.75,430.9,264.6,425.8,269.0,436.5,265.2,432.7,265.6,430.7,269.2,427.75,266.75,422.6,271.6,419.0,268.5,414.0,271.1,406.75,268.25
32,352.4,177.9,354.5,172.0,366.8,169.1,366.5,167.0,381.2,165.4,380.0,165.0,395.2,167.5,395.5,167.0,407.7,172.8,411.0,171.5,428.0,172.1,435.5,173.5,437.6,168.4,447.0,170.5,445.9,167.6,454.5,169.5,453.2,170.7,459.0,172.0,455.9,178.9,459.5,177.5,420.6,184.9,421.8333333333333,183.83333333333334,424.3,198.6,427.0,199.6,428.3,212.5,429.85714285714283,211.57142857142858,432.0,227.0,429.75,222.0,405.2,236.9,404.46153846153845,230.23076923076923,415.1,240.2,417.0833333333333,234.0,424.2,243.3,426.1333333333333,237.6,430.8,240.5,435.1666666666667,236.83333333333334,435.1,236.7,439.0,230.45454545454547,373.6,188.3,366.0,186.5,381.8,184.6,376.2,181.6,388.6,184.5,390.25,182.75,393.4,188.0,397.55555555555554,189.77777777777777,388.6,189.1,385.5,194.0,381.9,189.2,371.2,192.8,426.4,188.2,430.57142857142856,191.14285714285714,435.5,185.2,436.75,185.25,441.9,185.6,448.2,184.4,445.8,189.4,451.2857142857143,190.28571428571428,441.4,189.8,445.5,195.83333333333334,435.5,189.2,435.3333333333333,194.33333333333334,377.9,263.0,382.57142857142856,260.42857142857144,397.8,257.0,395.5,258.5,412.0,256.3,412.5,257.5,420.7,258.2,421.0,257.0,429.0,256.0,427.5,258.0,434.9,256.6,433.0,258.3333333333333,436.5,261.4,435.0,261.2,434.0,270.3,430.5,267.75,428.7,274.6,424.0,268.0,420.6,276.5,416.0,276.3333333333333,411.2,275.9,402.5,273.5,397.3,272.6,390.0,267.0,382.3,263.2,396.3333333333333,259.1111111111111,411.6,262.4,402.3333333333333,261.0,420.1,263.1,416.5,261.75,428.1,261.5,424.4,266.2,433.9,262.1,431.6,262.2,428.1,266.1,426.5,264.0,420.0,268.6,417.5,266.0,411.3,268.2,405.25,265.5
33,348.7,176.2,350.5,170.0,362.8,167.4,362.5,165.5,377.1,163.3,376.0,163.0,391.1,165.3,391.5,165.0,403.6,170.5,407.0,169.5,424.4,169.6,431.5,171.0,433.9,166.0,443.0,168.0,442.1,165.1,450.5,167.0,449.5,168.2,455.0,170.0,452.1,176.5,455.5,175.0,417.0,182.7,418.1666666666667,181.33333333333334,420.9,196.3,423.6,197.0,425.0,210.1,426.0,209.14285714285714,428.9,224.4,426.0,219.5,402.1,234.8,401.0769230769231,228.0,412.0,237.9,413.8333333333333,231.66666666666666,421.2,241.0,422.93333333333334,235.2,427.7,238.1,432.0,234.25,432.1,234.4,435.72727272727275,228.1818181818182,369.9,186.5,362.0,184.66666666666666,378.1,182.7,372.2,179.4,385.0,182.5,386.5,180.75,389.8,186.1,393.77777777777777,187.55555555555554,385.0,187.3,381.75,192.0,378.2,187.4,367.2,190.8,422.9,186.0,427.0,189.0,431.9,182.9,433.5,182.5,438.3,183.2,444.4,182.0,442.2,187.1,448.0,187.71428571428572,437.9,187.6,442.1666666666667,193.5,431.9,187.0,432.0,192.33333333333334,374.9,261.0,379.57142857142856,257.7142857142857,394.8,255.0,392.5,255.75,409.0,254.2,409.5,255.0,417.7,256.0,418.0,254.0,426.0,253.8,424.5,255.0,431.9,254.3,430.0,255.66666666666666,433.4,258.9,432.0,258.4,431.1,267.8,427.5,265.0,425.7,272.2,421.0,265.5,417.7,274.1,413.3333333333333,273.3333333333333,408.3,273.5,399.5,271.0,394.3,270.3,388.0,265.0,379.3,261.2,393.55555555555554,256.55555555555554,408.6,260.2,399.3333333333333,259.0,417.2,260.9,413.75,259.5,425.2,259.2,421.4,263.4,431.0,259.7,428.6,259.6,425.2,263.8,423.75,261.0,417.1,266.3,414.5,263.0,408.4,266.0,402.25,263.0
34,345.5,174.1,347.5,168.0,359.7,165.0,359.5,163.5,374.1,160.8,373.5,161.0,388.1,162.8,388.5,163.0,400.8,167.9,404.0,167.5,421.2,167.0,428.5,168.5,430.6,163.3,440.0,165.5,438.9,162.4,447.5,165.0,446.3,165.4,452.0,167.0,448.9,173.6,452.5,172.5,414.1,180.1,415.1666666666667,178.83333333333334,418.0,193.6,420.0,194.4,422.2,207.3,422.85714285714283,206.28571428571428,426.2,221.5,422.25,216.75,399.6,232.1,397.6923076923077,225.0,409.4,235.2,410.25,228.66666666666666,418.5,238.2,419.26666666666665,232.2,424.9,235.3,428.1666666666667,231.25,429.2,231.5,432.0,225.27272727272728,367.1,184.2,359.5,182.16666666666666,375.2,180.3,369.4,176.8,382.1,180.1,383.5,177.75,386.7,183.6,390.8888888888889,184.77777777777777,382.1,184.9,378.75,189.25,375.4,185.0,364.2,188.0,419.7,183.3,423.57142857142856,186.0,428.7,180.3,430.0,180.0,435.1,180.6,441.4,179.2,439.0,184.4,444.7142857142857,185.0,434.6,184.9,438.6666666666667,190.5,428.7,184.3,428.3333333333333,189.33333333333334,372.2,258.7,376.57142857142856,255.42857142857142,392.1,252.5,389.5,253.25,406.5,251.6,405.5,252.0,415.0,253.4,415.0,252.0,423.2,251.0,420.5,252.0,429.0,251.4,426.0,253.0,430.5,256.1,428.0,255.8,428.3,265.0,423.75,262.25,423.1,269.4,417.0,262.5,415.2,271.4,409.3333333333333,270.3333333333333,405.9,270.9,396.5,268.25,391.8,267.9,384.0,262.0,376.6,258.8,390.1111111111111,253.88888888888889,406.1,257.7,395.6666666666667,256.0,414.6,258.2,410.0,256.75,422.4,256.5,417.6,261.0,428.1,256.9,424.7,257.0,422.5,260.9,419.75,258.5,414.6,263.5,411.0,260.5,406.0,263.3,398.75,260.5
35,342.7,171.1,344.5,165.0,356.8,162.1,356.5,159.5,371.0,157.8,370.5,158.0,385.0,159.8,386.0,160.0,397.6,165.0,401.5,164.5,418.1,164.2,425.5,166.0,427.4,160.6,437.0,163.0,435.6,159.7,445.0,162.0,443.0,162.5,449.5,165.0,445.7,170.6,450.0,169.5,411.2,176.9,412.3333333333333,175.83333333333334,415.1,190.4,417.6,190.8,419.4,204.1,420.42857142857144,202.71428571428572,423.4,218.4,420.25,213.0,397.0,229.1,394.84615384615387,221.46153846153845,406.7,232.1,407.5833333333333,224.91666666666666,415.7,235.0,416.8666666666667,228.53333333333333,422.1,232.2,425.9166666666667,227.58333333333334,426.2,228.4,429.72727272727275,221.54545454545453,364.3,181.0,356.3333333333333,178.66666666666666,372.3,177.1,366.4,173.4,379.2,177.0,380.75,174.75,383.8,180.5,387.8888888888889,181.66666666666666,379.2,181.7,375.75,185.75,372.4,181.8,361.2,184.8,416.7,180.4,421.14285714285717,183.0,425.7,177.3,427.5,177.25,432.1,177.6,438.4,176.6,435.9,181.5,442.0,182.0,431.5,182.0,436.0,187.5,425.6,181.4,426.0,186.0,369.5,255.5,373.57142857142856,252.42857142857142,389.3,249.3,386.5,250.0,403.8,248.4,403.0,249.0,412.2,250.2,412.0,248.0,420.1,247.9,418.0,249.0,426.0,248.4,423.6666666666667,250.0,427.6,253.0,425.4,253.4,425.2,262.1,421.0,259.25,420.0,266.6,414.0,259.5,412.3,268.5,406.3333333333333,268.0,403.1,268.0,393.5,265.5,389.1,264.9,381.0,259.0,373.8,255.7,387.3333333333333,250.55555555555554,403.4,254.6,392.6666666666667,253.0,411.7,255.2,407.25,253.75,419.3,253.4,414.8,258.0,425.1,253.9,422.1,254.1,419.4,257.9,417.0,255.75,411.7,260.5,408.0,257.5,403.3,260.2,395.75,257.5
36,340.5,168.1,342.5,162.0,354.2,158.7,354.5,157.5,368.3,154.3,368.0,155.0,382.2,156.1,383.0,157.0,394.7,161.3,398.5,161.5,415.4,160.5,422.5,162.5,424.7,156.9,434.0,159.5,432.8,156.2,441.5,158.5,440.2,159.4,446.0,161.0,442.8,167.9,446.5,166.5,408.5,173.5,409.3333333333333,172.66666666666666,412.6,187.0,415.0,187.6,417.0,200.7,417.85714285714283,199.57142857142858,421.1,214.8,418.0,209.75,394.7,225.6,392.6923076923077,218.23076923076923,404.5,228.6,405.3333333333333,221.83333333333334,413.5,231.6,414.6,225.4,419.8,228.7,423.6666666666667,224.58333333333334,424.0,225.0,427.6363636363636,218.45454545454547,361.9,177.8,354.0,176.0,369.9,173.9,364.2,170.8,376.8,173.7,378.0,171.75,381.4,177.3,385.44444444444446,178.66666666666666,376.8,178.4,373.5,183.0,370.1,178.5,359.2,181.8,414.2,177.2,418.2857142857143,179.85714285714286,423.0,174.1,424.5,173.5,429.4,174.4,435.4,173.0,433.2,178.4,438.57142857142856,178.57142857142858,428.9,178.8,433.0,184.0,423.1,178.2,423.0,183.0,367.5,252.3,371.57142857142856,249.42857142857142,387.3,246.0,384.5,246.75,401.8,244.9,401.0,246.0,410.1,246.7,410.0,245.0,417.9,244.5,416.0,246.0,423.6,245.0,421.6666666666667,246.66666666666666,425.0,249.9,423.4,249.8,422.9,259.0,419.0,256.0,417.8,263.4,412.0,256.5,410.4,265.3,404.6666666666667,264.3333333333333,401.2,264.8,391.5,261.75,387.2,261.6,379.0,256.0,371.8,252.5,385.3333333333333,247.44444444444446,401.4,251.1,390.6666666666667,249.66666666666666,409.6,251.7,405.25,250.25,417.1,250.0,413.2,254.2,422.6,250.7,420.1,250.9,417.2,254.8,415.0,252.0,409.7,257.3,406.0,254.0,401.4,257.1,393.75,254.0
37,337.7,165.7,340.5,160.0,351.4,156.4,352.5,154.5,365.5,152.0,366.0,153.0,379.4,153.8,381.0,154.0,391.9,158.9,396.5,158.5,412.8,158.1,420.0,160.0,422.0,154.5,431.0,157.0,430.1,153.8,438.5,156.5,437.4,157.1,443.0,159.0,439.9,165.5,443.5,164.5,405.9,170.9,407.1666666666667,169.83333333333334,410.2,184.2,412.2,184.8,414.7,197.7,415.0,196.71428571428572,419.1,211.7,415.0,206.75,392.5,222.9,390.3076923076923,215.69230769230768,402.4,225.8,402.75,218.91666666666666,411.5,228.7,411.6666666666667,222.46666666666667,417.9,225.8,420.5833333333333,221.58333333333334,422.0,222.1,424.54545454545456,215.54545454545453,359.2,175.3,352.5,173.5,367.2,171.4,362.4,168.4,373.9,171.2,376.0,169.5,378.6,174.7,383.22222222222223,175.88888888888889,374.1,175.8,371.5,180.5,367.4,175.9,357.2,179.2,411.5,174.7,415.42857142857144,177.42857142857142,420.3,171.5,421.75,171.25,426.7,171.9,432.4,170.6,430.5,175.8,435.7142857142857,176.42857142857142,426.2,176.1,430.0,181.66666666666666,420.4,175.5,420.3333333333333,180.33333333333334,365.3,249.7,369.0,246.42857142857142,385.3,243.5,381.75,244.25,399.8,242.4,398.5,243.0,408.1,244.2,407.0,242.0,416.1,241.9,413.0,243.0,421.8,242.4,418.6666666666667,244.0,423.2,247.1,420.6,247.4,421.1,256.2,416.5,253.75,416.1,260.6,409.5,253.5,408.5,262.5,402.3333333333333,261.6666666666667,399.4,262.0,388.5,259.5,385.2,258.9,377.0,253.0,369.6,249.9,382.77777777777777,244.88888888888889,399.5,248.5,388.3333333333333,247.0,407.7,249.0,402.5,247.5,415.3,247.4,410.2,252.0,420.9,247.9,417.4,248.5,415.4,252.1,412.0,249.75,407.8,254.6,403.5,251.5,399.4,254.4,391.5,251.5
38,335.8,164.8,338.5,158.5,349.2,155.3,350.5,153.5,363.2,150.5,363.5,151.0,377.1,152.2,379.0,153.0,389.7,157.3,394.5,157.0,410.8,156.4,418.5,158.5,419.8,152.8,429.0,155.0,427.8,152.2,437.0,154.5,435.0,155.5,441.5,157.0,437.3,164.1,442.0,162.5,403.9,169.5,405.3333333333333,168.5,408.2,182.7,411.0,183.6,412.8,196.1,413.7142857142857,195.71428571428572,417.2,210.0,413.75,205.5,390.6,221.5,388.7692307692308,214.69230769230768,400.5,224.3,401.4166666666667,217.91666666666666,409.7,227.1,410.6,221.46666666666667,416.0,224.2,419.75,220.58333333333334,420.1,220.5,423.6363636363636,214.54545454545453,357.3,174.3,350.0,172.5,365.2,170.5,360.2,167.4,371.9,170.3,374.0,168.0,376.6,173.6,381.44444444444446,174.88888888888889,372.1,174.7,369.5,179.5,365.4,174.9,355.2,178.2,409.3,173.5,414.42857142857144,176.0,418.2,170.5,420.25,170.0,424.5,170.8,431.4,169.0,428.3,174.6,434.57142857142856,175.0,424.1,174.9,429.0,180.5,418.3,174.3,419.0,179.33333333333334,363.3,248.4,367.2857142857143,245.42857142857142,383.3,242.0,380.25,242.75,398.0,241.0,396.5,242.0,406.3,242.7,406.0,241.0,414.1,240.4,412.0,242.0,419.9,240.9,417.6666666666667,242.66666666666666,421.4,245.6,419.2,246.2,419.3,254.8,415.0,252.25,414.2,259.2,408.0,252.5,406.7,261.1,400.3333333333333,260.6666666666667,397.6,260.7,387.5,258.25,383.3,257.6,375.0,252.0,367.5,248.6,381.22222222222223,243.55555555555554,397.6,247.0,386.6666666666667,245.66666666666666,405.9,247.5,401.25,246.25,413.4,245.9,409.0,250.8,419.0,246.5,415.8,247.1,413.5,250.8,410.75,248.75,405.9,253.4,402.0,250.5,397.6,253.2,389.75,250.25
39,333.6,164.7,335.5,159.0,346.5,154.8,347.5,154.5,360.9,149.8,361.0,152.0,375.1,151.9,376.0,153.0,387.9,157.6,391.5,157.5,408.7,157.2,415.5,159.5,417.1,153.8,426.5,156.5,424.8,153.0,434.5,156.0,431.6,155.8,439.0,158.5,434.5,163.9,440.0,163.5,402.0,171.0,402.5,169.0,406.1,183.1,408.2,184.0,410.6,195.5,410.85714285714283,195.71428571428572,415.0,208.5,411.0,205.75,388.5,221.1,386.3076923076923,214.69230769230768,398.2,223.8,398.8333333333333,217.91666666666666,407.4,226.6,408.2,221.46666666666667,413.8,223.9,417.5,220.66666666666666,417.9,220.4,421.54545454545456,214.54545454545453,355.0,175.9,347.6666666666667,173.5,363.3,172.8,357.8,168.2,369.9,172.7,371.5,169.0,374.9,175.5,378.77777777777777,175.55555555555554,370.0,176.7,367.5,180.0,363.5,176.7,353.2,179.0,407.1,176.1,411.57142857142856,177.0,416.2,173.9,417.75,171.25,422.4,174.3,428.6,171.0,426.2,177.7,432.2857142857143,176.42857142857142,421.9,178.1,426.5,181.5,416.1,177.4,416.3333333333333,180.0,361.7,248.1,364.85714285714283,244.71428571428572,381.7,241.6,377.75,242.5,396.5,240.4,394.5,241.0,404.4,242.3,404.0,241.0,411.8,240.3,410.0,242.0,417.7,241.1,415.6666666666667,242.66666666666666,419.1,246.3,417.8,245.4,417.0,254.9,413.5,251.75,412.0,258.8,406.0,251.5,404.9,260.6,399.0,259.6666666666667,396.3,260.2,385.5,257.25,382.0,257.3,373.0,251.0,365.9,248.2,379.0,243.22222222222223,396.3,246.6,384.3333333333333,245.66666666666666,404.1,247.3,399.0,245.75,411.1,245.9,407.2,250.2,416.7,246.9,414.4,246.5,411.2,250.7,409.0,248.0,404.2,253.0,400.0,249.5,396.3,252.9,387.5,249.5
40,332.8,164.2,334.5,159.0,345.5,154.6,346.5,154.5,359.3,149.8,359.5,152.0,373.3,151.9,374.5,153.0,385.9,157.6,389.5,157.5,407.5,157.7,413.5,159.5,415.8,154.6,425.0,156.5,423.2,154.1,432.5,156.5,430.0,156.9,437.0,159.0,433.0,164.6,438.5,164.5,400.4,171.5,401.0,169.16666666666666,404.5,183.3,406.0,184.0,408.9,195.3,408.7142857142857,195.0,413.3,208.0,408.25,204.75,387.0,221.1,383.7692307692308,213.6153846153846,396.4,223.8,396.25,216.83333333333334,405.5,226.6,405.46666666666664,220.26666666666668,411.9,224.1,414.6666666666667,219.91666666666666,416.0,220.7,418.8181818181818,214.45454545454547,353.8,176.1,346.5,173.5,362.1,173.2,356.2,168.6,368.6,173.2,370.0,169.25,373.6,175.9,377.1111111111111,175.77777777777777,368.7,177.0,365.5,180.25,362.3,176.9,351.2,179.0,405.8,177.3,409.57142857142856,178.0,415.0,175.4,415.75,172.25,421.1,176.0,426.6,171.8,424.9,179.4,430.2857142857143,177.57142857142858,420.5,179.5,424.5,182.66666666666666,414.8,178.7,414.3333333333333,181.33333333333334,359.7,247.6,362.85714285714283,244.57142857142858,379.9,241.5,375.75,242.25,394.8,240.4,392.0,241.0,402.7,242.4,401.0,240.0,410.1,240.6,407.0,241.0,416.2,241.5,412.6666666666667,242.66666666666666,417.7,246.7,414.8,246.4,415.4,255.4,410.5,251.75,410.2,259.2,403.5,251.5,403.2,260.7,396.0,259.3333333333333,394.6,260.2,382.75,257.0,380.1,257.1,371.0,251.0,363.8,247.9,376.6666666666667,242.66666666666666,394.6,246.7,382.3333333333333,244.66666666666666,402.3,247.5,396.25,245.75,409.4,246.3,404.2,250.0,415.3,247.3,411.4,246.8,409.4,251.1,406.0,247.75,402.4,253.2,397.0,249.5,394.6,252.9,384.75,249.25
41,331.5,163.7,332.5,159.5,344.2,154.4,344.5,154.5,358.0,149.8,358.0,152.0,371.7,152.0,372.5,154.0,384.2,157.7,388.0,158.0,406.2,157.9,412.5,160.0,414.5,154.9,423.5,157.5,421.9,154.4,431.5,157.0,428.7,157.2,436.5,160.0,431.8,164.8,437.5,165.5,398.9,171.6,399.3333333333333,169.66666666666666,402.9,183.5,404.8,184.2,407.3,195.5,407.57142857142856,195.71428571428572,411.7,208.3,407.25,205.25,385.3,221.3,382.53846153846155,214.0,394.8,224.0,394.9166666666667,217.25,403.9,226.9,404.26666666666665,220.86666666666667,410.3,224.3,413.9166666666667,220.75,414.5,221.0,418.09090909090907,215.0909090909091,352.1,176.0,344.5,173.83333333333334,360.4,173.1,354.8,168.6,367.0,173.1,368.5,169.75,372.1,175.9,375.6666666666667,176.33333333333334,367.1,177.0,363.5,180.5,360.6,176.9,349.6,179.2,404.2,177.5,408.7142857142857,178.14285714285714,413.5,175.5,414.75,172.25,419.7,176.1,426.0,172.0,423.5,179.6,429.7142857142857,177.85714285714286,419.1,179.7,423.8333333333333,182.83333333333334,413.3,178.9,413.3333333333333,181.33333333333334,357.8,247.8,361.42857142857144,244.71428571428572,378.2,241.5,374.25,242.5,393.2,240.5,391.0,241.0,401.1,242.5,400.0,241.0,408.6,240.7,406.5,242.0,414.8,241.7,412.3333333333333,242.66666666666666,416.4,247.0,415.0,246.4,414.0,255.7,410.5,252.5,408.7,259.5,403.0,252.5,401.6,260.9,395.3333333333333,260.3333333333333,393.0,260.4,381.5,257.5,378.3,257.3,369.0,251.0,362.0,248.1,375.22222222222223,243.11111111111111,392.9,247.0,380.6666666666667,245.66666666666666,400.7,247.7,395.25,245.75,407.9,246.5,404.0,250.4,413.9,247.6,411.3,247.3,408.0,251.2,406.0,248.25,400.8,253.2,396.5,250.0,393.0,253.0,383.75,249.5
42,329.7,165.0,331.5,160.5,342.4,155.4,343.5,155.5,356.5,150.6,356.5,153.0,370.6,152.8,371.5,154.5,383.3,158.6,386.5,158.5,404.9,158.2,411.5,160.0,413.5,154.7,422.5,157.0,421.2,153.9,430.5,156.5,428.1,156.7,435.5,159.5,431.1,164.7,436.5,165.0,397.9,171.9,398.1666666666667,170.0,402.0,183.9,403.6,184.4,406.4,196.0,406.14285714285717,195.85714285714286,410.7,208.8,406.0,205.75,384.2,221.6,381.46153846153845,214.76923076923077,393.8,224.4,393.9166666666667,217.91666666666666,403.0,227.3,403.2,221.46666666666667,409.5,224.6,412.8333333333333,220.91666666666666,413.7,221.2,417.09090909090907,215.45454545454547,350.4,176.8,343.5,174.33333333333334,358.8,174.0,353.4,169.2,365.2,173.9,367.5,169.75,370.4,176.3,374.6666666666667,176.55555555555554,365.4,177.5,362.5,180.75,359.0,177.5,348.6,180.0,403.4,177.1,407.7142857142857,178.0,412.6,175.2,414.0,172.0,418.8,175.8,425.0,171.8,422.7,178.9,428.85714285714283,177.42857142857142,418.2,179.1,423.0,182.66666666666666,412.4,178.3,412.6666666666667,181.0,356.9,248.4,360.2857142857143,245.42857142857142,377.3,242.1,373.25,243.0,392.3,241.1,389.5,242.0,400.3,242.9,399.0,241.0,407.8,241.0,405.5,242.0,414.0,241.8,411.3333333333333,243.66666666666666,415.7,247.0,414.2,246.4,413.3,255.7,409.5,252.75,408.0,259.6,402.0,252.5,400.8,261.2,394.3333333333333,260.3333333333333,392.2,260.7,380.75,258.0,377.5,257.7,368.0,252.0,361.2,248.6,374.22222222222223,243.55555555555554,392.0,247.5,379.6666666666667,246.0,399.9,248.1,394.25,246.75,407.1,246.8,403.2,251.0,413.3,247.6,410.6,247.7,407.3,251.4,405.0,248.75,400.1,253.5,395.5,250.5,392.2,253.4,382.75,250.25
43,330.2,165.0,331.5,159.5,342.8,155.4,342.5,154.5,356.6,150.6,356.5,152.5,370.4,152.8,371.5,154.0,382.8,158.5,387.0,158.5,404.4,157.8,411.0,160.0,413.1,154.2,422.0,157.0,420.9,153.3,430.0,156.5,427.9,156.1,435.0,159.0,431.0,164.2,436.5,164.5,397.6,171.3,398.1666666666667,169.5,401.6,183.4,403.6,184.2,405.9,195.8,406.14285714285717,195.71428571428572,410.1,208.8,406.25,205.25,383.8,221.3,381.46153846153845,213.92307692307693,393.5,224.2,393.9166666666667,217.33333333333334,402.6,227.1,403.2,220.6,409.1,224.4,412.8333333333333,220.16666666666666,413.3,220.9,416.8181818181818,214.45454545454547,350.8,176.3,343.5,173.33333333333334,359.0,173.3,353.0,168.4,365.3,173.2,367.0,169.0,370.3,175.7,374.3333333333333,175.66666666666666,365.5,176.8,362.5,180.0,359.2,176.8,348.2,179.0,403.4,176.1,407.42857142857144,177.14285714285714,412.5,174.2,413.5,171.25,418.7,174.6,424.4,171.0,422.6,177.9,428.14285714285717,176.42857142857142,418.1,178.0,422.3333333333333,181.66666666666666,412.4,177.2,412.3333333333333,180.33333333333334,356.2,248.4,360.57142857142856,245.42857142857142,376.7,242.1,373.25,242.75,391.8,241.0,389.5,241.5,399.8,242.9,399.0,241.0,407.4,240.9,405.5,242.0,413.6,241.6,411.3333333333333,242.66666666666666,415.4,246.8,413.6,246.4,413.1,255.6,409.25,252.5,407.7,259.5,402.0,252.5,400.4,261.1,394.3333333333333,260.3333333333333,391.7,260.7,380.5,258.0,376.9,257.7,368.0,252.0,360.5,248.6,374.22222222222223,243.44444444444446,391.5,247.4,379.6666666666667,245.66666666666666,399.5,248.0,394.25,246.25,406.7,246.6,402.4,250.8,412.9,247.5,410.1,247.3,406.9,251.4,404.75,248.75,399.7,253.6,395.5,250.5,391.7,253.4,382.75,250.25
44,330.7,164.0,332.5,158.5,343.3,154.6,344.5,153.5,357.1,149.9,357.5,151.0,370.8,152.2,372.5,153.0,383.1,157.9,388.0,156.5,405.1,157.2,412.5,158.5,413.8,153.4,423.0,155.5,421.7,152.4,431.0,154.5,428.7,155.3,436.0,157.5,431.7,163.3,437.0,162.5,398.2,170.4,399.1666666666667,168.0,402.3,182.7,404.6,182.6,406.7,195.1,407.57142857142856,194.71428571428572,410.9,208.3,407.25,204.25,384.5,220.6,382.46153846153845,213.15384615384616,394.2,223.5,395.0,216.58333333333334,403.3,226.4,404.2,220.0,409.7,223.7,414.0833333333333,219.5,413.9,220.2,418.1818181818182,213.45454545454547,351.4,175.0,344.6666666666667,172.5,359.5,171.7,354.6,167.2,366.0,171.6,368.5,167.75,371.0,174.6,375.6666666666667,174.55555555555554,366.2,175.6,364.25,178.75,359.8,175.6,350.0,178.0,403.8,175.0,408.42857142857144,176.0,412.9,172.5,414.5,170.0,419.2,172.9,425.4,169.0,423.1,176.4,428.85714285714283,174.85714285714286,418.7,176.6,423.3333333333333,180.33333333333334,412.9,176.0,413.3333333333333,179.0,356.4,247.2,360.57142857142856,244.71428571428572,377.0,241.1,373.5,242.25,392.2,240.1,390.5,241.0,400.4,242.0,400.0,240.0,408.1,240.0,406.0,241.0,414.3,240.6,412.0,242.66666666666666,416.0,245.6,414.6,245.4,413.7,254.6,409.75,252.0,408.3,258.6,402.5,252.0,400.9,260.3,394.6666666666667,260.0,392.0,259.8,381.0,257.5,377.1,256.6,369.0,251.0,360.7,247.5,374.6666666666667,242.88888888888889,391.9,246.4,380.3333333333333,245.33333333333334,400.0,247.1,395.25,245.75,407.4,245.7,403.2,250.2,413.5,246.3,410.9,246.8,407.5,250.6,405.25,248.0,400.1,252.8,396.0,249.5,392.0,252.6,383.25,249.5
45,331.6,162.9,333.5,157.5,344.2,153.5,345.5,152.5,358.0,148.8,358.5,150.0,371.8,151.2,373.5,152.0,384.0,157.1,388.5,156.5,406.0,156.6,412.5,158.0,414.7,152.7,423.5,155.5,422.6,151.8,431.5,155.0,429.7,154.6,436.0,158.0,432.8,162.6,437.5,163.0,399.0,169.9,399.3333333333333,167.5,403.1,182.2,404.8,182.2,407.5,194.7,407.7142857142857,193.71428571428572,411.7,207.8,407.25,203.0,385.4,220.0,383.0,212.15384615384616,395.0,222.9,395.6666666666667,215.16666666666666,404.0,225.8,404.6,218.73333333333332,410.4,223.1,414.0,218.41666666666666,414.6,219.7,417.90909090909093,212.8181818181818,352.3,173.9,345.5,171.33333333333334,360.6,170.5,355.2,166.0,367.2,170.5,369.0,167.0,372.1,173.7,376.1111111111111,173.77777777777777,367.3,174.8,364.5,178.0,360.7,174.7,350.2,177.0,404.8,174.4,408.42857142857144,176.0,413.9,171.7,414.75,170.0,420.3,172.1,425.6,169.8,424.1,175.8,429.14285714285717,175.42857142857142,419.8,176.1,423.5,180.5,413.9,175.5,413.3333333333333,179.0,357.9,246.1,361.85714285714283,243.42857142857142,378.4,239.9,374.75,240.75,393.3,239.0,391.5,239.5,401.4,240.9,400.0,239.0,409.1,238.9,406.5,240.0,415.2,239.7,412.6666666666667,240.66666666666666,416.8,244.8,415.0,244.4,414.5,253.6,410.5,250.25,409.3,257.4,403.0,250.0,401.9,259.0,395.3333333333333,257.6666666666667,393.1,258.5,382.25,255.25,378.5,255.3,370.0,249.0,362.3,246.3,375.77777777777777,241.33333333333334,392.9,245.5,381.3333333333333,243.66666666666666,400.9,246.2,396.0,244.0,408.3,244.8,404.2,248.4,414.3,245.5,411.4,245.2,408.5,249.3,406.0,246.25,401.1,251.4,396.5,247.5,393.1,251.1,384.5,247.5
46,333.1,162.1,334.5,158.0,345.9,153.0,346.5,152.5,359.6,148.7,359.5,151.0,373.0,151.3,374.0,152.0,385.0,157.2,389.5,156.5,406.8,157.1,413.0,158.5,415.4,153.3,424.0,155.5,423.3,152.4,432.0,155.0,430.4,155.2,437.0,158.0,433.7,163.2,437.5,163.5,399.7,170.3,400.1666666666667,168.0,403.7,182.7,405.0,183.0,407.9,195.2,407.85714285714283,194.71428571428572,412.0,208.4,407.5,204.75,385.7,220.5,383.38461538461536,213.76923076923077,395.3,223.5,395.75,216.91666666666666,404.3,226.5,404.6666666666667,220.46666666666667,410.6,223.9,413.6666666666667,219.83333333333334,414.8,220.4,417.72727272727275,214.27272727272728,353.4,173.9,346.3333333333333,171.5,361.7,170.5,356.0,166.4,368.4,170.6,369.5,167.5,373.1,174.0,376.6666666666667,174.33333333333334,368.4,175.1,365.25,178.5,361.8,175.0,351.2,177.2,405.4,174.9,408.57142857142856,176.0,414.6,172.2,415.0,170.25,420.9,172.7,426.2,169.6,424.7,176.4,429.57142857142856,175.42857142857142,420.4,176.8,423.5,180.66666666666666,414.5,176.1,413.3333333333333,179.33333333333334,358.1,247.1,363.2857142857143,244.57142857142858,379.3,241.1,375.75,242.25,394.2,240.1,392.0,241.0,401.9,242.0,401.0,240.0,409.2,240.0,406.5,241.0,414.9,240.9,412.3333333333333,242.66666666666666,416.4,246.0,414.8,245.4,414.9,253.8,410.5,251.25,410.3,257.0,403.0,250.5,403.4,258.4,396.0,258.3333333333333,394.9,258.0,382.75,256.0,379.9,255.4,371.0,250.0,362.5,247.4,376.77777777777777,242.66666666666666,393.8,246.7,382.0,245.0,401.5,247.4,396.25,245.5,408.5,246.1,404.2,249.8,414.1,246.6,411.4,246.3,409.3,248.9,406.0,247.25,402.4,250.8,397.0,248.5,394.7,250.6,385.25,248.5
47,332.7,161.5,333.0,158.0,345.6,152.5,344.5,153.5,359.2,148.4,358.0,151.0,372.6,151.3,372.5,153.0,384.3,157.5,388.0,157.5,406.3,157.3,411.5,159.0,414.7,153.5,423.0,156.5,422.3,152.6,431.0,156.0,428.9,155.7,436.0,159.0,431.6,164.2,437.5,164.5,398.4,171.7,398.5,169.16666666666666,402.2,183.7,403.6,184.4,406.3,195.9,406.0,196.28571428571428,410.3,208.8,405.5,206.25,384.3,221.3,381.7692307692308,215.15384615384616,393.6,224.3,393.75,218.66666666666666,402.5,227.2,402.6666666666667,222.26666666666668,408.7,224.8,411.5,221.91666666666666,412.8,221.4,415.54545454545456,216.45454545454547,351.7,175.4,344.6666666666667,172.5,360.0,172.3,354.6,167.6,366.7,172.4,368.0,168.75,371.5,175.5,375.22222222222223,175.55555555555554,366.7,176.9,363.5,179.75,360.1,176.7,349.6,178.2,403.9,176.7,407.57142857142856,177.85714285714286,412.9,174.4,414.0,171.75,419.1,174.9,425.0,171.2,422.8,178.5,428.57142857142856,177.42857142857142,418.6,178.9,422.6666666666667,182.66666666666666,412.8,178.2,412.6666666666667,181.0,357.3,248.8,363.14285714285717,246.57142857142858,378.4,242.3,375.0,244.25,392.9,241.1,390.5,242.5,400.4,243.1,399.0,242.0,407.4,241.2,404.5,243.0,412.9,242.5,410.0,244.66666666666666,414.0,248.1,412.2,248.4,412.8,255.6,408.0,253.0,408.4,258.6,401.0,251.5,401.8,259.9,394.0,259.3333333333333,393.5,259.4,381.5,257.0,378.9,256.9,371.0,252.0,361.9,249.0,376.0,244.33333333333334,392.5,248.1,381.3333333333333,246.66666666666666,400.0,248.7,394.5,247.0,406.7,247.6,401.6,251.6,411.7,248.6,408.8,248.8,407.4,250.4,404.0,248.5,400.8,252.1,395.0,249.5,393.3,251.9,384.0,249.5
48,330.7,158.7,329.5,156.0,343.3,150.0,341.5,151.5,356.8,146.1,355.0,149.0,369.9,149.0,370.0,151.0,381.5,155.2,385.0,156.5,403.6,155.9,408.5,159.0,411.5,152.7,420.0,156.5,418.9,152.1,428.0,156.5,425.4,154.9,433.0,159.5,428.5,162.8,433.5,165.0,395.7,170.7,395.6666666666667,168.33333333333334,399.5,182.5,400.6,183.2,403.7,194.5,402.7142857142857,194.57142857142858,407.8,207.1,402.25,204.25,382.1,220.1,378.2307692307692,213.15384615384616,391.3,223.0,390.3333333333333,216.41666666666666,400.0,225.9,399.26666666666665,220.13333333333333,406.2,223.6,408.4166666666667,220.33333333333334,410.3,220.4,412.54545454545456,215.0909090909091,349.2,174.0,341.1666666666667,170.5,357.6,171.0,351.4,165.8,364.3,171.2,365.0,167.5,369.3,174.5,371.77777777777777,173.77777777777777,364.3,175.8,360.25,178.0,357.6,175.5,346.0,176.2,401.0,176.6,404.85714285714283,177.0,410.0,174.5,411.0,171.75,416.2,175.2,422.0,172.0,419.8,178.9,425.7142857142857,177.57142857142858,415.7,179.4,419.8333333333333,182.66666666666666,409.9,178.5,410.0,180.33333333333334,356.9,248.7,359.14285714285717,245.28571428571428,377.4,241.3,371.5,243.0,391.4,239.6,387.0,241.0,398.7,241.7,396.0,241.0,405.3,240.0,401.5,242.0,410.7,242.1,407.3333333333333,244.0,411.3,248.9,409.6,248.2,410.5,255.8,405.0,252.5,406.2,258.5,398.0,251.5,400.0,259.5,390.3333333333333,258.6666666666667,392.0,259.0,377.75,256.25,377.9,256.6,367.0,251.0,361.5,248.8,372.22222222222223,243.22222222222223,390.9,247.1,377.6666666666667,245.66666666666666,398.2,247.7,391.25,246.25,404.5,247.0,398.8,250.8,409.1,249.1,406.2,248.0,405.2,249.7,401.0,248.25,399.0,251.1,392.0,249.0,391.8,250.9,380.5,248.5
49,325.8,155.7,325.5,154.5,338.3,146.6,336.5,149.5,351.9,142.4,350.0,147.5,365.2,145.1,365.0,149.0,377.0,151.1,380.5,153.5,399.2,151.6,403.5,155.0,407.2,148.3,415.0,152.5,414.7,147.8,422.5,152.5,421.3,150.9,427.0,155.5,424.5,159.4,428.5,161.0,391.3,166.4,391.1666666666667,164.83333333333334,395.2,178.2,396.6,179.6,399.5,190.2,399.57142857142856,191.28571428571428,403.7,202.8,399.25,201.25,378.5,216.6,374.7692307692308,210.46153846153845,387.6,219.3,387.1666666666667,213.75,396.2,222.0,396.4,217.33333333333334,402.3,219.9,405.5,217.25,406.3,216.8,409.45454545454544,211.63636363636363,344.6,170.5,337.0,168.0,353.0,167.2,347.0,163.0,359.9,167.4,360.5,164.25,365.0,170.8,367.6666666666667,170.77777777777777,360.0,172.2,356.25,175.0,353.1,172.0,342.2,174.0,397.0,172.8,400.2857142857143,173.42857142857142,405.9,170.3,406.25,167.5,412.2,171.0,416.8,167.2,415.9,174.9,420.42857142857144,173.42857142857142,411.8,175.5,415.0,178.66666666666666,405.9,174.6,405.3333333333333,177.0,353.9,247.0,357.14285714285717,243.71428571428572,373.9,238.8,369.25,240.5,387.8,236.6,384.5,238.5,395.0,238.7,393.0,238.0,401.3,237.1,398.5,239.0,406.8,239.7,404.3333333333333,241.33333333333334,407.6,247.1,406.4,245.4,406.9,253.8,402.75,250.0,402.4,256.1,396.0,249.5,396.4,257.0,388.3333333333333,257.3333333333333,388.5,256.5,376.0,255.0,374.5,254.3,365.0,249.0,358.6,246.9,370.0,241.11111111111111,387.4,244.2,375.3333333333333,243.66666666666666,394.5,244.8,388.5,243.5,400.6,244.2,396.0,248.2,405.2,247.2,403.3,245.9,401.3,247.3,398.5,246.0,395.4,248.5,390.0,247.0,388.3,248.2,378.75,246.75
50,319.9,152.8,319.5,151.0,332.3,143.3,331.5,145.5,345.7,138.9,344.5,143.5,359.1,141.1,359.5,145.0,371.3,146.6,375.0,148.5,394.1,146.7,398.5,150.5,402.2,143.5,410.0,148.0,409.8,143.0,418.0,147.5,416.7,146.1,423.0,151.0,420.4,154.8,424.5,156.0,386.2,161.5,386.1666666666667,160.33333333333334,390.3,173.4,391.8,175.2,394.8,185.4,394.7142857142857,186.71428571428572,399.2,198.1,394.25,196.25,374.6,212.6,370.15384615384613,206.53846153846155,383.6,215.2,382.75,209.08333333333334,392.2,217.7,392.3333333333333,212.6,398.3,215.5,401.5833333333333,212.66666666666666,402.3,212.6,405.6363636363636,207.0909090909091,339.3,166.7,332.0,164.5,347.7,162.8,341.8,159.4,354.9,162.8,355.5,160.25,360.3,166.7,362.6666666666667,166.77777777777777,355.1,168.2,351.25,171.0,347.8,168.1,337.0,170.2,392.4,168.2,395.85714285714283,168.71428571428572,401.2,165.0,401.75,163.0,407.9,165.5,412.4,163.0,411.7,169.9,416.42857142857144,168.57142857142858,407.7,170.6,411.0,173.66666666666666,401.5,169.9,401.3333333333333,172.0,350.3,244.2,354.85714285714283,242.0,370.1,235.5,366.25,238.0,384.0,232.9,381.0,235.0,391.1,234.9,389.0,234.0,397.4,233.3,395.5,235.0,402.9,235.9,401.0,237.66666666666666,404.2,243.5,403.0,242.8,403.5,250.3,399.25,247.25,398.9,252.6,392.5,246.5,392.9,253.5,385.3333333333333,254.33333333333334,385.0,253.1,372.5,252.25,370.9,251.1,362.0,247.0,355.0,244.0,367.0,238.55555555555554,383.7,240.5,372.3333333333333,240.66666666666666,390.7,241.0,385.5,240.0,396.8,240.3,392.8,244.8,401.9,243.7,399.9,242.8,397.7,243.7,395.0,242.75,391.7,244.9,386.5,243.5,384.7,244.7,375.25,244.0
51,315.2,150.5,316.5,148.0,327.6,140.8,328.0,142.5,341.0,136.3,341.0,140.0,354.5,138.4,356.0,142.0,366.9,143.5,371.0,146.0,390.4,142.8,394.5,147.5,398.3,139.4,406.0,145.0,405.9,138.8,414.0,144.5,412.8,142.0,419.0,148.0,416.4,150.8,420.5,153.5,382.1,158.0,382.0,157.16666666666666,386.4,170.1,387.4,172.0,391.0,182.3,389.7142857142857,183.71428571428572,395.6,195.2,389.5,193.25,370.8,209.3,365.61538461538464,203.84615384615384,380.1,211.9,377.8333333333333,206.5,389.0,214.5,387.06666666666666,210.0,395.1,212.2,396.5,210.16666666666666,399.0,209.1,400.6363636363636,204.54545454545453,334.8,164.7,328.6666666666667,161.83333333333334,343.1,161.1,338.6,156.4,350.1,160.9,352.25,157.75,355.5,163.8,358.77777777777777,164.11111111111111,350.6,165.4,347.5,168.5,343.7,165.5,333.8,167.4,388.7,164.5,391.85714285714283,166.0,397.4,162.0,397.75,160.25,403.9,162.4,408.4,160.0,408.0,166.1,412.2857142857143,165.85714285714286,403.8,166.8,406.5,171.16666666666666,397.7,166.0,397.0,169.66666666666666,346.5,242.1,350.14285714285717,239.14285714285714,366.4,233.0,361.5,235.0,380.5,230.3,376.0,232.0,387.8,232.1,384.0,231.0,394.3,230.5,390.5,232.5,399.8,233.1,396.0,235.0,401.2,240.8,398.2,240.4,400.9,247.4,394.5,244.5,396.2,249.5,387.5,243.0,390.0,250.4,380.3333333333333,251.0,381.9,250.1,368.0,249.0,367.5,248.3,357.0,244.0,351.4,241.9,362.6666666666667,235.44444444444446,380.3,237.6,367.6666666666667,237.66666666666666,387.5,238.0,380.5,237.25,393.8,237.3,387.8,242.2,398.8,241.0,395.1,239.9,394.7,240.8,390.0,239.75,388.6,242.0,381.5,240.5,381.3,241.9,370.5,240.75
52,311.0,149.3,311.5,146.5,323.3,139.7,323.0,141.0,336.6,135.3,336.0,138.0,349.8,137.3,350.5,139.0,362.1,142.2,366.5,143.0,386.2,141.1,390.0,144.5,394.1,137.6,401.0,141.5,401.6,136.8,409.0,141.5,408.5,140.0,414.0,144.5,412.1,148.7,415.5,150.5,377.8,156.4,377.8333333333333,154.83333333333334,382.3,168.6,383.2,169.6,387.0,180.8,386.2857142857143,181.57142857142858,391.7,193.8,386.25,191.5,367.0,207.9,362.84615384615387,202.23076923076923,376.4,210.4,375.3333333333333,204.66666666666666,385.4,212.9,384.6,208.06666666666666,391.5,210.4,393.6666666666667,207.91666666666666,395.4,207.2,397.6363636363636,202.36363636363637,330.6,163.3,324.5,160.16666666666666,338.7,159.5,334.0,154.6,345.8,159.2,347.5,155.75,351.2,162.2,354.55555555555554,162.44444444444446,346.3,163.8,343.25,167.0,339.3,164.0,329.4,166.2,384.4,162.4,387.42857142857144,164.0,392.9,159.6,393.25,157.5,399.5,159.9,403.8,157.0,403.6,163.7,407.57142857142856,163.57142857142858,399.5,164.3,402.3333333333333,168.66666666666666,393.4,163.7,392.3333333333333,167.33333333333334,342.8,240.8,349.0,238.0,362.6,231.3,359.75,233.25,376.7,228.5,374.5,230.0,384.2,230.2,382.0,229.0,390.8,228.4,388.5,230.5,396.4,231.0,394.0,233.0,397.7,238.8,396.2,237.8,397.5,245.6,392.75,242.25,392.8,247.9,386.0,241.0,386.4,248.9,379.0,249.33333333333334,378.2,248.7,367.0,247.25,363.7,246.9,356.0,243.0,347.7,240.5,360.77777777777777,234.0,376.6,235.7,366.3333333333333,236.0,384.0,236.0,378.75,235.25,390.4,235.1,386.2,240.0,395.4,239.0,393.1,237.9,391.3,239.2,388.5,237.75,385.0,240.6,380.0,238.5,377.5,240.5,369.0,239.5
53,307.1,149.1,308.5,146.5,319.6,139.5,319.5,140.5,333.1,135.1,332.5,138.0,346.5,137.2,347.5,139.0,358.8,142.2,363.5,143.5,382.6,141.3,387.0,144.5,390.6,137.8,398.0,142.0,398.3,136.8,406.5,142.0,405.2,139.8,411.5,145.0,409.0,148.3,413.0,150.5,374.6,155.7,374.6666666666667,155.0,379.0,167.9,380.4,169.4,383.8,180.1,383.14285714285717,181.0,388.5,193.0,383.25,191.0,363.7,207.1,359.38461538461536,201.53846153846155,373.2,209.5,371.75,204.08333333333334,382.3,212.0,381.2,207.53333333333333,388.4,209.6,390.4166666666667,207.58333333333334,392.3,206.4,394.45454545454544,201.9090909090909,327.1,162.2,320.6666666666667,159.83333333333334,335.4,158.4,330.8,154.4,342.5,158.2,344.25,154.75,348.0,161.4,351.0,161.55555555555554,343.0,162.9,339.5,166.5,335.9,163.0,326.0,165.4,381.2,161.8,384.85714285714283,163.71428571428572,389.8,158.7,390.75,157.25,396.4,159.1,401.4,157.0,400.6,162.9,405.42857142857144,163.14285714285714,396.4,163.6,400.0,168.66666666666666,390.3,163.0,390.3333333333333,167.0,339.9,239.9,346.14285714285717,236.85714285714286,359.3,230.4,356.5,232.0,373.3,227.5,371.0,228.5,380.9,229.3,379.0,228.0,387.7,227.5,384.5,229.0,393.3,230.2,390.0,231.66666666666666,394.8,238.0,392.0,237.0,394.4,244.7,388.5,242.0,389.6,247.1,382.0,240.5,383.0,248.1,375.3333333333333,248.33333333333334,374.6,247.9,363.0,247.0,360.4,246.0,353.0,242.0,344.8,239.6,357.6666666666667,233.22222222222223,373.2,234.7,362.6666666666667,234.66666666666666,380.7,235.0,375.25,233.75,387.3,234.2,382.2,238.8,392.4,238.3,388.8,236.9,388.1,238.4,384.5,237.25,381.6,239.8,376.5,238.5,374.0,239.7,365.5,238.75
54,304.9,147.8,307.5,144.5,317.8,138.4,318.5,139.0,331.3,134.3,331.5,136.5,344.5,136.5,346.0,138.0,356.8,141.5,361.5,142.0,380.1,140.7,384.5,143.5,388.0,137.3,395.5,141.0,395.6,136.4,403.5,141.0,402.6,139.2,408.5,144.0,406.5,147.6,410.5,149.5,372.5,154.3,372.0,153.5,377.0,166.5,377.6,168.2,381.8,178.7,380.2857142857143,179.85714285714286,386.6,191.7,380.25,189.0,361.5,205.6,357.15384615384613,199.92307692307693,371.1,208.0,369.0,202.41666666666666,380.2,210.5,378.2,205.73333333333332,386.4,208.2,387.25,205.83333333333334,390.3,205.0,391.45454545454544,200.36363636363637,324.8,160.6,319.6666666666667,158.16666666666666,333.2,156.6,329.0,152.4,340.3,156.5,342.5,153.75,346.0,159.9,349.44444444444446,160.55555555555554,340.8,161.3,338.0,165.0,333.6,161.4,324.6,164.2,378.8,160.5,382.14285714285717,162.57142857142858,387.4,157.2,388.0,156.25,394.0,157.6,398.4,156.0,398.2,161.6,402.42857142857144,162.14285714285714,394.1,162.3,397.0,167.66666666666666,387.9,161.6,387.3333333333333,166.0,337.2,238.2,344.14285714285717,236.0,356.6,228.4,354.75,231.0,370.8,225.6,369.0,227.5,378.5,227.3,376.0,226.0,385.4,225.6,382.5,227.5,391.0,228.4,387.3333333333333,230.66666666666666,392.5,236.5,389.6,236.2,391.9,243.4,386.0,241.0,387.1,246.0,379.5,240.0,380.3,247.0,373.0,247.66666666666666,371.7,246.7,361.0,246.0,357.4,244.6,350.0,241.0,342.1,237.9,355.6666666666667,232.0,370.6,232.7,360.6666666666667,233.66666666666666,378.3,233.1,372.75,232.75,385.0,232.3,379.8,237.8,390.0,236.7,386.4,236.1,385.7,237.1,381.75,236.25,379.0,238.6,374.0,237.5,371.2,238.5,363.25,237.75
55,303.3,145.4,306.0,142.5,316.4,136.2,317.5,137.5,329.9,132.3,330.0,135.0,343.1,134.5,344.5,136.0,355.4,139.4,359.5,140.5,378.4,138.7,382.5,142.0,386.3,135.6,394.0,139.5,393.9,134.9,402.0,139.5,400.9,137.9,407.0,143.0,404.8,146.4,408.5,148.5,370.7,152.3,370.6666666666667,151.66666666666666,375.2,164.4,375.8,166.2,380.0,176.6,378.57142857142856,177.14285714285714,384.7,189.5,378.25,187.0,359.6,203.4,354.6923076923077,197.3846153846154,369.1,205.9,366.75,199.83333333333334,378.2,208.4,376.0,203.4,384.3,206.2,385.4166666666667,203.66666666666666,388.3,203.2,389.6363636363636,198.45454545454547,323.1,158.4,318.0,156.0,331.5,154.6,327.8,150.6,338.6,154.5,341.0,151.75,344.3,157.9,347.6666666666667,158.33333333333334,339.1,159.2,336.5,162.5,332.0,159.2,323.0,161.6,376.9,158.9,380.42857142857144,160.71428571428572,385.6,155.6,386.25,154.5,392.2,156.1,397.0,154.6,396.4,160.1,400.7142857142857,160.71428571428572,392.3,160.7,395.1666666666667,165.66666666666666,386.1,160.0,385.3333333333333,164.0,334.8,235.9,340.14285714285717,233.28571428571428,354.3,226.2,351.0,228.5,368.5,223.4,365.5,225.5,376.2,225.3,374.0,224.0,383.2,223.6,379.5,226.0,388.8,226.6,385.3333333333333,228.66666666666666,390.3,234.8,387.6,234.6,389.5,241.9,384.0,239.0,384.6,244.4,377.0,238.0,377.7,245.4,370.0,246.0,369.1,245.0,357.5,244.0,354.9,242.7,347.0,239.0,339.7,235.6,351.8888888888889,229.44444444444446,368.3,230.5,357.3333333333333,231.66666666666666,376.0,230.9,369.75,230.75,382.7,230.2,377.4,236.0,387.8,235.0,384.3,234.5,383.2,235.6,379.5,234.5,376.5,237.0,371.0,235.5,368.7,236.8,360.0,235.75
56,301.7,143.4,304.0,140.5,314.6,134.1,315.5,135.5,328.1,130.3,328.0,133.0,341.4,132.5,342.5,134.5,353.7,137.6,357.5,138.5,376.8,137.3,380.5,140.0,384.7,134.3,392.0,137.5,392.2,133.7,400.0,137.5,399.2,136.7,405.0,140.5,403.0,145.2,406.5,146.5,369.1,150.5,368.6666666666667,149.83333333333334,373.6,162.5,373.8,164.2,378.4,174.7,376.7142857142857,175.85714285714286,383.2,187.5,376.25,185.25,357.9,201.3,352.61538461538464,195.6153846153846,367.5,203.8,364.5833333333333,198.25,376.6,206.4,374.0,201.86666666666667,382.7,204.2,383.4166666666667,202.16666666666666,386.7,201.3,387.72727272727275,196.54545454545453,321.4,156.2,316.0,154.0,329.8,152.3,325.8,148.6,337.0,152.3,339.0,149.75,342.7,155.9,345.6666666666667,156.55555555555554,337.4,157.0,334.5,161.0,330.3,157.0,320.8,159.8,375.3,157.3,378.42857142857144,158.71428571428572,384.0,154.0,384.25,152.5,390.5,154.6,395.0,152.4,394.7,158.7,398.85714285714283,158.71428571428572,390.6,159.2,393.5,163.66666666666666,384.5,158.4,383.3333333333333,162.0,333.3,233.7,337.14285714285717,231.14285714285714,352.7,224.2,348.5,226.5,366.9,221.5,363.0,223.5,374.5,223.4,371.0,223.0,381.4,221.8,377.5,224.0,387.0,224.8,383.0,226.66666666666666,388.5,233.0,385.6,232.4,387.8,239.8,381.75,237.75,382.9,242.2,374.5,236.5,376.1,243.1,367.3333333333333,244.33333333333334,367.6,242.7,355.0,242.25,353.4,240.4,344.0,237.0,338.1,233.4,349.44444444444446,227.44444444444446,366.7,228.4,354.6666666666667,229.66666666666666,374.3,228.9,367.5,228.75,381.0,228.3,375.0,234.0,386.0,233.2,382.3,232.4,381.5,233.6,377.25,232.5,374.8,234.9,368.5,233.5,367.1,234.6,357.25,233.75
57,300.6,141.8,303.0,138.5,313.3,132.5,314.5,133.5,326.7,128.6,327.5,131.0,340.0,130.9,342.0,133.0,352.2,136.0,357.0,137.0,375.8,135.7,380.5,139.0,383.6,132.7,391.0,136.5,391.0,132.1,399.0,136.0,397.9,135.0,404.0,139.0,401.7,143.4,405.5,145.0,368.1,149.0,367.8333333333333,148.5,372.6,160.9,373.4,162.2,377.4,172.8,376.14285714285717,173.85714285714286,382.1,185.5,376.0,183.0,357.0,199.5,352.15384615384613,193.6153846153846,366.5,201.9,364.4166666666667,196.25,375.6,204.5,373.6666666666667,199.73333333333332,381.7,202.3,382.9166666666667,200.0,385.6,199.4,387.3636363636364,194.63636363636363,320.8,154.4,315.0,152.33333333333334,329.1,150.7,325.0,147.0,336.2,150.7,338.25,148.25,341.8,154.3,344.8888888888889,154.77777777777777,336.7,155.3,333.75,159.0,329.6,155.3,320.0,158.2,374.2,155.8,377.85714285714283,157.0,382.8,152.6,383.75,151.25,389.3,153.1,394.2,151.0,393.5,157.2,397.85714285714283,157.0,389.4,157.7,392.5,161.66666666666666,383.3,156.9,382.6666666666667,160.33333333333334,332.2,231.4,337.14285714285717,229.85714285714286,351.7,222.1,348.5,225.0,365.9,219.5,363.0,221.5,373.6,221.4,371.0,221.0,380.4,220.0,377.5,222.0,386.0,222.9,383.0,225.0,387.4,231.0,385.2,230.8,386.7,237.7,381.75,236.0,381.9,240.0,374.5,234.5,375.2,240.9,367.3333333333333,242.66666666666666,366.7,240.4,355.0,240.75,352.4,238.1,344.0,235.0,337.0,231.2,349.3333333333333,226.22222222222223,365.8,226.4,354.3333333333333,227.66666666666666,373.4,226.9,367.5,227.25,380.0,226.4,374.8,232.6,385.0,231.1,382.1,230.9,380.5,231.5,377.0,230.75,373.9,232.8,368.5,231.5,366.2,232.5,357.25,232.0
58,299.7,141.0,302.5,137.5,312.4,131.5,313.5,132.0,326.0,127.5,327.0,130.0,339.4,129.8,341.5,131.0,351.8,135.0,356.5,135.5,375.2,134.8,379.5,138.0,383.0,131.7,390.5,135.5,390.5,131.1,398.5,135.5,397.5,134.2,403.5,139.0,401.4,142.8,404.5,145.0,367.7,148.2,367.1666666666667,147.33333333333334,372.3,160.0,372.8,161.6,377.2,171.9,375.7142857142857,173.14285714285714,381.9,184.6,375.25,182.75,356.6,198.7,351.53846153846155,193.0,366.2,201.2,363.75,195.66666666666666,375.3,203.7,373.0,199.06666666666666,381.4,201.6,382.4166666666667,199.5,385.4,198.7,386.54545454545456,194.45454545454547,320.3,153.6,314.5,151.33333333333334,328.6,149.9,324.6,146.0,335.7,149.9,337.5,147.25,341.3,153.5,344.44444444444446,153.88888888888889,336.2,154.6,333.25,158.0,329.1,154.5,319.2,157.2,373.7,155.0,376.85714285714283,157.0,382.3,151.8,382.75,151.0,388.8,152.3,393.4,151.0,393.0,156.5,397.0,157.42857142857142,388.9,157.0,391.5,161.66666666666666,382.8,156.2,382.0,160.33333333333334,331.2,230.7,336.14285714285717,228.28571428571428,351.1,221.5,347.5,224.0,365.6,218.9,362.5,220.5,373.3,220.9,371.0,220.0,380.2,219.4,376.5,221.5,385.7,222.3,382.3333333333333,224.33333333333334,387.1,230.3,384.6,229.8,386.6,236.7,380.75,234.75,381.9,238.8,374.0,233.0,375.2,239.5,366.3333333333333,241.0,366.6,239.1,354.0,239.0,351.9,237.0,343.0,234.0,336.0,230.5,348.55555555555554,224.88888888888889,365.4,225.9,354.0,226.66666666666666,373.1,226.4,366.75,226.5,379.8,225.8,374.2,231.8,384.8,230.4,381.3,229.8,380.4,230.2,376.5,229.75,373.8,231.4,367.5,230.5,366.0,231.2,356.75,230.75
59,299.5,141.6,301.5,138.5,312.2,132.0,312.5,132.5,325.9,127.8,325.5,130.0,339.6,130.2,340.5,132.0,352.0,135.8,355.5,136.0,375.0,135.7,379.5,138.0,382.9,132.4,391.0,135.5,390.5,131.8,399.0,135.5,397.4,135.0,404.0,139.0,401.0,143.7,405.5,144.5,367.7,149.4,366.8333333333333,148.16666666666666,372.3,161.0,372.4,162.6,377.2,172.6,375.2857142857143,174.0,382.0,185.0,375.25,183.5,356.4,199.5,351.84615384615387,194.30769230769232,366.0,202.0,364.0,196.66666666666666,375.1,204.5,373.06666666666666,200.0,381.3,202.4,382.3333333333333,200.5,385.3,199.4,386.45454545454544,195.1818181818182,319.9,154.6,314.0,152.33333333333334,328.3,151.0,323.8,146.8,335.3,151.0,337.25,148.0,340.8,154.5,344.0,155.22222222222223,335.8,155.6,332.5,159.5,328.8,155.5,318.8,158.2,373.5,156.1,377.14285714285717,157.71428571428572,382.1,153.1,383.25,151.5,388.6,153.6,394.0,151.0,392.7,157.7,397.7142857142857,157.71428571428572,388.6,158.1,392.3333333333333,162.66666666666666,382.5,157.3,382.3333333333333,161.33333333333334,331.2,231.3,337.7142857142857,229.71428571428572,351.4,222.2,348.5,225.25,365.8,219.7,363.0,222.0,373.5,221.7,371.0,221.0,380.4,220.1,377.5,222.5,385.9,223.0,383.0,225.33333333333334,387.1,231.0,385.0,230.6,386.6,237.2,381.25,235.0,382.0,239.3,374.5,233.5,375.3,240.1,367.3333333333333,241.33333333333334,366.9,239.7,355.0,239.25,352.2,237.6,345.0,234.0,336.1,231.2,349.55555555555554,225.88888888888889,365.7,226.8,355.0,228.0,373.3,227.4,367.75,227.5,379.9,226.8,374.8,232.6,384.7,231.1,381.9,230.8,380.6,230.8,376.75,230.25,374.0,232.0,368.5,231.0,366.3,231.8,357.5,231.25
60,300.7,143.1,303.0,140.0,313.3,133.6,314.5,134.5,327.1,129.4,327.0,132.0,340.7,131.9,341.5,134.0,353.2,137.6,356.5,138.0,375.8,137.7,380.5,140.0,383.7,134.3,391.5,137.5,391.3,133.7,399.5,137.5,398.1,136.8,404.5,140.5,401.5,145.4,405.5,146.5,368.6,151.3,367.8333333333333,150.16666666666666,373.2,162.9,373.2,165.2,378.1,174.6,375.7142857142857,176.85714285714286,382.8,187.0,375.5,186.25,357.0,201.6,352.3076923076923,196.69230769230768,366.5,204.1,364.4166666666667,199.33333333333334,375.7,206.7,373.6666666666667,202.8,381.8,204.5,382.5833333333333,203.08333333333334,385.8,201.6,386.54545454545456,197.54545454545453,321.1,156.2,315.3333333333333,154.33333333333334,329.4,152.7,325.0,148.8,336.4,152.7,338.25,150.0,341.9,156.2,345.1111111111111,157.55555555555554,336.8,157.4,333.5,162.0,329.9,157.3,320.0,160.4,374.1,157.9,377.42857142857144,160.0,382.8,155.0,383.5,153.25,389.3,155.5,394.2,153.0,393.3,159.6,397.7142857142857,159.71428571428572,389.2,160.0,392.5,164.83333333333334,383.1,159.2,382.3333333333333,163.33333333333334,331.8,233.2,338.2857142857143,231.14285714285714,352.1,224.5,349.0,227.0,366.4,222.2,363.5,224.0,374.0,224.2,371.0,223.0,380.8,222.6,377.5,224.0,386.3,225.3,383.0,227.0,387.5,233.0,384.8,232.2,387.0,239.2,381.0,236.25,382.5,241.4,374.0,234.5,375.8,242.2,367.3333333333333,242.33333333333334,367.5,241.7,355.75,240.0,352.8,239.7,345.0,235.0,336.7,233.0,349.8888888888889,227.33333333333334,366.2,229.3,355.3333333333333,229.66666666666666,373.8,229.8,367.75,228.75,380.4,229.2,374.8,233.6,385.1,233.1,381.6,231.9,381.1,232.8,376.75,231.5,374.6,234.1,368.5,232.0,366.9,233.9,358.0,232.75
61,302.7,145.7,304.5,142.0,315.1,136.3,315.5,136.5,328.7,132.0,328.5,135.0,342.3,134.6,343.0,136.0,354.6,140.4,358.0,141.0,377.6,140.4,381.5,143.5,385.5,137.2,392.0,141.0,392.9,136.6,400.0,141.0,399.4,139.9,405.0,144.0,402.3,148.6,406.5,150.0,370.1,154.3,368.5,153.16666666666666,374.5,165.9,373.6,168.0,379.3,177.5,376.42857142857144,179.28571428571428,383.9,189.9,376.0,189.0,358.0,204.3,353.0,198.92307692307693,367.4,206.8,364.9166666666667,201.66666666666666,376.4,209.5,374.0,205.33333333333334,382.6,207.3,382.9166666666667,205.5,386.5,204.3,386.8181818181818,200.1818181818182,322.6,158.8,316.3333333333333,156.33333333333334,330.9,155.3,326.0,150.8,337.8,155.4,339.5,152.5,343.2,158.9,345.77777777777777,159.55555555555554,338.2,160.1,334.5,164.0,331.2,160.0,321.0,162.4,375.3,160.6,377.85714285714283,162.71428571428572,384.0,157.7,383.75,156.25,390.4,158.3,394.4,156.4,394.2,162.4,397.85714285714283,162.85714285714286,390.2,162.8,392.5,167.66666666666666,384.3,162.0,382.6666666666667,166.33333333333334,332.9,235.7,338.7142857142857,233.14285714285714,353.2,227.1,349.5,229.0,367.5,224.8,364.0,226.0,374.9,226.8,372.0,225.0,381.5,225.2,377.5,227.0,386.8,227.9,383.0,229.0,387.6,235.5,384.8,234.4,387.3,241.8,381.0,238.5,382.9,244.0,374.5,237.0,376.5,244.8,367.3333333333333,244.33333333333334,368.3,244.4,356.0,242.75,353.8,242.3,345.0,237.0,337.7,235.5,350.44444444444446,229.66666666666666,367.2,232.0,355.6666666666667,231.66666666666666,374.6,232.5,367.75,231.0,380.9,231.9,374.8,236.2,385.4,235.6,381.6,234.1,381.6,235.4,376.75,234.0,375.3,236.7,368.5,234.5,367.9,236.5,358.25,234.75
62,304.8,148.1,305.5,145.0,317.2,138.9,316.5,139.5,330.7,134.7,329.5,138.0,344.1,137.5,344.0,139.0,356.1,143.4,359.0,144.0,379.2,143.6,382.5,146.5,387.1,140.4,394.0,144.0,394.5,139.7,402.0,144.0,400.9,143.0,406.5,147.0,403.6,151.8,407.5,153.0,371.5,157.5,370.0,156.16666666666666,375.8,169.0,374.8,171.2,380.4,180.6,377.57142857142856,182.85714285714286,385.0,193.0,377.0,192.75,359.0,207.3,353.7692307692308,202.30769230769232,368.2,209.9,365.75,205.33333333333334,377.2,212.6,374.8666666666667,209.13333333333333,383.3,210.5,383.8333333333333,209.08333333333334,387.3,207.4,387.90909090909093,203.54545454545453,324.1,161.5,317.3333333333333,159.16666666666666,332.4,158.0,327.0,153.8,339.3,158.1,340.5,155.5,344.5,161.7,347.1111111111111,162.55555555555554,339.6,162.9,335.5,167.0,332.7,162.8,322.0,165.2,376.7,163.6,379.2857142857143,165.57142857142858,385.4,160.7,385.25,159.25,391.7,161.3,396.2,159.2,395.4,165.5,399.57142857142856,165.28571428571428,391.5,165.9,394.0,170.66666666666666,385.6,165.1,384.3333333333333,169.0,334.0,238.5,339.2857142857143,236.14285714285714,354.3,230.1,350.0,232.5,368.4,227.9,364.0,230.0,375.7,230.0,372.0,229.0,382.2,228.4,377.5,230.5,387.4,231.0,383.0,233.0,388.0,238.7,385.4,237.6,387.7,244.9,381.75,242.0,383.3,247.1,375.0,241.0,377.0,248.0,368.3333333333333,248.33333333333334,369.0,247.5,356.0,246.25,354.7,245.3,346.0,241.0,338.8,238.3,350.8888888888889,233.11111111111111,368.0,235.1,356.0,235.0,375.3,235.7,368.5,235.0,381.6,235.1,375.4,239.6,385.8,238.7,382.3,237.9,382.2,238.6,377.25,237.5,375.9,239.9,369.5,238.5,368.6,239.7,358.5,238.5
63,305.5,151.0,306.5,148.0,318.0,141.6,318.5,142.5,331.8,137.4,331.0,141.0,345.3,140.3,345.5,142.0,357.3,146.4,360.5,147.0,379.8,146.6,383.5,149.0,388.0,143.2,395.0,147.0,395.6,142.5,403.0,146.5,402.0,146.0,408.0,150.0,404.3,155.1,409.0,155.5,372.3,160.3,371.1666666666667,159.16666666666666,376.5,171.8,375.8,174.0,381.0,183.5,378.42857142857144,185.85714285714286,385.5,195.9,378.0,195.25,359.3,210.0,354.61538461538464,204.92307692307693,368.6,212.7,366.4166666666667,208.0,377.5,215.4,375.6666666666667,211.53333333333333,383.6,213.3,384.5833333333333,211.75,387.6,210.2,388.54545454545456,206.36363636363637,324.8,164.0,318.5,162.16666666666666,333.0,160.5,328.0,156.6,339.9,160.6,341.5,158.25,345.1,164.3,348.1111111111111,165.55555555555554,340.2,165.5,336.5,169.5,333.3,165.3,323.0,168.2,377.4,166.0,380.2857142857143,168.28571428571428,386.2,163.2,386.5,162.0,392.5,163.8,397.4,161.6,396.1,167.9,400.7142857142857,168.14285714285714,392.2,168.4,395.1666666666667,173.66666666666666,386.3,167.5,385.3333333333333,172.0,334.4,241.2,340.0,238.85714285714286,354.8,232.9,350.5,235.25,368.8,230.7,365.0,232.5,376.0,232.8,373.0,232.0,382.5,231.2,378.5,233.0,387.6,233.8,384.0,235.66666666666666,388.1,241.3,386.0,240.4,387.8,247.6,382.0,244.75,383.5,249.8,375.5,243.5,377.2,250.7,368.3333333333333,251.33333333333334,369.2,250.2,357.0,249.0,355.1,248.1,346.0,244.0,339.2,241.0,351.44444444444446,235.66666666666666,368.4,238.0,356.6666666666667,238.0,375.6,238.6,369.0,237.5,381.8,237.9,375.8,242.4,385.9,241.4,382.8,240.4,382.4,241.4,377.75,240.25,376.1,242.7,370.0,241.0,368.9,242.4,359.25,240.75
64,305.9,152.0,308.5,150.0,319.3,143.9,320.5,144.5,332.8,140.6,334.0,142.5,346.0,143.4,349.0,144.0,358.0,149.0,364.5,148.5,382.3,149.0,388.0,151.0,390.1,145.9,398.5,148.5,397.6,144.9,405.5,148.5,404.2,147.3,409.5,152.0,407.9,154.8,409.5,157.5,373.6,163.3,375.5,161.5,377.2,174.8,382.0,177.4,381.3,186.5,385.42857142857144,189.42857142857142,385.3,198.8,386.25,199.75,360.1,212.8,360.9230769230769,209.30769230769232,368.7,215.5,373.75,212.66666666666666,377.2,218.1,383.2,216.2,383.3,216.1,391.8333333333333,215.83333333333334,387.5,213.0,395.09090909090907,209.54545454545453,324.0,167.1,321.0,165.0,332.9,163.2,331.0,159.4,340.4,163.3,345.25,160.5,345.7,167.4,351.77777777777777,167.77777777777777,340.4,169.0,340.5,172.5,332.9,168.8,326.2,171.2,379.4,168.7,383.7142857142857,170.28571428571428,388.4,165.4,389.75,164.0,394.9,166.0,400.0,164.0,398.6,170.3,402.57142857142856,169.85714285714286,394.7,171.2,397.6666666666667,174.83333333333334,388.5,170.5,388.3333333333333,173.33333333333334,334.4,244.4,341.7142857142857,241.85714285714286,355.0,235.6,354.25,238.5,369.3,233.0,370.5,236.5,376.1,234.9,379.0,235.0,382.1,233.2,384.5,236.5,387.1,236.0,390.0,238.0,387.8,243.9,390.8,242.4,387.3,251.0,387.25,247.75,383.1,253.6,381.5,247.5,377.1,254.6,374.3333333333333,255.33333333333334,369.6,254.3,361.5,253.0,355.3,252.1,349.0,247.0,339.2,244.1,355.1111111111111,239.22222222222223,368.8,240.7,360.6666666666667,241.33333333333334,375.6,241.0,374.75,241.0,381.4,240.3,381.6,245.8,385.4,244.0,388.0,242.9,382.1,244.7,383.5,243.5,376.3,246.0,375.5,245.0,369.5,245.9,363.75,245.0
65,301.4,152.5,308.5,150.0,315.5,143.1,320.5,144.5,330.9,139.4,334.0,142.5,346.3,142.1,349.0,144.0,359.7,148.6,364.5,148.5,380.6,149.0,388.0,151.0,389.3,144.9,398.5,148.5,397.8,143.7,405.5,148.5,405.4,146.2,409.5,152.0,409.0,154.8,409.5,157.5,373.5,163.7,375.5,161.5,377.6,175.8,382.0,177.4,382.1,187.8,385.42857142857144,189.42857142857142,386.6,200.5,386.25,199.75,360.6,214.1,360.9230769230769,209.30769230769232,369.7,216.5,373.75,212.66666666666666,378.3,219.0,383.2,216.2,384.6,216.9,391.8333333333333,215.83333333333334,389.2,214.0,395.09090909090907,209.54545454545453,321.5,166.4,321.0,165.0,330.9,161.9,331.0,159.4,339.3,162.1,345.25,160.5,345.4,167.7,351.77777777777777,167.77777777777777,339.2,169.2,340.5,172.5,330.7,168.9,326.2,171.2,379.3,168.7,383.7142857142857,170.28571428571428,387.9,163.8,389.75,164.0,395.0,164.3,400.0,164.0,399.2,169.2,402.57142857142856,169.85714285714286,395.1,170.8,397.6666666666667,174.83333333333334,388.3,170.4,388.3333333333333,173.33333333333334,334.7,244.0,341.7142857142857,241.85714285714286,354.9,235.9,354.25,238.5,369.6,233.0,370.5,236.5,376.8,235.1,379.0,235.0,383.1,233.2,384.5,236.5,388.4,236.1,390.0,238.0,389.3,243.2,390.8,242.4,387.8,252.1,387.25,247.75,383.3,255.9,381.5,247.5,376.8,257.0,374.3333333333333,255.33333333333334,368.9,256.5,361.5,253.0,354.3,253.3,349.0,247.0,339.5,243.8,355.1111111111111,239.22222222222223,368.9,240.8,360.6666666666667,241.33333333333334,376.1,241.3,374.75,241.0,382.3,240.4,381.6,245.8,386.6,243.5,388.0,242.9,382.5,246.0,383.5,243.5,376.2,247.4,375.5,245.0,368.9,247.2,363.75,245.0
66,312.8,174.2,316.0,170.5,326.7,165.3,329.0,166.0,341.5,161.9,343.5,164.0,355.8,165.3,359.5,166.0,368.2,171.9,376.0,171.0,389.2,171.7,402.0,171.5,399.5,167.2,413.0,168.0,408.4,165.7,420.5,166.0,416.0,168.2,424.0,168.5,419.3,176.5,423.5,173.5,380.8,185.3,388.0,184.0,383.3,198.8,394.0,202.6,386.1,212.4,397.14285714285717,217.0,388.7,226.6,397.25,229.5,362.3,236.4,369.38461538461536,237.0,371.7,239.9,382.8333333333333,242.0,380.7,243.3,392.8,245.93333333333334,387.5,240.7,401.3333333333333,243.33333333333334,392.5,237.1,404.90909090909093,235.9090909090909,333.1,186.8,328.1666666666667,186.83333333333334,341.9,183.5,338.8,181.6,348.9,183.6,353.5,182.25,353.7,187.4,361.55555555555554,190.22222222222223,348.6,188.7,349.5,195.0,341.6,188.4,333.8,193.6,388.3,188.5,395.0,190.71428571428572,397.9,185.7,401.75,183.25,404.5,186.1,412.6,182.0,408.4,190.0,414.85714285714283,187.28571428571428,403.8,190.7,408.8333333333333,194.33333333333334,397.6,190.1,399.0,193.66666666666666,336.1,263.1,343.7142857142857,266.57142857142856,356.4,257.3,358.0,264.5,370.0,256.5,375.5,264.0,378.7,258.7,386.0,263.0,387.2,256.6,391.0,263.0,393.6,257.8,395.6666666666667,263.3333333333333,395.5,263.3,395.6,265.6,393.0,270.9,392.0,272.25,387.6,274.8,386.5,273.0,379.2,276.5,379.0,281.6666666666667,369.7,275.7,365.25,279.5,355.9,272.6,353.0,273.0,341.0,263.2,358.8888888888889,265.3333333333333,369.4,263.4,364.6666666666667,267.0,378.1,264.2,380.0,267.75,386.5,262.8,387.0,271.6,392.8,263.7,392.9,267.0,386.9,266.3,388.75,268.75,378.4,268.4,381.0,271.0,369.6,267.8,368.25,271.5
67,310.2,174.4,310.5,171.0,324.4,165.7,322.5,166.5,339.2,162.5,337.0,165.0,353.2,165.7,352.0,167.0,365.3,172.1,367.5,172.0,385.3,172.1,391.5,174.5,395.3,168.1,403.0,171.5,404.0,167.1,412.0,171.0,411.6,169.6,417.0,173.0,414.6,177.6,417.5,178.5,377.7,184.7,377.8333333333333,183.83333333333334,380.5,198.0,382.4,198.8,383.4,211.6,384.42857142857144,211.85714285714286,386.3,225.8,383.25,222.5,359.5,235.7,357.9230769230769,230.23076923076923,369.2,239.2,370.25,234.58333333333334,378.2,242.7,379.73333333333335,238.73333333333332,385.1,240.1,389.25,237.75,389.9,236.5,393.8181818181818,231.54545454545453,330.8,186.4,321.5,184.66666666666666,339.2,183.1,331.8,179.8,346.0,183.3,346.25,181.25,350.8,186.9,353.44444444444446,188.44444444444446,345.7,188.0,341.25,192.0,339.0,187.7,326.4,190.6,384.2,188.2,386.57142857142856,190.85714285714286,393.5,185.6,393.25,184.5,400.0,186.1,405.2,184.2,403.9,189.9,408.42857142857144,189.85714285714286,399.3,190.4,402.0,195.66666666666666,393.3,189.6,391.3333333333333,194.0,331.8,261.2,333.85714285714283,259.57142857142856,352.1,255.9,347.5,258.0,366.2,255.6,364.5,258.0,375.1,257.8,374.0,257.0,384.0,255.8,381.0,258.0,390.6,256.6,386.6666666666667,259.0,392.8,261.6,389.6,261.8,389.4,270.3,383.75,268.25,383.4,274.6,376.0,267.5,374.7,276.3,368.3333333333333,276.3333333333333,365.0,275.5,354.5,273.5,351.0,271.8,342.0,267.0,336.5,261.5,348.55555555555554,258.55555555555554,365.7,262.1,354.3333333333333,261.0,374.6,263.1,369.25,262.25,383.1,261.6,378.0,266.6,390.0,262.3,385.7,262.8,383.0,266.0,380.0,264.0,374.3,268.2,370.0,265.5,365.3,267.6,357.25,265.25
68,309.3,174.2,309.5,170.0,323.6,165.7,321.5,165.5,338.3,162.5,336.0,164.0,352.2,165.7,351.0,166.0,364.2,171.9,366.5,171.5,384.1,171.9,391.0,174.0,394.3,168.0,402.5,171.5,403.1,167.0,411.0,171.0,410.7,169.7,416.0,173.5,413.8,177.8,417.5,179.0,376.5,184.6,376.8333333333333,183.0,379.2,198.1,381.4,198.4,382.1,211.8,383.42857142857144,211.0,384.9,226.1,382.5,221.25,358.2,235.8,357.0769230769231,229.15384615384616,367.9,239.4,369.75,233.5,377.0,242.9,378.93333333333334,237.6,384.0,240.3,388.5,236.91666666666666,388.8,236.8,392.90909090909093,230.54545454545453,329.7,186.4,320.8333333333333,184.0,338.1,183.1,331.4,179.2,344.9,183.3,345.25,180.5,349.6,186.9,352.44444444444446,187.66666666666666,344.6,188.0,340.5,191.75,337.8,187.6,326.0,189.8,383.2,188.2,385.7142857142857,190.85714285714286,392.6,185.6,392.75,184.5,399.2,186.1,404.2,184.6,403.0,190.0,407.7142857142857,190.71428571428572,398.4,190.4,401.0,195.66666666666666,392.4,189.6,390.3333333333333,194.0,330.7,261.5,333.85714285714283,259.7142857142857,350.7,256.0,347.25,257.75,364.6,255.6,364.5,257.0,373.8,257.9,374.0,257.0,382.9,255.9,380.0,258.0,389.5,256.8,386.3333333333333,258.6666666666667,391.7,262.0,388.6,261.4,388.3,270.4,383.5,268.25,382.3,274.6,376.0,268.0,373.3,276.4,367.6666666666667,276.6666666666667,363.4,275.4,354.25,273.75,349.5,271.7,342.0,267.0,335.3,261.8,348.3333333333333,258.44444444444446,364.1,262.1,353.6666666666667,261.0,373.3,263.1,368.5,261.75,382.1,261.7,377.0,266.4,388.9,262.6,384.8,262.8,382.0,266.2,379.0,264.0,373.0,268.5,369.5,265.5,363.7,267.8,357.25,265.25
69,308.1,174.4,308.5,170.0,322.5,165.8,320.5,165.5,337.3,162.6,334.0,164.0,351.2,165.7,349.5,166.0,363.3,171.9,365.0,171.0,383.3,171.8,390.0,173.5,393.6,168.0,402.0,171.0,402.4,167.2,410.5,170.0,410.0,170.0,416.0,173.0,413.0,178.2,417.5,178.5,375.6,184.5,375.8333333333333,182.83333333333334,378.2,198.1,380.4,198.0,381.0,211.8,382.42857142857144,210.57142857142858,383.7,226.2,381.25,221.0,357.0,235.9,356.15384615384613,228.76923076923077,366.8,239.4,368.5,233.0,375.9,243.0,377.8666666666667,237.26666666666668,382.9,240.4,387.5833333333333,236.5,387.8,236.9,392.09090909090907,230.45454545454547,328.6,186.4,319.5,184.16666666666666,337.1,183.1,330.2,179.2,343.9,183.2,344.25,180.5,348.6,186.9,351.55555555555554,187.66666666666666,343.5,187.9,339.5,192.0,336.8,187.6,324.4,190.0,382.5,188.3,385.2857142857143,190.85714285714286,391.8,185.7,392.25,184.5,398.4,186.2,404.2,184.6,402.3,190.2,407.7142857142857,190.85714285714286,397.6,190.5,401.0,195.66666666666666,391.6,189.7,390.3333333333333,194.0,329.7,261.8,332.85714285714283,259.57142857142856,349.5,256.0,346.25,257.75,363.3,255.7,363.5,257.5,372.6,258.0,373.0,257.0,381.7,256.1,379.0,258.0,388.4,257.1,385.3333333333333,259.0,390.6,262.6,387.8,261.8,387.1,270.6,382.75,268.25,381.0,274.6,375.0,268.5,371.9,276.3,367.0,276.6666666666667,361.9,275.2,353.25,273.75,348.2,271.6,341.0,267.0,334.3,262.0,347.3333333333333,258.55555555555554,362.8,262.1,352.6666666666667,261.0,372.0,263.2,367.75,262.25,380.9,261.9,376.0,266.8,387.8,263.2,384.1,262.8,380.8,266.2,378.5,264.75,371.7,268.4,368.5,266.0,362.4,267.7,356.0,265.25
70,307.3,173.8,307.5,169.5,321.6,165.2,319.5,165.0,336.3,161.8,333.0,163.5,350.3,164.8,348.5,166.0,362.4,170.8,364.0,170.5,382.7,170.8,389.0,172.5,392.9,167.0,401.0,170.0,401.8,166.2,410.0,169.5,409.6,169.3,415.0,172.5,412.8,177.7,416.5,178.0,374.8,183.4,374.6666666666667,182.33333333333334,377.4,196.9,379.2,197.8,380.2,210.6,380.7142857142857,210.14285714285714,382.8,224.9,379.75,220.5,356.4,234.8,354.84615384615387,228.46153846153845,366.1,238.3,367.0,232.66666666666666,375.2,241.8,376.1333333333333,236.93333333333334,382.3,239.4,386.0833333333333,236.33333333333334,387.2,235.9,390.90909090909093,230.45454545454547,327.7,185.5,318.6666666666667,183.66666666666666,336.3,182.2,329.4,178.8,343.2,182.4,343.25,180.25,348.0,186.0,350.55555555555554,187.33333333333334,342.9,187.0,338.5,191.0,336.1,186.7,324.0,189.8,382.0,187.5,384.57142857142856,190.0,391.3,184.9,391.5,184.0,398.0,185.4,403.2,184.0,402.0,189.4,407.0,190.14285714285714,397.3,189.8,400.1666666666667,195.66666666666666,391.2,189.0,389.3333333333333,193.66666666666666,329.1,261.0,332.57142857142856,258.85714285714283,348.7,255.1,345.25,257.25,362.7,254.7,362.5,257.0,371.9,257.1,371.0,257.0,381.0,255.3,378.0,258.0,387.7,256.4,384.3333333333333,258.6666666666667,390.0,262.0,387.2,261.4,386.5,270.0,381.75,267.75,380.2,273.9,374.0,267.5,371.2,275.4,365.6666666666667,275.6666666666667,361.2,274.3,352.5,272.75,347.5,270.6,340.0,266.0,333.7,261.2,346.3333333333333,257.77777777777777,362.1,261.1,351.6666666666667,260.3333333333333,371.3,262.3,366.5,261.5,380.2,261.0,375.0,266.2,387.2,262.5,383.6,262.6,380.1,265.6,377.75,263.75,370.9,267.6,367.5,265.0,361.7,266.8,355.25,264.5
71,305.4,171.7,306.5,168.0,319.8,162.9,318.5,163.5,334.8,159.6,332.0,162.0,349.0,162.5,347.0,164.0,361.5,168.7,362.5,168.5,381.7,168.8,387.0,171.0,391.8,165.0,399.0,168.0,400.8,164.2,408.5,167.5,408.6,167.2,414.0,170.5,412.0,175.6,416.0,175.5,373.7,181.5,373.0,180.0,376.3,195.0,377.2,195.4,379.1,208.6,378.85714285714283,207.85714285714286,381.7,222.8,377.75,218.25,355.3,232.5,352.9230769230769,225.69230769230768,365.1,236.1,365.1666666666667,229.91666666666666,374.3,239.7,374.1333333333333,234.2,381.4,237.2,384.5,233.58333333333334,386.4,233.8,389.27272727272725,227.54545454545453,326.5,183.5,317.5,181.33333333333334,335.2,180.3,328.0,176.6,342.0,180.5,342.0,178.25,346.9,184.1,349.44444444444446,184.88888888888889,341.8,185.0,336.75,189.0,335.0,184.7,322.4,187.2,381.0,185.9,383.2857142857143,187.85714285714286,390.2,183.3,390.25,181.5,396.9,183.9,402.2,181.6,401.0,187.8,406.42857142857144,187.71428571428572,396.2,188.1,399.3333333333333,192.66666666666666,390.1,187.3,388.3333333333333,191.0,327.7,258.5,330.0,255.71428571428572,347.3,252.7,343.0,254.0,361.4,252.4,359.5,254.0,370.7,254.8,369.0,254.0,380.1,253.0,376.0,255.0,386.9,254.2,382.3333333333333,255.66666666666666,389.3,259.9,385.8,258.4,385.6,268.1,380.0,265.0,379.2,272.1,372.0,264.5,370.0,273.5,363.3333333333333,272.6666666666667,359.9,272.4,349.75,269.75,346.0,268.4,338.0,263.0,332.3,258.8,344.22222222222223,254.66666666666666,360.9,258.5,349.6666666666667,257.0,370.1,259.7,364.25,258.75,379.3,258.5,373.2,263.2,386.4,260.3,381.8,259.7,379.0,263.9,375.75,260.75,369.7,265.9,365.5,262.0,360.3,265.0,352.75,261.25
72,302.4,168.4,304.0,164.0,316.8,159.7,316.0,160.5,331.6,156.5,329.0,159.0,345.6,159.5,344.5,161.0,358.1,165.5,360.0,166.5,378.7,165.6,384.0,169.0,388.8,161.9,396.5,166.5,397.9,161.3,406.0,166.0,406.0,164.1,412.0,168.5,410.1,172.3,414.0,173.5,370.5,178.5,370.3333333333333,177.33333333333334,372.9,191.8,374.2,192.0,375.5,205.3,375.42857142857144,204.14285714285714,377.9,219.3,373.75,214.5,351.9,229.2,349.46153846153845,221.92307692307693,361.8,232.8,361.5833333333333,226.16666666666666,371.1,236.4,370.53333333333336,230.33333333333334,378.4,233.9,381.1666666666667,230.41666666666666,383.6,230.6,386.1818181818182,224.45454545454547,323.2,181.1,315.5,177.66666666666666,332.0,178.3,325.4,173.4,338.6,178.4,339.5,175.25,343.6,181.3,346.55555555555554,181.44444444444446,338.4,182.2,334.5,185.0,331.9,181.9,320.2,183.2,378.7,183.3,381.14285714285717,184.85714285714286,387.9,181.5,388.0,179.5,394.6,182.1,399.8,179.6,398.8,185.6,404.0,184.85714285714286,393.7,185.7,397.0,189.66666666666666,387.7,184.8,386.3333333333333,188.0,324.5,255.6,327.57142857142856,252.42857142857142,343.9,249.6,339.75,250.5,358.0,249.3,356.5,250.0,367.6,251.7,366.0,250.0,377.3,250.1,372.5,251.0,384.4,251.4,379.3333333333333,252.66666666666666,387.4,257.2,382.8,255.8,383.3,265.2,377.0,261.75,376.5,269.0,369.0,260.5,367.0,270.4,360.3333333333333,268.6666666666667,356.6,269.2,346.5,265.75,342.7,265.2,335.0,259.0,329.2,256.0,341.22222222222223,250.88888888888889,357.6,255.4,346.6666666666667,254.0,367.1,256.7,361.25,255.0,376.6,255.6,370.0,260.0,384.3,257.7,378.9,256.5,376.4,261.0,372.75,257.25,366.8,262.8,362.0,258.0,357.1,261.9,349.75,257.25
73,298.7,163.9,300.5,161.5,313.1,155.4,311.5,157.5,327.6,152.4,325.0,156.0,341.3,155.2,340.0,158.0,353.6,161.0,355.0,162.5,375.5,161.5,379.5,165.0,385.7,158.1,392.0,163.0,394.9,157.8,402.0,162.5,403.6,160.9,408.5,165.5,408.5,169.2,411.0,171.0,366.7,174.4,365.8333333333333,173.0,369.1,187.8,369.6,187.2,371.7,201.3,370.85714285714283,198.57142857142858,374.2,215.4,369.0,208.25,348.5,225.3,345.38461538461536,216.6153846153846,358.6,228.9,357.3333333333333,220.16666666666666,368.0,232.5,366.4,224.33333333333334,375.5,230.0,377.3333333333333,224.75,380.9,226.9,382.6363636363636,219.27272727272728,319.3,177.0,312.0,174.0,328.1,174.2,322.0,169.8,334.9,174.5,335.5,171.25,340.0,177.5,342.6666666666667,177.55555555555554,334.6,178.2,330.5,181.0,328.0,177.8,316.4,179.6,376.1,180.0,377.42857142857144,181.0,385.2,178.1,384.5,175.5,392.0,178.7,396.4,176.2,396.6,182.4,401.0,181.85714285714286,391.3,182.3,394.1666666666667,186.5,385.1,181.4,383.0,184.33333333333334,320.5,251.5,324.85714285714283,249.14285714285714,340.3,245.6,337.0,246.5,354.8,245.4,353.0,245.5,364.7,247.8,362.0,245.0,374.6,246.4,369.0,247.0,382.1,247.8,376.3333333333333,248.66666666666666,385.7,253.5,380.6,252.4,381.3,261.3,374.75,258.0,374.4,264.8,366.0,257.0,364.6,266.0,357.6666666666667,264.6666666666667,354.0,264.7,343.75,261.75,339.4,260.7,332.0,255.0,325.2,252.1,338.22222222222223,247.22222222222223,354.5,251.4,344.0,250.0,364.2,252.7,358.0,250.75,374.0,251.8,367.2,256.0,382.7,254.0,376.5,252.9,374.1,256.9,369.75,253.25,364.2,258.4,359.0,254.0,354.3,257.4,346.75,253.5
74,294.0,158.4,296.0,157.5,308.4,150.0,307.5,152.5,322.5,147.0,320.5,151.0,336.2,149.7,335.5,153.0,348.8,155.1,350.5,157.5,373.0,155.4,375.5,160.0,383.4,152.7,388.0,158.5,392.7,152.6,398.0,158.5,401.8,156.1,405.0,162.0,407.1,164.7,408.0,167.0,363.0,170.1,362.1666666666667,168.5,365.5,183.4,366.2,182.4,368.3,196.7,367.57142857142856,194.28571428571428,370.9,210.7,366.0,204.0,345.3,221.2,342.38461538461536,212.30769230769232,355.5,224.6,354.4166666666667,215.91666666666666,365.3,228.1,363.8666666666667,220.0,372.8,225.9,375.3333333333333,220.25,378.4,223.1,380.72727272727275,214.8181818181818,314.9,172.6,308.3333333333333,170.33333333333334,324.4,170.2,318.0,165.8,331.3,170.7,332.0,167.25,336.5,173.8,339.1111111111111,173.66666666666666,331.0,173.8,326.75,177.0,324.2,173.2,312.8,176.0,373.7,176.6,374.14285714285717,177.0,383.2,174.6,381.0,171.75,390.1,175.2,393.2,172.6,395.1,178.6,398.0,178.0,389.5,178.3,391.3333333333333,182.66666666666666,383.2,177.5,380.0,180.66666666666666,316.8,247.7,322.14285714285717,245.42857142857142,337.4,241.2,334.25,242.5,352.8,240.7,350.5,241.5,362.9,243.0,360.0,241.0,372.9,241.7,367.5,242.5,380.3,243.6,375.3333333333333,244.33333333333334,384.2,249.7,380.0,248.4,379.6,257.0,374.0,254.75,372.9,260.3,364.5,253.5,363.1,261.2,356.0,261.6666666666667,352.2,260.1,341.75,258.75,336.7,256.6,330.0,252.0,321.4,248.3,335.55555555555554,243.33333333333334,352.4,247.1,341.6666666666667,246.0,362.4,248.4,356.25,246.75,372.3,247.7,365.8,252.2,381.2,250.3,375.7,249.1,372.4,251.9,368.75,249.75,362.4,253.1,357.0,251.0,352.2,252.4,344.25,250.25
75,289.8,153.9,293.5,151.5,304.4,145.4,304.5,146.5,318.9,142.5,317.5,144.5,333.2,145.2,332.5,147.0,346.4,150.8,348.5,152.0,369.9,151.4,374.5,155.0,380.3,149.2,387.0,153.0,389.6,149.5,397.5,153.5,399.1,153.4,404.5,157.0,405.3,162.0,408.0,163.0,360.0,167.2,360.0,163.83333333333334,362.8,179.9,363.8,178.6,365.9,192.5,365.2857142857143,190.42857142857142,368.8,205.8,363.25,200.0,343.2,217.3,339.38461538461536,208.6153846153846,353.5,220.6,351.8333333333333,212.33333333333334,363.3,224.0,361.1333333333333,216.6,370.6,222.1,373.1666666666667,217.08333333333334,376.3,219.9,379.1818181818182,211.63636363636363,311.4,169.2,305.5,166.16666666666666,321.7,167.4,315.8,161.8,328.7,168.1,329.25,163.75,334.2,171.0,336.6666666666667,169.77777777777777,328.4,170.5,324.5,173.0,321.6,169.8,310.0,171.4,370.9,174.8,372.85714285714283,174.0,380.8,173.3,380.0,169.25,387.7,174.1,392.2,169.6,392.9,177.2,397.57142857142856,175.28571428571428,387.1,176.6,390.3333333333333,179.66666666666666,380.7,175.7,378.6666666666667,177.66666666666666,315.5,244.3,319.7142857142857,241.71428571428572,336.1,237.4,332.0,239.25,351.8,236.4,348.5,238.0,361.7,238.9,358.0,238.0,371.4,237.9,365.5,239.0,378.7,240.6,374.3333333333333,241.33333333333334,382.5,247.3,379.4,245.4,377.9,254.3,373.0,251.75,371.3,257.3,363.0,250.0,361.7,257.8,354.0,258.3333333333333,351.0,256.6,339.5,255.25,335.4,253.3,327.0,248.0,320.1,244.9,333.22222222222223,240.0,351.1,243.3,339.0,242.66666666666666,361.0,244.6,354.0,243.75,370.6,244.4,364.6,249.0,379.5,247.7,374.9,246.1,370.7,248.2,367.75,246.5,360.9,248.9,355.5,247.5,351.0,248.1,342.25,246.5
76,287.1,149.8,290.5,149.0,301.8,141.8,301.5,144.0,316.0,139.4,315.0,142.0,329.9,142.2,330.0,144.5,342.8,147.3,346.0,149.5,368.3,147.9,372.0,152.5,378.4,145.9,385.0,151.0,387.6,146.3,395.5,151.0,397.2,149.9,402.5,154.0,404.2,158.1,406.0,160.0,357.3,164.5,357.6666666666667,162.0,360.2,177.1,361.8,176.8,363.4,189.7,363.2857142857143,188.42857142857142,366.5,203.0,361.25,198.5,341.2,214.3,337.6923076923077,207.23076923076923,351.5,217.6,350.1666666666667,210.91666666666666,361.3,221.1,359.46666666666664,215.0,368.7,219.3,371.4166666666667,215.16666666666666,374.4,217.3,377.09090909090907,209.72727272727272,308.1,167.0,302.6666666666667,163.83333333333334,318.6,165.3,312.8,159.4,325.7,166.0,327.0,160.75,331.6,168.6,334.55555555555554,167.55555555555554,325.6,168.1,321.75,171.0,318.5,167.4,307.2,169.4,369.1,172.5,371.14285714285717,171.71428571428572,379.2,171.3,378.0,166.25,386.1,172.2,390.4,167.0,391.7,175.0,395.85714285714283,172.85714285714286,385.6,174.4,388.8333333333333,177.16666666666666,379.1,173.4,377.0,175.0,313.8,242.1,318.57142857142856,240.57142857142858,334.3,234.7,330.25,237.75,350.1,233.4,346.5,236.5,359.9,235.8,357.0,236.0,369.5,235.0,364.0,237.5,376.9,238.1,372.3333333333333,239.33333333333334,380.8,245.2,377.4,243.4,376.2,252.5,371.0,249.75,369.5,255.3,361.0,248.5,359.9,255.7,352.6666666666667,256.6666666666667,349.3,254.5,338.25,253.5,333.6,251.0,326.0,247.0,318.5,242.7,331.8888888888889,238.55555555555554,349.3,240.3,337.6666666666667,241.0,359.1,241.6,352.5,241.75,368.7,241.6,362.6,247.2,377.9,245.6,372.8,244.1,368.7,246.1,365.75,244.5,359.0,246.6,354.0,245.5,349.1,245.8,341.0,245.25
77,285.4,145.0,289.0,145.0,300.1,137.3,299.5,139.5,314.2,135.3,313.0,137.0,327.6,138.5,328.0,140.0,339.5,143.9,344.5,145.0,366.3,144.6,371.0,148.5,376.4,142.5,384.0,147.0,385.6,142.9,395.0,147.0,395.1,146.5,401.5,151.0,402.3,154.7,405.5,156.5,354.7,162.3,356.5,158.33333333333334,357.6,174.6,360.2,173.8,360.9,186.8,361.57142857142856,185.42857142857142,364.0,199.7,359.75,195.5,339.4,212.5,336.0769230769231,204.6153846153846,349.6,215.5,348.4166666666667,208.0,359.2,218.7,357.8666666666667,212.2,366.6,217.0,369.5833333333333,212.41666666666666,372.3,215.2,375.3636363636364,207.0,305.7,164.4,300.6666666666667,160.5,316.1,161.9,310.8,155.8,323.8,162.8,325.0,157.5,329.6,166.4,332.6666666666667,164.55555555555554,323.3,166.1,319.75,168.75,315.8,165.2,305.2,166.6,366.9,170.5,369.57142857142856,169.0,376.7,168.4,376.75,163.25,384.0,169.2,389.2,163.8,389.5,172.7,394.7142857142857,170.28571428571428,383.7,172.4,387.5,174.66666666666666,376.9,171.5,375.6666666666667,172.66666666666666,313.7,241.6,317.0,239.0,333.8,232.9,329.0,235.75,349.0,230.9,345.5,234.5,358.9,233.3,355.0,234.0,368.5,232.4,362.5,235.0,375.9,236.0,370.6666666666667,237.33333333333334,379.7,244.2,376.0,241.4,375.5,251.0,369.5,247.75,368.9,253.6,360.0,247.0,359.3,253.8,351.0,255.33333333333334,348.6,252.8,336.5,252.25,333.3,249.6,324.0,246.0,318.6,242.0,330.1111111111111,236.66666666666666,348.4,238.6,336.0,239.66666666666666,358.2,239.7,350.75,239.75,367.8,239.7,361.0,245.2,376.7,244.4,371.3,242.3,367.9,244.1,364.0,242.75,358.2,244.5,352.0,244.0,348.3,243.8,339.25,243.5
78,281.9,142.7,285.0,142.0,295.7,134.7,295.5,136.5,309.3,132.3,308.5,134.0,322.5,135.2,324.0,136.0,334.5,140.4,340.5,141.5,364.7,141.1,368.5,145.0,374.3,139.2,383.0,143.0,383.1,139.5,393.0,143.0,392.5,142.6,400.5,146.5,399.8,150.2,404.0,152.5,351.9,159.7,353.8333333333333,155.5,354.9,172.0,358.2,171.2,358.2,184.2,359.85714285714283,183.42857142857142,361.4,197.2,358.0,193.5,337.0,210.1,334.15384615384613,202.84615384615384,347.1,212.9,346.8333333333333,206.16666666666666,356.9,216.0,356.73333333333335,210.26666666666668,364.5,214.3,368.8333333333333,210.25,370.3,212.3,374.90909090909093,204.63636363636363,302.4,162.6,297.3333333333333,159.16666666666666,312.7,160.1,307.6,154.0,320.5,160.9,322.0,156.0,326.6,164.2,329.77777777777777,162.66666666666666,320.0,164.0,317.0,167.0,312.4,163.2,302.2,165.2,364.6,168.2,368.0,166.57142857142858,374.2,166.2,375.25,160.75,381.6,166.9,387.6,161.0,387.3,170.3,393.7142857142857,167.57142857142858,381.4,170.0,386.3333333333333,172.0,374.5,169.1,374.0,170.33333333333334,311.4,240.0,315.14285714285717,236.71428571428572,331.3,231.3,327.0,233.75,347.0,229.1,343.5,232.0,356.3,231.3,354.0,231.0,365.4,230.5,361.5,232.5,373.2,234.0,370.3333333333333,234.33333333333334,377.8,242.1,375.8,238.4,373.1,249.5,369.5,246.0,366.0,252.0,359.0,245.0,356.9,252.3,350.3333333333333,254.33333333333334,346.9,251.4,335.25,250.75,331.2,248.3,323.0,244.0,316.2,240.4,328.55555555555554,234.66666666666666,346.5,236.5,334.6666666666667,236.66666666666666,355.8,237.3,349.5,237.5,364.9,237.4,360.8,243.0,374.7,242.5,371.0,239.7,364.9,242.9,363.75,240.75,355.7,243.3,351.5,242.5,346.4,242.8,338.0,242.0
79,275.4,141.1,281.0,139.5,288.9,132.5,291.5,133.0,303.0,129.3,304.0,130.5,316.8,131.8,319.5,132.5,329.7,137.0,336.5,138.0,362.1,137.6,365.5,141.5,371.2,136.1,379.5,139.0,380.0,136.2,390.0,139.0,389.4,138.9,397.5,142.5,397.2,146.0,401.5,148.5,348.6,157.2,349.8333333333333,152.16666666666666,351.6,169.5,354.4,168.4,355.0,181.5,356.14285714285717,180.57142857142858,358.4,194.3,354.5,190.5,333.7,208.3,330.84615384615387,200.84615384615384,343.9,210.9,343.6666666666667,203.83333333333334,354.1,213.6,353.6,207.8,362.1,211.8,365.75,207.66666666666666,368.2,209.6,372.0,201.8181818181818,297.4,161.4,293.5,157.0,308.0,158.7,303.6,151.4,316.2,159.4,318.0,153.0,323.1,162.5,326.0,160.22222222222223,315.8,162.4,313.25,165.0,307.7,161.8,298.2,163.4,361.4,166.2,364.7142857142857,163.71428571428572,371.0,164.3,372.0,157.75,378.7,165.1,385.0,157.8,384.8,168.4,391.0,164.42857142857142,378.6,168.1,383.3333333333333,169.5,371.4,167.2,371.0,167.66666666666666,308.6,239.1,313.7142857142857,238.0,328.3,230.8,325.25,233.5,344.5,228.0,341.5,230.5,353.4,230.1,352.0,230.0,362.2,229.2,359.5,231.0,370.3,232.5,368.3333333333333,233.0,375.8,240.3,373.8,237.6,370.3,247.6,367.75,245.75,362.9,250.2,357.5,245.5,354.1,250.7,348.3333333333333,254.33333333333334,344.5,250.1,333.25,251.5,328.4,247.4,321.0,245.0,313.4,239.5,326.8888888888889,234.77777777777777,344.1,235.3,333.0,237.0,353.0,236.0,347.5,236.5,361.7,235.9,358.6,242.2,372.6,240.8,369.0,238.9,361.7,241.1,361.75,240.75,353.0,241.6,349.5,242.5,344.1,241.4,335.75,242.75
80,270.4,142.9,276.0,139.5,283.4,133.6,285.5,133.0,297.5,129.6,298.5,130.0,311.6,131.7,313.5,131.5,324.6,136.6,331.0,137.0,357.8,136.5,360.5,140.0,367.4,134.8,375.0,137.0,376.6,134.9,386.0,137.0,386.3,137.7,393.5,141.0,394.1,145.0,398.5,147.5,344.4,156.7,344.6666666666667,151.16666666666666,347.3,168.9,349.0,167.2,350.6,180.9,350.42857142857144,179.0,353.9,193.5,348.5,189.0,329.7,208.5,325.46153846153845,200.23076923076923,340.0,210.6,338.3333333333333,202.75,350.4,213.1,348.4,206.46666666666667,358.6,211.0,361.5833333333333,206.58333333333334,365.0,208.6,368.0,200.72727272727272,293.1,162.1,288.8333333333333,157.0,303.5,159.0,298.6,151.0,311.8,159.4,313.25,153.0,318.9,162.5,321.1111111111111,160.11111111111111,311.4,162.6,308.25,165.0,303.1,162.3,293.8,163.4,357.9,165.2,360.7142857142857,163.42857142857142,367.4,163.0,367.75,156.75,375.2,163.6,381.2,156.6,381.5,166.9,387.85714285714283,163.71428571428572,375.2,166.8,380.1666666666667,168.66666666666666,367.8,166.0,367.0,167.0,306.9,240.5,309.85714285714283,238.71428571428572,325.4,231.1,321.0,234.25,341.0,227.8,337.0,230.5,350.3,229.7,348.0,230.0,359.5,228.4,356.0,230.5,368.1,231.8,365.3333333333333,233.0,374.0,240.0,372.0,237.4,368.2,247.1,365.5,245.5,360.5,250.0,354.0,245.0,351.2,250.8,345.3333333333333,254.33333333333334,341.3,250.4,329.75,252.0,325.7,248.1,317.0,246.0,311.8,240.6,322.77777777777777,235.44444444444446,340.9,235.3,329.0,237.0,350.0,235.8,343.75,236.75,359.3,235.5,355.6,242.2,370.7,240.4,367.0,238.7,359.4,240.7,358.75,240.5,350.1,241.6,346.0,242.5,341.0,241.6,332.25,242.75
81,264.9,145.7,271.0,142.0,277.6,136.0,280.5,135.0,291.8,131.6,292.5,131.5,306.1,133.3,308.5,132.5,319.5,138.3,326.0,137.5,352.7,137.6,355.5,139.0,362.9,135.2,370.5,136.0,372.7,134.8,382.5,136.0,383.0,137.2,390.5,139.5,390.8,144.3,395.5,145.5,339.9,156.7,339.8333333333333,151.5,342.6,169.0,344.6,167.4,345.8,181.0,345.85714285714283,179.71428571428572,349.0,193.8,343.5,190.25,325.5,209.2,321.15384615384613,201.3846153846154,335.8,211.1,333.8333333333333,203.91666666666666,346.2,213.3,344.0,207.8,354.7,210.8,357.9166666666667,207.08333333333334,361.3,208.0,364.6363636363636,201.0909090909091,287.9,163.2,284.6666666666667,158.5,298.0,159.9,294.0,152.4,306.4,160.0,308.75,153.5,313.6,163.0,317.22222222222223,160.66666666666666,306.0,163.3,304.25,166.0,297.6,163.2,289.6,164.6,354.0,164.6,357.2857142857143,162.85714285714286,363.4,162.0,364.75,156.25,371.4,162.3,377.6,155.2,378.0,165.6,384.85714285714283,162.14285714285714,371.3,165.6,377.0,167.33333333333334,363.7,165.0,364.0,166.33333333333334,302.9,241.3,305.85714285714283,239.71428571428572,321.1,232.0,317.0,234.75,337.1,228.5,333.0,231.5,346.3,230.1,344.0,230.0,355.7,228.6,353.0,231.5,365.2,231.3,363.0,232.66666666666666,372.5,238.7,370.6,237.0,365.5,247.0,363.75,246.0,356.9,250.5,351.5,246.0,347.3,251.5,342.0,256.3333333333333,337.5,251.4,326.5,253.5,321.5,249.1,313.0,247.0,307.8,241.5,318.77777777777777,236.22222222222223,337.2,235.8,325.0,237.66666666666666,346.3,236.1,340.5,236.75,355.7,235.4,353.2,242.4,368.9,239.5,365.2,238.5,356.0,241.1,356.25,241.5,346.5,242.4,342.5,244.0,337.4,242.6,328.25,244.25
82,262.0,146.7,266.0,144.5,274.1,137.4,275.5,137.5,287.4,132.9,287.5,134.0,300.9,134.3,302.5,134.5,313.4,138.9,320.0,138.5,348.3,137.4,350.0,139.5,359.1,134.9,365.5,136.0,369.2,134.4,377.5,135.0,379.5,136.7,386.5,138.5,387.6,143.2,392.5,144.5,334.9,157.3,333.8333333333333,152.16666666666666,337.3,169.8,338.2,168.8,340.2,182.1,339.2857142857143,181.42857142857142,343.0,195.1,336.75,192.25,319.9,210.5,315.0,203.6153846153846,330.3,212.3,327.4166666666667,206.33333333333334,340.9,214.5,337.6,210.13333333333333,350.0,211.6,352.3333333333333,208.91666666666666,357.2,208.4,359.45454545454544,202.27272727272728,283.6,164.9,280.0,159.83333333333334,293.1,161.6,289.4,153.6,301.1,161.5,303.75,154.25,308.3,163.8,312.55555555555554,161.44444444444446,300.7,164.2,300.0,166.75,292.7,164.3,285.4,165.8,350.9,164.1,352.42857142857144,162.57142857142858,359.9,161.9,360.0,155.25,367.6,162.1,373.6,154.4,374.2,164.9,381.42857142857144,160.71428571428572,367.3,164.7,372.8333333333333,166.33333333333334,360.1,164.2,359.3333333333333,166.0,298.0,243.0,302.0,240.71428571428572,315.8,233.7,312.25,236.25,331.6,230.4,328.0,233.5,341.4,231.6,339.0,232.0,351.8,229.8,348.5,232.5,362.2,231.9,359.3333333333333,233.66666666666666,370.8,239.0,368.6,237.2,362.5,247.1,360.25,246.5,352.7,250.4,347.5,247.0,342.4,251.6,338.0,257.0,331.9,251.6,322.25,254.5,316.1,249.9,309.0,248.0,302.9,243.3,314.1111111111111,237.66666666666666,331.8,237.5,320.3333333333333,239.0,341.5,237.5,335.75,238.5,351.9,236.4,349.4,243.4,367.1,239.9,362.7,239.3,352.0,241.4,353.0,242.5,341.6,243.0,338.0,245.5,331.9,243.4,324.25,245.75
83,257.4,149.3,261.0,148.5,268.9,140.0,269.5,141.5,282.2,135.4,282.0,137.0,296.0,136.7,297.0,137.5,308.6,141.2,314.5,141.5,343.9,140.2,345.0,142.0,355.5,137.3,361.0,138.5,366.3,136.6,374.0,138.0,377.2,138.7,383.5,141.5,385.0,145.2,390.0,147.5,330.2,159.3,329.0,154.33333333333334,332.4,172.3,333.4,171.0,334.9,185.2,334.42857142857144,184.0,337.5,198.8,332.0,195.25,315.2,212.9,311.0769230769231,206.69230769230768,325.3,215.1,323.25,209.25,335.6,217.5,333.53333333333336,213.13333333333333,344.7,214.3,348.4166666666667,211.41666666666666,352.1,210.6,355.3636363636364,204.45454545454547,278.0,166.5,275.3333333333333,163.0,286.8,162.7,284.4,156.6,295.2,162.4,299.0,156.75,302.4,165.2,307.77777777777777,164.11111111111111,294.7,166.1,295.25,169.5,286.5,166.3,280.6,168.8,347.7,165.0,348.7142857142857,164.85714285714286,356.2,162.3,356.25,157.5,364.2,162.4,370.4,156.6,370.9,165.7,378.57142857142856,163.57142857142858,363.9,165.7,369.8333333333333,168.83333333333334,356.5,165.3,356.0,168.0,294.4,245.1,300.85714285714283,244.0,311.5,236.4,310.5,239.25,326.9,233.6,325.5,236.5,335.9,234.8,336.0,235.0,345.6,232.9,346.0,235.5,356.4,234.6,357.3333333333333,236.0,366.0,241.1,366.0,238.8,356.8,250.0,358.25,247.75,346.3,253.2,345.0,249.0,336.5,254.3,336.0,258.6666666666667,326.9,254.2,321.0,256.5,311.5,252.2,308.0,251.0,299.2,245.4,312.77777777777777,240.55555555555554,327.0,240.2,318.6666666666667,242.0,336.0,240.2,333.25,241.0,345.8,239.1,347.2,245.6,362.2,242.0,360.3,240.9,345.9,244.7,350.75,243.5,336.1,246.3,336.0,246.5,327.1,246.5,322.25,247.5
84,252.6,152.2,257.0,150.5,264.2,143.2,265.5,143.5,277.5,138.7,277.5,140.0,291.4,139.9,292.5,140.0,304.1,144.4,310.0,144.0,339.3,143.2,339.5,145.0,351.6,139.9,355.5,141.5,363.2,139.2,368.0,141.5,374.5,141.8,378.0,145.0,382.3,149.0,385.0,151.0,325.7,162.5,324.1666666666667,157.0,328.0,175.7,328.4,173.8,330.5,188.9,329.57142857142856,187.14285714285714,333.2,202.6,327.0,198.75,311.2,216.6,307.15384615384613,210.0,321.2,218.9,318.9166666666667,213.0,331.4,221.2,329.06666666666666,216.66666666666666,340.5,217.7,343.75,215.16666666666666,348.0,213.9,350.45454545454544,207.9090909090909,273.9,168.9,271.1666666666667,164.5,282.5,164.6,280.0,158.4,291.1,164.3,294.5,158.5,298.3,167.9,303.3333333333333,166.11111111111111,290.6,168.8,291.0,171.5,282.2,169.1,276.4,170.8,342.9,167.1,343.7142857142857,166.85714285714286,350.8,163.4,351.5,159.25,359.1,163.5,365.4,159.2,366.1,167.2,373.42857142857144,165.85714285714286,359.1,167.6,365.0,170.83333333333334,351.5,167.4,351.0,170.0,289.9,248.2,297.57142857142856,247.0,307.0,240.1,307.0,243.0,322.5,237.5,321.5,240.5,331.8,238.6,332.0,239.0,341.8,236.5,341.0,239.5,353.1,237.7,352.3333333333333,240.0,363.2,243.2,361.8,242.4,353.7,252.9,354.0,250.25,342.6,256.6,341.0,251.0,332.4,257.9,332.3333333333333,260.6666666666667,322.6,257.7,317.25,259.0,307.0,255.5,305.0,253.0,294.7,248.5,308.8888888888889,243.77777777777777,322.7,243.8,315.0,245.66666666666666,331.9,243.7,329.5,245.0,342.1,242.3,343.0,249.0,359.3,244.3,356.1,244.1,342.1,248.2,346.75,246.5,332.0,250.0,332.0,249.5,322.8,250.1,318.75,250.0
85,248.8,155.9,252.5,154.0,260.2,146.9,261.5,147.5,273.4,142.7,273.0,143.5,287.1,144.1,288.0,144.0,299.5,148.6,305.0,148.0,334.3,147.5,334.5,149.0,346.4,143.6,350.0,146.5,358.2,142.6,363.0,146.5,369.9,144.7,373.0,149.5,378.6,151.5,380.5,155.0,321.1,166.0,319.1666666666667,160.66666666666666,323.3,179.5,323.2,177.6,325.8,193.0,324.14285714285717,191.28571428571428,328.4,206.9,321.75,203.25,306.2,220.8,302.15384615384613,214.0,316.7,223.1,313.8333333333333,217.33333333333334,327.3,225.4,324.1333333333333,221.13333333333333,336.8,221.7,339.0833333333333,219.16666666666666,344.8,217.8,345.90909090909093,211.8181818181818,270.0,171.8,266.6666666666667,167.5,278.7,167.0,275.4,161.6,287.7,166.8,290.25,162.0,295.5,171.1,298.77777777777777,169.11111111111111,287.3,171.9,286.25,174.5,278.5,172.3,272.2,173.8,339.1,170.1,338.7142857142857,170.42857142857142,347.4,165.6,347.0,162.5,355.9,165.4,360.8,162.8,363.3,169.4,368.85714285714283,169.0,356.1,170.1,360.1666666666667,174.0,348.2,170.1,346.3333333333333,173.0,285.7,251.6,293.57142857142856,249.85714285714286,302.7,243.3,302.75,246.25,318.0,240.7,317.0,244.0,328.5,241.7,327.0,243.0,340.2,239.1,337.0,243.0,351.9,240.1,348.3333333333333,243.0,362.1,245.4,358.2,244.8,352.8,254.7,350.0,253.5,341.6,258.9,336.5,254.5,329.8,260.7,328.0,264.0,318.7,260.7,313.25,262.0,303.0,258.6,301.0,256.0,290.7,251.9,304.77777777777777,247.0,318.3,247.1,311.0,249.0,328.7,247.0,324.75,248.5,340.5,245.1,338.8,252.2,358.1,246.5,352.3,247.1,340.8,250.5,342.75,249.5,329.0,252.8,328.0,252.5,318.5,252.9,314.75,253.5
86,244.4,158.7,247.5,156.5,255.9,149.8,255.5,149.5,269.2,146.0,267.0,146.5,282.8,147.6,282.0,146.5,295.2,152.2,299.5,150.5,329.6,151.2,329.5,151.5,342.0,147.0,345.5,148.5,354.2,145.7,359.5,148.0,366.3,147.8,370.0,151.5,375.5,154.6,377.5,157.0,316.5,168.9,313.8333333333333,163.5,318.5,182.7,317.8,180.6,320.8,196.5,318.2857142857143,194.85714285714286,323.0,210.7,315.5,207.5,301.3,224.0,296.46153846153845,217.84615384615384,311.7,226.4,307.9166666666667,221.25,322.3,228.7,318.1333333333333,225.26666666666668,332.0,224.9,333.9166666666667,222.75,340.2,221.0,341.09090909090907,215.0,265.5,174.2,261.6666666666667,170.33333333333334,274.2,169.3,270.0,164.0,283.3,169.2,285.0,164.25,291.3,173.7,294.0,172.11111111111111,282.9,174.5,281.25,177.25,273.9,174.9,267.2,176.8,334.8,172.6,334.7142857142857,172.57142857142858,343.1,167.8,342.75,164.75,351.8,167.7,357.0,164.6,359.4,171.7,365.2857142857143,170.71428571428572,352.0,172.5,356.3333333333333,176.0,343.9,172.6,342.0,175.33333333333334,281.0,254.2,288.85714285714283,253.42857142857142,297.5,246.2,297.5,250.25,312.7,243.8,311.5,248.0,323.6,244.9,322.0,247.0,335.8,242.2,332.0,246.5,348.2,243.0,343.6666666666667,246.33333333333334,359.1,248.0,354.0,247.8,349.1,257.9,345.5,256.0,337.2,262.4,331.5,257.5,324.7,264.4,323.0,266.6666666666667,313.3,264.2,308.0,265.0,297.8,261.7,296.0,259.0,286.0,254.6,299.6666666666667,250.66666666666666,313.0,250.1,305.3333333333333,252.0,323.8,250.1,319.75,252.0,336.2,248.0,334.0,255.4,354.9,249.1,348.1,249.9,336.5,253.9,338.0,252.5,324.1,256.2,322.5,255.5,313.2,256.2,309.5,256.5
87,240.5,160.7,244.0,158.0,252.1,151.8,251.5,151.5,265.7,148.3,263.0,148.0,279.5,150.1,278.0,148.5,291.9,155.2,294.5,152.5,324.2,154.2,324.5,153.0,336.9,149.2,341.0,149.5,349.7,147.6,355.0,148.5,362.7,149.6,366.0,152.0,372.7,156.6,373.5,157.0,311.9,170.9,309.1666666666667,165.16666666666666,313.6,185.1,312.6,182.6,315.5,199.2,313.14285714285717,197.0,317.5,213.7,310.0,209.75,296.3,226.4,291.84615384615387,220.0,306.7,228.9,303.0833333333333,223.5,317.4,231.2,312.8666666666667,227.33333333333334,327.3,227.3,328.5,225.0,335.9,223.3,335.90909090909093,217.0909090909091,261.5,176.0,258.0,171.66666666666666,270.2,170.9,266.0,165.4,279.4,170.8,281.25,165.5,287.8,175.5,290.1111111111111,174.0,279.1,176.4,277.5,179.25,269.9,176.8,263.4,178.2,330.8,174.2,330.2857142857143,173.85714285714286,339.1,169.1,338.5,165.5,348.0,168.9,352.8,165.2,356.0,173.0,361.2857142857143,171.28571428571428,348.3,174.0,352.1666666666667,177.0,339.9,174.1,337.6666666666667,177.0,277.1,256.0,284.42857142857144,254.71428571428572,293.4,248.5,293.0,252.0,308.6,246.0,307.0,250.0,319.0,247.1,317.0,249.0,331.0,244.4,327.0,248.5,344.0,245.0,339.3333333333333,247.66666666666666,356.1,249.4,350.4,248.8,345.0,259.8,341.5,257.0,332.6,264.7,327.5,258.0,320.3,266.7,319.0,267.3333333333333,309.2,266.6,303.75,265.75,293.8,264.0,292.0,260.0,282.2,256.5,295.3333333333333,252.0,308.9,252.2,301.3333333333333,254.0,319.3,252.2,315.0,253.5,331.5,250.0,329.8,257.0,351.6,250.7,344.4,251.0,331.8,256.0,333.75,253.5,319.7,258.3,318.0,256.5,309.2,258.3,305.25,257.75
88,236.8,161.9,240.5,159.5,248.2,153.1,248.0,153.0,261.5,149.6,259.5,149.5,275.0,151.5,274.0,150.5,287.2,156.8,290.5,154.0,320.5,155.8,321.0,154.5,333.2,150.9,337.5,150.5,346.0,149.4,351.5,150.5,359.0,151.4,362.0,153.5,369.0,158.5,370.5,159.0,307.7,172.7,305.1666666666667,166.66666666666666,309.1,187.0,308.6,184.6,310.8,201.1,309.14285714285717,199.0,312.5,215.6,306.0,211.75,291.9,228.6,287.84615384615387,222.23076923076923,302.1,231.0,299.0,225.66666666666666,312.8,233.3,308.93333333333334,229.6,322.8,229.3,324.6666666666667,227.25,331.7,225.3,332.1818181818182,219.45454545454547,257.4,177.5,254.5,173.5,266.0,172.3,262.6,167.4,275.3,172.2,277.25,168.0,283.8,177.3,286.1111111111111,175.77777777777777,275.0,178.2,274.0,181.0,265.6,178.5,259.8,179.8,327.0,176.1,326.7142857142857,176.14285714285714,335.4,170.6,334.75,167.75,344.4,170.4,349.2,167.2,352.5,174.8,357.7142857142857,173.71428571428572,344.7,175.9,348.6666666666667,179.16666666666666,336.2,176.0,334.3333333333333,179.0,273.2,257.8,281.42857142857144,256.57142857142856,289.1,250.7,290.0,253.25,304.1,248.2,303.5,251.5,314.7,249.3,313.0,250.0,326.9,246.4,323.0,250.0,340.4,246.9,335.6666666666667,249.66666666666666,353.4,251.1,346.8,250.8,341.4,261.3,337.5,259.0,328.4,266.1,323.5,259.5,315.9,268.2,315.0,269.3333333333333,304.8,268.1,300.75,267.25,289.6,265.6,289.0,262.0,278.3,258.4,292.0,253.77777777777777,304.6,254.4,297.6666666666667,256.0,315.1,254.4,311.75,255.5,327.5,252.1,326.0,258.8,348.7,252.4,340.5,252.9,327.8,257.6,329.75,255.25,315.4,260.0,314.5,258.0,304.9,259.9,301.75,259.0
89,233.7,163.3,238.5,160.0,244.7,154.1,245.5,153.5,258.1,150.3,256.5,149.5,271.7,152.3,271.0,150.5,284.2,157.8,288.0,154.5,317.3,156.8,318.0,154.5,330.1,151.6,335.0,151.5,343.3,150.0,349.0,150.5,356.6,152.1,360.0,154.0,366.8,159.6,368.5,159.5,304.5,173.9,302.3333333333333,167.5,305.7,188.3,305.6,185.4,307.2,202.4,306.0,199.71428571428572,308.7,217.0,302.75,212.75,288.7,229.9,284.7692307692308,223.23076923076923,298.8,232.3,295.5833333333333,226.5,309.4,234.6,305.26666666666665,230.46666666666667,319.5,230.6,321.4166666666667,228.25,328.5,226.5,328.90909090909093,220.54545454545453,254.8,178.5,252.66666666666666,174.5,263.4,173.1,260.6,168.2,272.8,173.0,275.25,168.75,281.3,178.4,283.6666666666667,176.44444444444446,272.4,179.4,271.25,181.75,262.9,179.7,257.6,180.8,324.2,177.1,324.2857142857143,176.71428571428572,332.4,171.4,332.5,168.75,341.5,171.1,347.2,168.4,349.8,175.7,355.57142857142856,174.71428571428572,342.0,176.9,346.3333333333333,180.16666666666666,333.3,177.1,331.6666666666667,180.0,271.3,259.0,278.85714285714283,257.42857142857144,286.7,252.0,287.0,254.5,301.3,249.5,300.0,253.0,311.7,250.6,310.0,251.0,323.7,247.8,320.0,251.5,337.2,248.1,332.3333333333333,251.33333333333334,350.7,252.1,344.0,252.0,338.3,262.1,334.0,259.5,325.2,266.8,320.0,260.5,312.8,269.0,312.0,269.3333333333333,302.0,268.9,297.75,267.75,287.3,266.5,286.0,263.0,276.3,259.5,289.0,254.66666666666666,301.8,255.6,295.0,257.0,312.0,255.6,308.25,256.5,324.4,253.2,322.8,259.8,345.8,253.3,337.6,254.0,324.6,258.5,326.75,256.25,312.4,260.9,311.0,258.5,302.1,260.9,298.75,259.5
90,232.7,163.2,237.5,160.5,243.9,154.2,244.5,154.0,257.2,150.8,255.5,150.5,270.7,153.0,270.0,151.5,282.8,158.6,286.5,155.5,315.7,157.6,316.5,155.5,328.4,152.4,333.0,152.5,341.4,150.7,347.5,152.5,354.6,152.6,358.5,155.5,364.8,159.9,366.5,161.0,303.0,174.4,300.8333333333333,168.16666666666666,304.1,188.7,303.8,185.6,305.4,202.7,304.14285714285717,200.42857142857142,306.7,217.2,300.75,213.0,287.1,230.4,282.6923076923077,223.3846153846154,297.1,232.8,293.5833333333333,227.33333333333334,307.5,235.1,303.3333333333333,231.33333333333334,317.6,231.2,319.6666666666667,229.08333333333334,326.6,227.2,327.3636363636364,221.27272727272728,253.5,178.8,250.83333333333334,174.5,262.1,173.4,258.8,168.6,271.5,173.4,273.5,169.0,279.9,178.8,282.1111111111111,177.0,271.0,179.8,270.0,182.0,261.5,180.1,256.0,180.8,322.7,177.7,322.42857142857144,177.57142857142858,330.8,172.0,330.75,169.25,339.9,171.8,345.2,169.6,348.2,176.4,353.7142857142857,175.71428571428572,340.4,177.6,344.5,181.16666666666666,331.7,177.8,330.0,180.33333333333334,269.8,259.7,276.14285714285717,257.57142857142856,285.0,252.6,284.75,255.25,299.5,250.1,297.5,253.0,309.9,251.3,308.0,252.0,322.0,248.5,318.0,252.0,335.5,248.9,330.3333333333333,252.0,349.0,253.1,342.0,252.8,336.5,263.0,332.0,260.25,323.3,267.6,318.0,260.5,310.8,269.7,309.0,269.6666666666667,300.0,269.5,295.0,268.0,285.4,267.1,284.0,263.0,274.8,260.2,286.55555555555554,255.0,300.0,256.4,292.3333333333333,257.3333333333333,310.2,256.4,306.0,257.5,322.6,254.0,320.8,260.6,344.1,254.3,335.6,254.8,322.8,259.2,324.75,256.5,310.5,261.6,309.0,259.0,300.2,261.5,296.25,259.75
91,231.4,163.7,236.5,161.0,242.1,154.3,243.5,154.5,255.4,150.5,254.5,150.5,269.0,152.6,269.0,151.5,281.4,158.2,285.5,155.5,314.9,157.5,315.0,155.5,327.5,152.5,332.0,152.5,340.4,150.8,346.0,151.5,353.4,152.6,357.0,155.5,363.4,159.8,365.5,161.0,302.0,174.5,299.8333333333333,168.0,303.1,188.7,302.8,185.6,304.3,202.7,303.14285714285717,200.42857142857142,305.6,217.2,299.75,212.75,286.1,230.7,281.9230769230769,223.53846153846155,296.1,233.1,292.75,227.25,306.5,235.3,302.26666666666665,231.13333333333333,316.6,231.4,318.4166666666667,229.08333333333334,325.6,227.4,326.0,221.45454545454547,252.3,178.9,250.33333333333334,174.5,260.8,173.5,258.0,168.4,270.3,173.5,272.5,169.0,278.7,178.9,281.55555555555554,177.0,269.8,180.0,269.25,182.0,260.2,180.3,255.6,180.8,321.9,177.8,321.7142857142857,177.57142857142858,330.1,172.2,329.75,169.0,339.2,172.0,344.2,169.0,347.4,176.6,353.0,175.42857142857142,339.6,177.8,343.8333333333333,180.83333333333334,330.9,178.0,329.3333333333333,180.33333333333334,269.3,260.6,275.2857142857143,258.42857142857144,284.3,253.1,283.75,255.25,298.7,250.5,296.5,253.5,309.0,251.7,307.0,252.0,321.0,248.8,317.0,252.5,334.4,249.4,329.6666666666667,252.33333333333334,347.7,253.9,341.4,253.8,335.3,263.5,331.75,261.0,322.3,268.0,317.0,261.5,309.9,270.1,308.6666666666667,270.3333333333333,299.2,270.0,294.25,268.75,284.8,267.8,283.0,264.0,274.3,261.0,285.77777777777777,255.55555555555554,299.2,257.0,291.6666666666667,257.6666666666667,309.3,256.9,305.0,257.5,321.7,254.6,320.0,260.8,342.7,255.0,335.0,255.4,321.8,259.6,324.0,257.25,309.6,262.0,308.0,260.0,299.4,261.9,295.25,260.75
92,230.9,163.5,235.5,160.5,241.5,154.0,243.0,154.5,254.8,150.2,253.5,151.0,268.5,152.7,268.0,151.5,280.8,158.5,284.5,155.5,314.1,157.8,315.0,156.5,326.5,152.6,331.5,152.5,339.4,150.7,345.5,152.5,352.3,152.4,357.0,156.0,362.1,159.7,365.5,162.0,301.3,174.7,299.0,168.16666666666666,302.3,189.0,301.6,185.6,303.5,202.9,301.85714285714283,200.14285714285714,304.7,217.4,297.75,212.75,285.5,230.8,280.0769230769231,223.23076923076923,295.4,233.3,290.8333333333333,226.91666666666666,305.7,235.6,300.8666666666667,231.13333333333333,315.7,231.7,317.3333333333333,229.08333333333334,324.6,227.7,325.54545454545456,221.54545454545453,251.7,178.9,249.16666666666666,174.5,260.2,173.5,257.0,168.6,269.7,173.5,271.5,169.0,278.0,178.9,280.44444444444446,176.77777777777777,269.1,180.1,268.25,181.75,259.6,180.4,254.2,180.8,321.2,177.9,321.14285714285717,177.57142857142858,329.2,172.3,329.5,169.5,338.4,172.2,344.2,169.6,346.5,176.8,352.57142857142856,176.0,338.7,178.0,343.3333333333333,181.16666666666666,330.0,178.2,328.6666666666667,180.33333333333334,269.5,261.2,273.85714285714283,258.57142857142856,284.2,253.5,282.25,255.25,298.4,250.8,295.5,253.0,308.4,252.0,305.0,252.0,320.0,249.2,315.0,252.0,333.1,249.9,328.3333333333333,252.33333333333334,346.1,254.5,340.2,254.4,334.1,264.3,330.0,262.0,321.3,268.8,315.5,262.5,309.4,270.8,307.0,271.3333333333333,298.9,270.7,292.75,269.5,284.7,268.4,281.0,264.0,274.4,261.5,284.3333333333333,255.77777777777777,298.9,257.4,290.0,257.6666666666667,308.7,257.3,303.75,257.5,320.7,255.1,318.4,261.0,341.1,255.6,333.7,255.9,320.9,260.2,322.75,258.25,309.1,262.5,306.5,260.5,299.2,262.4,293.75,261.0
93,230.8,163.6,235.5,160.0,241.2,153.8,243.0,153.5,254.6,149.8,253.5,150.5,268.4,152.2,268.0,151.5,280.8,158.0,285.5,155.0,314.0,157.5,315.0,155.5,326.5,152.4,332.0,152.5,339.4,150.5,346.5,152.5,352.4,152.4,358.0,155.5,362.0,160.1,366.5,161.0,301.4,174.4,299.1666666666667,167.66666666666666,302.4,188.6,301.6,185.4,303.7,202.5,301.85714285714283,199.71428571428572,305.1,216.9,297.75,212.25,285.8,230.4,280.46153846153845,222.84615384615384,295.7,232.8,290.9166666666667,226.5,305.9,235.1,300.53333333333336,230.6,315.8,231.3,316.9166666666667,228.5,324.6,227.3,324.72727272727275,221.1818181818182,251.9,178.5,249.33333333333334,173.66666666666666,260.4,172.8,257.4,168.0,269.9,172.9,272.25,168.0,278.2,178.6,280.55555555555554,176.0,269.4,179.8,268.25,181.25,259.7,180.1,254.6,180.0,320.9,177.7,321.57142857142856,177.0,328.9,171.9,329.75,169.0,338.2,171.8,344.4,169.2,346.2,176.5,353.0,175.42857142857142,338.6,177.9,343.8333333333333,180.83333333333334,329.8,178.1,329.0,180.0,270.2,261.1,274.14285714285717,258.57142857142856,284.9,253.1,282.25,255.25,299.0,250.3,295.5,253.5,308.6,251.5,305.0,252.0,319.8,248.7,315.0,252.5,332.5,249.6,327.6666666666667,252.66666666666666,345.2,254.4,339.4,254.8,333.6,264.2,329.75,262.25,321.2,268.5,315.5,262.5,309.7,270.4,307.0,271.3333333333333,299.5,270.3,292.5,269.5,285.4,268.1,281.0,264.0,275.0,261.3,284.44444444444446,255.66666666666666,299.5,256.9,290.0,258.0,308.9,256.8,303.25,257.5,320.5,254.7,318.2,261.0,340.3,255.4,333.1,256.2,320.7,260.0,322.25,258.25,309.3,262.1,306.0,260.5,299.7,262.0,293.75,261.0
94,230.7,163.8,235.5,159.0,241.2,153.7,243.0,152.5,254.8,149.5,254.5,149.5,268.7,151.7,269.0,150.0,281.4,157.4,285.5,154.5,314.5,157.0,316.5,154.5,327.1,152.0,333.0,151.5,340.1,150.2,347.5,151.5,353.3,152.3,359.0,155.0,362.9,160.1,367.5,161.0,302.1,173.7,300.1666666666667,167.0,303.2,188.0,302.8,184.6,304.6,201.9,303.0,198.85714285714286,306.1,216.4,298.75,211.75,286.2,229.8,281.0769230769231,222.15384615384616,296.3,232.2,291.8333333333333,225.66666666666666,306.7,234.6,301.8666666666667,229.8,316.7,230.7,318.1666666666667,228.16666666666666,325.5,226.7,326.3636363636364,220.54545454545453,252.1,178.1,249.83333333333334,173.33333333333334,260.7,172.4,257.6,167.2,270.3,172.5,272.5,167.75,278.6,178.1,281.22222222222223,175.77777777777777,269.8,179.3,269.0,181.0,260.0,179.6,254.8,179.8,321.4,177.3,322.2857142857143,176.57142857142858,329.6,171.5,330.75,168.75,338.8,171.3,345.4,168.6,346.9,176.1,354.0,175.0,339.2,177.4,344.8333333333333,180.5,330.4,177.6,330.0,180.0,269.8,260.4,274.85714285714283,258.2857142857143,285.0,252.5,283.25,255.0,299.3,249.7,296.5,252.5,309.2,250.9,306.0,251.0,320.6,248.1,316.0,251.5,333.4,249.0,329.0,252.0,346.1,253.7,340.8,254.2,334.3,263.4,331.0,261.25,321.8,267.6,316.5,261.5,310.1,269.5,308.0,270.6666666666667,299.7,269.4,293.5,269.0,285.3,267.3,282.0,264.0,274.6,260.7,285.3333333333333,255.11111111111111,299.7,256.2,291.0,257.0,309.4,256.1,304.5,257.0,321.2,253.9,319.2,261.0,341.2,254.8,334.4,255.9,321.4,259.3,323.25,257.25,309.8,261.4,307.0,259.5,300.0,261.4,294.75,260.75
95,231.5,163.6,236.5,159.0,241.9,153.5,244.5,152.5,255.5,149.2,255.5,148.5,269.5,151.4,270.0,149.5,282.1,157.1,287.0,153.5,315.1,156.7,317.0,154.5,327.8,151.8,334.0,151.5,340.7,150.1,348.5,151.5,353.7,152.2,359.5,155.0,363.3,160.0,367.5,161.0,302.6,173.6,301.0,166.83333333333334,303.9,187.7,303.8,184.6,305.4,201.7,303.85714285714283,198.71428571428572,307.0,216.1,299.75,211.25,287.0,229.5,282.0769230769231,222.07692307692307,297.0,231.9,292.8333333333333,225.58333333333334,307.5,234.2,302.6666666666667,229.6,317.3,230.4,318.9166666666667,228.0,325.9,226.4,326.72727272727275,220.54545454545453,252.7,178.0,250.66666666666666,173.33333333333334,261.3,172.3,258.6,167.0,270.9,172.3,273.5,167.5,279.0,177.9,282.1111111111111,176.0,270.3,179.2,269.25,181.25,260.7,179.5,255.6,179.8,322.1,177.0,322.85714285714283,176.71428571428572,330.2,171.3,331.5,168.75,339.4,171.3,346.0,168.6,347.3,176.0,354.57142857142856,175.42857142857142,339.8,177.3,345.0,180.83333333333334,331.1,177.4,330.6666666666667,180.0,271.0,260.5,275.42857142857144,258.2857142857143,286.3,252.4,283.75,255.0,300.5,249.5,297.0,253.0,310.0,250.7,307.0,252.0,320.9,248.0,317.0,252.0,333.3,248.9,329.3333333333333,252.0,345.5,254.0,341.0,254.2,334.4,263.5,331.0,261.25,322.4,267.5,317.0,261.5,311.1,269.2,308.0,270.3333333333333,301.1,269.2,293.75,268.75,286.8,267.3,283.0,264.0,275.9,260.7,285.77777777777777,255.11111111111111,300.9,256.0,291.6666666666667,257.0,310.3,255.9,305.0,257.0,321.5,253.9,319.6,261.0,340.7,254.9,334.6,255.8,321.8,259.1,323.75,257.25,310.7,261.1,308.0,259.5,301.2,261.1,295.25,260.0
96,232.3,163.9,237.5,159.5,242.8,153.8,244.5,153.0,256.3,149.7,256.5,149.5,270.2,151.7,271.0,150.5,282.7,157.0,287.5,154.5,316.1,156.6,318.0,155.5,328.7,151.9,335.0,152.0,341.5,150.5,349.5,151.5,354.5,152.7,360.5,155.5,364.1,160.5,368.5,161.0,303.3,173.7,301.8333333333333,167.5,304.6,187.9,304.6,184.8,306.0,201.8,305.0,199.42857142857142,307.5,216.3,300.75,211.75,287.2,229.5,282.6923076923077,222.46153846153845,297.3,232.0,293.5833333333333,226.0,307.8,234.5,303.46666666666664,230.26666666666668,317.7,230.7,319.9166666666667,228.25,326.4,226.8,327.72727272727275,220.8181818181818,253.4,178.3,251.0,174.0,262.1,172.7,259.2,167.8,271.6,172.7,274.25,168.0,279.8,178.3,282.55555555555554,176.22222222222223,271.1,179.4,270.25,181.5,261.4,179.7,256.2,180.6,322.7,177.5,323.7142857142857,177.57142857142858,331.0,171.9,332.5,169.0,340.1,171.8,347.0,169.6,348.1,176.6,355.57142857142856,175.85714285714286,340.5,177.9,346.0,181.33333333333334,331.8,177.9,331.6666666666667,180.66666666666666,270.2,260.2,275.14285714285717,258.57142857142856,285.5,252.3,284.0,255.25,299.9,249.7,297.5,253.0,309.8,250.9,307.0,252.0,321.3,248.2,318.0,252.0,333.9,249.3,330.6666666666667,252.33333333333334,346.1,254.4,342.2,254.6,334.8,264.1,332.5,262.25,322.5,268.2,318.0,262.5,310.7,270.0,309.0,271.6666666666667,300.3,269.8,294.25,269.5,285.8,267.5,283.0,264.0,275.0,260.5,286.0,255.66666666666666,300.2,255.9,291.6666666666667,257.6666666666667,310.0,255.9,305.75,257.5,321.7,253.9,320.6,261.2,341.4,255.3,335.8,256.1,322.0,260.1,324.75,258.25,310.4,262.1,309.0,260.5,300.5,262.0,295.75,261.0
97,232.9,164.4,237.5,159.0,243.5,154.2,245.0,152.5,257.0,149.9,256.5,148.5,270.9,151.9,271.0,149.5,283.5,157.3,288.0,154.0,317.1,157.0,318.5,155.5,329.6,152.2,335.5,151.5,342.4,150.8,349.5,151.5,355.3,153.1,361.5,155.5,364.7,161.1,369.5,162.0,304.3,173.8,302.0,167.16666666666666,305.4,188.0,304.8,184.6,306.7,202.1,305.0,198.71428571428572,308.1,216.6,300.75,210.75,287.6,229.5,282.61538461538464,221.76923076923077,297.6,232.1,293.5833333333333,225.25,308.0,234.6,303.4,229.53333333333333,318.0,230.9,319.9166666666667,228.0,326.8,227.0,327.72727272727275,220.63636363636363,254.0,178.4,251.0,173.5,262.7,173.0,259.4,167.6,272.2,173.1,274.25,168.0,280.2,178.5,282.8888888888889,176.22222222222223,271.5,179.6,270.25,181.5,261.9,179.7,256.2,180.2,323.4,177.9,324.14285714285717,177.57142857142858,331.5,172.4,332.75,169.5,340.6,172.3,347.4,169.8,348.5,177.1,356.0,176.28571428571428,340.9,178.3,346.6666666666667,181.83333333333334,332.3,178.3,332.0,181.0,269.4,259.9,274.85714285714283,258.42857142857144,284.8,252.2,283.5,254.75,299.5,249.7,297.0,252.5,309.5,251.0,307.0,251.0,321.2,248.5,318.0,252.0,334.2,249.5,330.6666666666667,252.33333333333334,346.9,254.6,342.6,254.6,334.8,264.9,332.75,263.0,321.8,269.0,318.0,263.0,309.8,270.6,309.0,272.3333333333333,299.2,270.3,293.75,270.0,284.7,267.6,282.0,264.0,274.1,260.3,285.6666666666667,255.44444444444446,299.7,255.8,291.3333333333333,257.0,309.6,255.9,305.75,257.25,321.5,254.0,320.6,261.4,342.1,255.6,336.2,256.6,321.7,261.0,325.0,258.5,309.9,263.0,308.5,261.0,299.8,262.8,295.25,261.75
98,233.8,164.1,237.5,159.5,244.6,154.1,245.5,153.0,258.1,149.9,257.5,149.5,272.0,152.0,272.0,150.5,284.6,157.5,289.0,155.5,318.5,157.3,319.5,156.5,330.9,152.7,336.0,153.0,343.6,151.3,350.5,152.5,356.5,153.5,362.0,156.0,366.0,161.4,369.5,162.0,305.6,174.3,303.0,168.16666666666666,306.6,188.5,306.2,185.0,307.8,202.4,306.0,199.28571428571428,309.1,216.9,302.5,211.0,288.5,229.8,283.38461538461536,221.76923076923077,298.6,232.4,294.5833333333333,225.41666666666666,309.0,235.0,304.73333333333335,229.6,319.0,231.3,321.4166666666667,227.83333333333334,327.8,227.5,329.54545454545456,220.45454545454547,254.8,178.6,251.66666666666666,174.33333333333334,263.7,173.1,260.0,167.8,273.3,173.3,275.0,168.75,281.4,178.9,283.55555555555554,176.88888888888889,272.5,179.9,271.25,181.75,262.9,180.0,256.8,180.8,324.7,178.5,325.14285714285717,178.28571428571428,332.9,172.9,333.75,170.25,342.2,172.8,348.2,170.0,350.1,177.8,356.7142857142857,176.71428571428572,342.5,178.9,347.5,182.0,333.7,179.0,332.6666666666667,181.0,269.7,259.6,275.7142857142857,258.57142857142856,285.4,252.2,284.25,254.25,300.4,249.8,298.0,252.0,310.4,251.2,309.0,251.0,322.1,248.7,319.0,251.5,335.2,249.7,332.6666666666667,252.0,348.0,254.7,345.0,254.4,335.8,265.4,334.5,263.5,322.7,269.8,319.5,264.0,310.6,271.4,310.0,273.6666666666667,300.0,271.0,294.75,271.0,285.2,268.0,283.0,265.0,274.4,260.1,286.22222222222223,255.33333333333334,300.5,255.8,292.3333333333333,257.0,310.4,256.1,306.75,256.75,322.4,254.1,322.0,261.4,343.2,255.7,337.9,256.6,322.6,261.9,326.25,259.5,310.7,263.8,310.0,262.0,300.6,263.6,296.0,262.75
99,234.8,165.1,239.5,158.5,246.1,155.0,247.5,152.0,259.7,150.8,258.5,148.5,273.8,152.5,274.0,150.5,286.5,157.7,291.0,154.5,320.3,157.5,322.0,156.0,332.9,152.9,339.0,152.5,345.7,151.8,352.5,152.5,358.7,154.0,364.0,156.0,368.4,161.9,372.5,162.0,307.4,174.5,305.1666666666667,168.0,308.5,188.8,308.4,185.8,309.9,203.0,308.0,200.28571428571428,311.3,217.8,304.5,212.5,290.0,230.0,284.7692307692308,222.30769230769232,300.3,232.6,296.3333333333333,226.33333333333334,310.9,235.3,306.6,230.93333333333334,321.1,231.4,323.6666666666667,228.83333333333334,329.9,227.6,331.72727272727275,221.0909090909091,256.4,178.9,253.0,173.5,265.4,173.6,261.4,167.4,274.9,173.8,276.75,168.25,283.0,179.3,285.55555555555554,176.77777777777777,274.1,180.1,273.0,181.5,264.5,180.2,258.4,180.2,326.3,178.9,327.14285714285717,178.42857142857142,334.6,173.3,335.75,170.0,343.7,173.1,350.4,170.0,351.8,177.9,359.0,176.85714285714286,344.1,179.0,349.5,182.16666666666666,335.4,179.1,334.6666666666667,181.33333333333334,269.3,258.1,275.42857142857144,257.14285714285717,285.9,251.5,284.75,253.5,301.6,249.7,299.0,252.5,312.0,251.0,310.0,251.0,324.2,248.5,321.0,251.5,337.7,248.9,335.0,251.66666666666666,350.9,253.0,347.6,253.4,338.2,264.4,337.0,264.0,324.6,269.2,321.0,265.0,312.1,271.0,311.0,274.6666666666667,301.1,270.6,295.25,271.5,285.5,267.3,283.0,265.0,274.1,259.0,286.8888888888889,255.22222222222223,301.6,255.1,293.0,256.3333333333333,312.0,255.5,308.25,256.5,324.5,253.3,324.2,261.2,346.3,254.3,340.6,256.2,324.7,261.5,328.75,260.0,312.2,263.7,311.0,263.0,301.7,263.4,297.0,263.25
100,238.4,166.2,243.5,161.0,249.6,156.0,252.0,154.5,263.4,151.3,263.5,151.5,277.5,152.8,278.5,152.5,290.7,158.1,295.5,156.5,324.6,158.0,325.5,157.5,336.9,153.7,342.0,154.5,349.3,152.8,355.5,154.5,362.0,154.8,366.0,158.0,371.6,162.3,374.0,164.0,311.6,174.7,309.3333333333333,169.5,312.8,189.2,312.6,186.8,314.3,203.6,312.57142857142856,200.71428571428572,315.8,218.5,309.0,212.75,293.1,230.3,289.15384615384613,222.84615384615384,303.9,233.1,300.8333333333333,226.66666666666666,315.0,235.9,311.06666666666666,231.13333333333333,325.5,231.9,327.9166666666667,229.08333333333334,334.6,227.9,335.72727272727275,221.54545454545453,259.5,179.7,257.6666666666667,175.5,268.8,174.8,266.0,169.6,278.0,175.0,280.75,170.0,286.1,179.8,289.55555555555554,178.0,277.1,180.5,277.25,182.75,267.9,180.5,262.8,181.8,330.7,179.6,330.14285714285717,179.57142857142858,339.4,174.7,338.75,171.75,348.4,174.6,353.2,171.8,356.3,179.0,361.42857142857144,178.0,348.5,179.7,351.8333333333333,183.16666666666666,340.1,179.7,337.6666666666667,182.0,269.4,256.7,279.42857142857144,257.7142857142857,287.9,251.3,288.5,254.5,304.8,250.0,303.5,253.0,315.7,251.3,314.0,252.0,328.5,248.8,325.0,252.0,342.6,248.5,338.6666666666667,252.33333333333334,356.4,251.6,351.0,253.6,342.9,263.8,340.25,263.5,328.7,269.0,325.0,264.5,315.7,270.9,315.6666666666667,273.6666666666667,304.2,270.5,300.0,271.25,287.3,267.1,287.0,265.0,274.2,258.0,291.1111111111111,255.44444444444446,304.8,255.2,297.0,257.0,315.7,255.7,312.5,257.5,328.7,253.4,328.0,261.6,351.9,253.2,343.9,256.3,328.8,261.5,332.0,259.75,315.9,263.8,315.0,262.5,304.9,263.5,301.25,262.75
