frame,triangle_0,triangle_1,triangle_2,triangle_3,triangle_4,triangle_5,triangle_6,triangle_7,triangle_8,triangle_9,triangle_10,triangle_11,triangle_12,triangle_13,triangle_14,triangle_15,triangle_16,triangle_17,triangle_18,triangle_19,triangle_20,triangle_21,triangle_22,triangle_23,triangle_24,triangle_25,triangle_26,triangle_27,triangle_28,triangle_29,triangle_30,triangle_31,triangle_32,triangle_33,triangle_34,triangle_35,triangle_36,triangle_37,triangle_38,triangle_39,triangle_40,triangle_41,triangle_42,triangle_43,triangle_44,triangle_45,triangle_46,triangle_47,triangle_48,triangle_49,triangle_50,triangle_51,triangle_52,triangle_53,triangle_54,triangle_55,triangle_56,triangle_57,triangle_58,triangle_59,triangle_60,triangle_61,triangle_62,triangle_63,triangle_64,triangle_65,triangle_66,triangle_67,triangle_68,triangle_69,triangle_70,triangle_71,triangle_72,triangle_73,triangle_74,triangle_75,triangle_76,triangle_77,triangle_78,triangle_79,triangle_80,triangle_81,triangle_82,triangle_83,triangle_84,triangle_85,triangle_86,triangle_87,triangle_88,triangle_89,triangle_90,triangle_91,triangle_92,triangle_93,triangle_94,triangle_95,triangle_96,triangle_97,triangle_98,triangle_99,triangle_100,triangle_101,triangle_102,triangle_103,triangle_104,triangle_105,triangle_106,triangle_107,triangle_108,triangle_109,yaw,pitch,roll
1,21.0,64.0,65.0,56.0,21.0,19.0,12.0,1180.0,89.0,110.0,1215.0,716.0,1337.0,1391.0,58.0,62.0,49.0,47.0,12.0,386.0,51.0,85.0,124.0,27.0,21.0,432.0,1208.0,726.0,240.0,37.0,30.0,30.0,159.0,100.0,17.0,9.0,27.0,61.0,94.0,50.0,114.0,28.0,150.0,59.0,161.0,11.0,41.0,26.0,18.0,67.0,49.0,63.0,30.0,31.0,124.0,164.0,35.0,32.0,28.0,66.0,20.0,91.0,103.0,70.0,3.0,43.0,28.0,52.0,32.0,21.0,15.0,13.0,15.0,8.0,10.0,23.0,21.0,20.0,5.0,8.0,104.0,67.0,114.0,227.0,73.0,220.0,224.0,142.0,131.0,61.0,863.0,108.0,232.0,102.0,170.0,2218.0,257.0,212.0,119.0,603.0,1203.0,1468.0,224.0,3469.0,34.0,28.0,28.0,15.0,131.0,215.0,-45.868492126464844,-9.38031005859375,3.186721086502075
2,9.0,60.0,64.0,52.0,21.0,18.0,11.0,1235.0,91.0,108.0,1282.0,721.0,1415.0,1491.0,61.0,60.0,49.0,42.0,25.0,339.0,56.0,82.0,128.0,29.0,19.0,424.0,1230.0,703.0,249.0,43.0,34.0,34.0,159.0,53.0,16.0,3.0,28.0,21.0,55.0,39.0,98.0,35.0,147.0,33.0,90.0,13.0,40.0,31.0,21.0,69.0,54.0,66.0,22.0,32.0,124.0,148.0,32.0,37.0,16.0,74.0,6.0,43.0,52.0,37.0,17.0,43.0,28.0,51.0,35.0,24.0,9.0,7.0,18.0,4.0,6.0,16.0,14.0,21.0,6.0,7.0,105.0,64.0,120.0,222.0,72.0,217.0,216.0,146.0,134.0,57.0,875.0,107.0,230.0,95.0,166.0,2352.0,270.0,215.0,119.0,566.0,1317.0,1579.0,228.0,3607.0,34.0,27.0,26.0,14.0,121.0,212.0,-44.38048553466797,-10.205547332763672,3.2605841159820557
3,30.0,65.0,65.0,53.0,20.0,18.0,11.0,1268.0,90.0,106.0,1296.0,731.0,1428.0,1511.0,60.0,61.0,49.0,37.0,43.0,322.0,57.0,79.0,131.0,28.0,21.0,421.0,1251.0,692.0,244.0,42.0,32.0,33.0,151.0,18.0,15.0,1.0,28.0,8.0,28.0,29.0,94.0,38.0,147.0,11.0,47.0,13.0,39.0,30.0,20.0,67.0,51.0,66.0,19.0,32.0,124.0,150.0,37.0,37.0,15.0,75.0,3.0,20.0,28.0,5.0,19.0,43.0,28.0,51.0,36.0,24.0,7.0,6.0,18.0,3.0,5.0,15.0,12.0,23.0,5.0,7.0,111.0,72.0,121.0,223.0,72.0,217.0,218.0,149.0,136.0,56.0,873.0,106.0,228.0,91.0,167.0,2412.0,276.0,216.0,121.0,596.0,1346.0,1613.0,236.0,3625.0,34.0,27.0,26.0,14.0,123.0,209.0,-44.185787200927734,-9.9715576171875,3.4584953784942627
4,48.0,63.0,64.0,51.0,21.0,19.0,11.0,1270.0,90.0,104.0,1295.0,711.0,1436.0,1523.0,59.0,59.0,49.0,31.0,62.0,300.0,57.0,78.0,129.0,28.0,20.0,420.0,1237.0,669.0,245.0,43.0,33.0,33.0,148.0,1.0,14.0,1.0,26.0,22.0,12.0,23.0,88.0,40.0,147.0,8.0,3.0,13.0,36.0,31.0,21.0,67.0,52.0,67.0,18.0,34.0,124.0,162.0,37.0,37.0,14.0,75.0,7.0,7.0,16.0,26.0,26.0,43.0,28.0,51.0,37.0,25.0,8.0,6.0,18.0,3.0,5.0,14.0,12.0,25.0,5.0,6.0,110.0,70.0,121.0,232.0,74.0,216.0,219.0,146.0,133.0,57.0,879.0,104.0,226.0,89.0,163.0,2439.0,275.0,216.0,123.0,609.0,1356.0,1625.0,246.0,3643.0,37.0,28.0,28.0,15.0,122.0,212.0,-44.888954162597656,-12.234930992126465,3.157681465148926
5,66.0,60.0,63.0,53.0,21.0,18.0,11.0,1289.0,88.0,102.0,1299.0,721.0,1427.0,1508.0,57.0,60.0,49.0,26.0,79.0,280.0,56.0,77.0,129.0,28.0,20.0,423.0,1269.0,675.0,256.0,44.0,33.0,33.0,149.0,45.0,13.0,1.0,24.0,60.0,26.0,11.0,80.0,39.0,146.0,42.0,48.0,11.0,32.0,31.0,21.0,68.0,51.0,65.0,15.0,34.0,127.0,167.0,42.0,38.0,13.0,73.0,19.0,25.0,17.0,72.0,27.0,39.0,25.0,49.0,35.0,24.0,7.0,7.0,18.0,3.0,5.0,12.0,10.0,27.0,4.0,5.0,116.0,75.0,125.0,236.0,74.0,224.0,228.0,153.0,138.0,57.0,885.0,104.0,229.0,89.0,159.0,2419.0,274.0,221.0,123.0,594.0,1374.0,1623.0,240.0,3655.0,36.0,28.0,27.0,15.0,125.0,211.0,-45.96932601928711,-11.427200317382812,2.5921030044555664
6,80.0,60.0,66.0,50.0,20.0,17.0,11.0,1296.0,85.0,100.0,1306.0,712.0,1431.0,1516.0,60.0,61.0,49.0,24.0,92.0,248.0,55.0,74.0,128.0,28.0,20.0,417.0,1246.0,641.0,247.0,43.0,33.0,32.0,143.0,66.0,12.0,1.0,23.0,76.0,41.0,5.0,75.0,41.0,140.0,61.0,79.0,11.0,30.0,32.0,21.0,67.0,50.0,68.0,16.0,33.0,127.0,172.0,43.0,38.0,12.0,73.0,24.0,42.0,34.0,97.0,32.0,37.0,24.0,49.0,35.0,25.0,7.0,6.0,19.0,3.0,5.0,15.0,12.0,27.0,3.0,5.0,114.0,75.0,127.0,241.0,73.0,223.0,225.0,155.0,139.0,57.0,881.0,101.0,228.0,87.0,158.0,2428.0,273.0,218.0,122.0,577.0,1354.0,1591.0,238.0,3646.0,35.0,27.0,26.0,15.0,127.0,207.0,-44.6982536315918,-11.48862075805664,3.2487473487854004
7,89.0,58.0,67.0,49.0,20.0,17.0,10.0,1325.0,84.0,91.0,1311.0,693.0,1434.0,1517.0,63.0,61.0,50.0,18.0,104.0,247.0,51.0,75.0,116.0,26.0,19.0,410.0,1255.0,640.0,257.0,41.0,31.0,30.0,144.0,69.0,12.0,2.0,20.0,81.0,44.0,11.0,70.0,45.0,140.0,79.0,111.0,10.0,29.0,30.0,20.0,69.0,51.0,69.0,18.0,33.0,127.0,176.0,41.0,36.0,8.0,65.0,24.0,50.0,46.0,120.0,27.0,36.0,24.0,48.0,35.0,24.0,6.0,5.0,18.0,2.0,3.0,14.0,13.0,24.0,3.0,4.0,117.0,76.0,124.0,238.0,71.0,224.0,228.0,152.0,136.0,56.0,882.0,101.0,231.0,88.0,151.0,2387.0,266.0,216.0,119.0,555.0,1354.0,1582.0,242.0,3653.0,34.0,27.0,26.0,15.0,122.0,206.0,-45.513214111328125,-9.514535903930664,3.5818169116973877
8,99.0,60.0,68.0,50.0,19.0,17.0,11.0,1313.0,83.0,94.0,1306.0,703.0,1423.0,1508.0,62.0,63.0,50.0,18.0,114.0,230.0,52.0,74.0,122.0,27.0,18.0,411.0,1254.0,632.0,252.0,42.0,31.0,30.0,138.0,86.0,10.0,1.0,20.0,96.0,56.0,0.0,69.0,42.0,137.0,90.0,129.0,9.0,26.0,30.0,20.0,66.0,51.0,68.0,18.0,32.0,125.0,179.0,47.0,36.0,10.0,68.0,30.0,61.0,56.0,131.0,31.0,34.0,23.0,47.0,34.0,23.0,7.0,6.0,18.0,3.0,4.0,17.0,14.0,26.0,3.0,4.0,120.0,79.0,128.0,244.0,72.0,225.0,226.0,157.0,140.0,58.0,876.0,98.0,224.0,85.0,153.0,2402.0,268.0,220.0,122.0,571.0,1359.0,1582.0,240.0,3645.0,34.0,27.0,26.0,14.0,122.0,205.0,-45.19251251220703,-9.487948417663574,3.610483407974243
9,98.0,56.0,65.0,49.0,20.0,17.0,11.0,1307.0,84.0,94.0,1287.0,693.0,1404.0,1497.0,61.0,61.0,49.0,17.0,122.0,234.0,53.0,75.0,121.0,26.0,19.0,417.0,1249.0,643.0,256.0,42.0,32.0,32.0,146.0,93.0,9.0,2.0,19.0,106.0,67.0,3.0,70.0,43.0,137.0,102.0,144.0,8.0,24.0,30.0,21.0,67.0,51.0,68.0,19.0,33.0,127.0,179.0,46.0,37.0,10.0,69.0,33.0,69.0,68.0,146.0,32.0,33.0,23.0,46.0,36.0,24.0,7.0,6.0,18.0,4.0,5.0,16.0,14.0,27.0,3.0,4.0,118.0,79.0,127.0,243.0,75.0,223.0,226.0,156.0,139.0,57.0,873.0,100.0,228.0,86.0,155.0,2393.0,270.0,219.0,122.0,551.0,1347.0,1572.0,243.0,3626.0,35.0,27.0,27.0,15.0,122.0,208.0,-45.421878814697266,-9.290246963500977,4.221893310546875
10,103.0,57.0,67.0,49.0,20.0,17.0,11.0,1310.0,84.0,94.0,1289.0,684.0,1410.0,1498.0,61.0,61.0,50.0,16.0,126.0,233.0,53.0,74.0,119.0,27.0,18.0,412.0,1242.0,637.0,258.0,44.0,33.0,32.0,146.0,93.0,10.0,2.0,20.0,109.0,65.0,1.0,68.0,45.0,140.0,106.0,153.0,9.0,25.0,31.0,21.0,68.0,53.0,67.0,18.0,33.0,127.0,179.0,47.0,38.0,8.0,69.0,34.0,77.0,77.0,149.0,34.0,34.0,23.0,47.0,36.0,25.0,6.0,5.0,18.0,2.0,4.0,16.0,13.0,26.0,3.0,4.0,120.0,80.0,125.0,241.0,74.0,224.0,225.0,155.0,138.0,58.0,874.0,99.0,228.0,85.0,153.0,2393.0,268.0,217.0,122.0,570.0,1335.0,1563.0,247.0,3642.0,36.0,27.0,27.0,15.0,122.0,208.0,-44.94598388671875,-9.49774169921875,3.253377676010132
11,102.0,58.0,65.0,49.0,20.0,17.0,11.0,1318.0,84.0,94.0,1292.0,696.0,1405.0,1497.0,60.0,61.0,49.0,16.0,125.0,235.0,53.0,73.0,123.0,28.0,18.0,422.0,1257.0,643.0,263.0,45.0,34.0,34.0,152.0,102.0,11.0,1.0,22.0,117.0,74.0,1.0,66.0,46.0,137.0,106.0,151.0,10.0,25.0,33.0,22.0,69.0,53.0,68.0,17.0,34.0,128.0,178.0,49.0,40.0,9.0,71.0,37.0,84.0,86.0,144.0,37.0,34.0,23.0,47.0,36.0,26.0,6.0,5.0,19.0,3.0,4.0,15.0,13.0,28.0,4.0,4.0,120.0,82.0,124.0,239.0,74.0,219.0,224.0,154.0,138.0,57.0,873.0,100.0,227.0,85.0,153.0,2381.0,271.0,218.0,122.0,568.0,1336.0,1559.0,253.0,3632.0,36.0,27.0,26.0,15.0,122.0,205.0,-44.85530090332031,-10.111998558044434,4.4453020095825195
12,106.0,62.0,67.0,51.0,20.0,18.0,11.0,1324.0,84.0,94.0,1290.0,697.0,1402.0,1490.0,62.0,62.0,49.0,16.0,124.0,231.0,54.0,72.0,122.0,28.0,18.0,418.0,1267.0,647.0,263.0,44.0,34.0,33.0,149.0,98.0,11.0,1.0,22.0,116.0,73.0,2.0,67.0,45.0,140.0,103.0,144.0,10.0,27.0,33.0,22.0,69.0,53.0,69.0,18.0,34.0,127.0,179.0,50.0,39.0,8.0,70.0,36.0,84.0,86.0,137.0,35.0,35.0,24.0,48.0,37.0,26.0,6.0,4.0,19.0,2.0,3.0,16.0,13.0,27.0,3.0,4.0,122.0,83.0,123.0,240.0,74.0,219.0,222.0,155.0,137.0,56.0,876.0,99.0,227.0,84.0,152.0,2370.0,268.0,218.0,123.0,575.0,1328.0,1550.0,252.0,3624.0,36.0,28.0,27.0,15.0,120.0,205.0,-45.23906707763672,-12.475371360778809,4.447741508483887
13,103.0,60.0,66.0,50.0,21.0,18.0,11.0,1322.0,84.0,93.0,1290.0,700.0,1393.0,1490.0,63.0,61.0,50.0,15.0,122.0,234.0,54.0,71.0,123.0,28.0,18.0,415.0,1272.0,646.0,266.0,45.0,34.0,34.0,151.0,99.0,12.0,1.0,22.0,117.0,74.0,1.0,70.0,45.0,140.0,102.0,146.0,10.0,26.0,33.0,22.0,69.0,54.0,68.0,19.0,34.0,129.0,176.0,49.0,40.0,7.0,71.0,37.0,86.0,89.0,133.0,36.0,34.0,24.0,47.0,37.0,27.0,5.0,4.0,20.0,2.0,3.0,17.0,14.0,27.0,3.0,4.0,124.0,84.0,123.0,236.0,74.0,218.0,223.0,154.0,138.0,56.0,872.0,99.0,225.0,83.0,150.0,2349.0,269.0,219.0,122.0,565.0,1324.0,1545.0,251.0,3621.0,36.0,28.0,27.0,15.0,120.0,206.0,-45.114742279052734,-12.216201782226562,3.7740349769592285
14,100.0,59.0,65.0,50.0,21.0,18.0,11.0,1330.0,83.0,91.0,1292.0,692.0,1403.0,1489.0,62.0,61.0,49.0,15.0,121.0,228.0,52.0,72.0,121.0,28.0,16.0,408.0,1269.0,646.0,255.0,43.0,33.0,32.0,148.0,93.0,11.0,2.0,22.0,113.0,71.0,2.0,69.0,45.0,139.0,103.0,146.0,10.0,27.0,31.0,22.0,66.0,53.0,68.0,20.0,35.0,127.0,180.0,50.0,37.0,8.0,68.0,35.0,84.0,88.0,136.0,34.0,33.0,23.0,47.0,37.0,25.0,6.0,5.0,19.0,3.0,4.0,17.0,15.0,26.0,3.0,4.0,125.0,84.0,125.0,239.0,75.0,219.0,222.0,156.0,140.0,57.0,867.0,99.0,225.0,82.0,150.0,2359.0,268.0,219.0,124.0,559.0,1328.0,1544.0,252.0,3617.0,36.0,28.0,27.0,15.0,122.0,207.0,-44.63546371459961,-12.979100227355957,3.200620174407959
15,97.0,58.0,66.0,49.0,21.0,18.0,11.0,1332.0,82.0,89.0,1294.0,682.0,1406.0,1497.0,63.0,61.0,49.0,15.0,118.0,232.0,50.0,72.0,116.0,27.0,16.0,397.0,1255.0,637.0,249.0,40.0,31.0,30.0,139.0,83.0,12.0,2.0,21.0,103.0,60.0,8.0,69.0,45.0,139.0,99.0,141.0,10.0,27.0,30.0,20.0,66.0,50.0,68.0,21.0,34.0,126.0,181.0,51.0,36.0,8.0,64.0,31.0,75.0,79.0,132.0,31.0,34.0,23.0,46.0,35.0,23.0,6.0,6.0,17.0,3.0,4.0,18.0,15.0,24.0,3.0,3.0,127.0,86.0,125.0,239.0,74.0,219.0,222.0,157.0,139.0,57.0,861.0,96.0,222.0,81.0,148.0,2358.0,262.0,217.0,124.0,561.0,1320.0,1536.0,259.0,3622.0,37.0,28.0,28.0,15.0,120.0,205.0,-45.114990234375,-11.732316970825195,3.5796608924865723
16,94.0,58.0,65.0,48.0,21.0,18.0,10.0,1339.0,83.0,88.0,1298.0,686.0,1405.0,1501.0,62.0,60.0,50.0,15.0,121.0,238.0,49.0,72.0,116.0,27.0,15.0,397.0,1270.0,649.0,249.0,40.0,32.0,31.0,148.0,88.0,11.0,3.0,20.0,105.0,60.0,5.0,68.0,46.0,140.0,103.0,151.0,9.0,26.0,30.0,21.0,67.0,53.0,68.0,20.0,35.0,127.0,183.0,49.0,35.0,9.0,62.0,33.0,78.0,83.0,137.0,31.0,35.0,24.0,48.0,37.0,23.0,7.0,6.0,18.0,3.0,4.0,17.0,15.0,23.0,3.0,3.0,126.0,83.0,124.0,242.0,75.0,220.0,222.0,154.0,139.0,57.0,871.0,97.0,226.0,81.0,145.0,2336.0,261.0,218.0,123.0,554.0,1322.0,1537.0,254.0,3645.0,37.0,29.0,28.0,15.0,119.0,205.0,-43.1977424621582,-11.554609298706055,4.044214248657227
17,93.0,62.0,67.0,51.0,21.0,19.0,11.0,1343.0,86.0,86.0,1290.0,710.0,1389.0,1478.0,62.0,61.0,49.0,17.0,120.0,250.0,49.0,75.0,120.0,26.0,15.0,407.0,1295.0,665.0,249.0,39.0,31.0,30.0,146.0,93.0,9.0,0.0,20.0,111.0,65.0,4.0,69.0,46.0,142.0,106.0,151.0,9.0,26.0,29.0,20.0,66.0,51.0,68.0,21.0,35.0,129.0,174.0,48.0,35.0,10.0,64.0,36.0,78.0,84.0,139.0,28.0,34.0,22.0,47.0,35.0,23.0,5.0,4.0,18.0,3.0,4.0,17.0,15.0,23.0,2.0,3.0,129.0,79.0,127.0,235.0,75.0,221.0,225.0,155.0,139.0,58.0,874.0,99.0,232.0,85.0,148.0,2299.0,267.0,219.0,124.0,541.0,1323.0,1540.0,250.0,3642.0,37.0,28.0,28.0,15.0,120.0,205.0,-44.36919021606445,-12.806478500366211,4.19539737701416
18,93.0,64.0,65.0,50.0,21.0,18.0,11.0,1332.0,84.0,87.0,1296.0,708.0,1394.0,1483.0,59.0,59.0,48.0,18.0,117.0,253.0,49.0,74.0,119.0,26.0,15.0,401.0,1292.0,668.0,242.0,38.0,30.0,30.0,143.0,88.0,9.0,0.0,20.0,106.0,59.0,4.0,70.0,43.0,140.0,100.0,144.0,9.0,27.0,28.0,19.0,65.0,49.0,66.0,18.0,35.0,128.0,177.0,48.0,34.0,10.0,64.0,35.0,73.0,78.0,136.0,26.0,34.0,23.0,46.0,35.0,22.0,6.0,4.0,16.0,3.0,4.0,17.0,14.0,22.0,2.0,3.0,124.0,82.0,125.0,237.0,73.0,221.0,223.0,154.0,138.0,57.0,870.0,96.0,229.0,82.0,147.0,2306.0,262.0,217.0,124.0,553.0,1327.0,1540.0,251.0,3632.0,37.0,29.0,28.0,15.0,120.0,204.0,-44.64601516723633,-12.101264953613281,4.268218040466309
19,91.0,66.0,66.0,51.0,21.0,18.0,11.0,1330.0,84.0,87.0,1293.0,710.0,1399.0,1482.0,60.0,61.0,48.0,21.0,111.0,258.0,49.0,72.0,119.0,27.0,16.0,396.0,1295.0,671.0,243.0,38.0,30.0,30.0,144.0,84.0,10.0,0.0,21.0,103.0,57.0,1.0,74.0,42.0,140.0,93.0,128.0,9.0,27.0,28.0,19.0,64.0,49.0,66.0,19.0,34.0,129.0,174.0,49.0,34.0,10.0,63.0,34.0,71.0,74.0,125.0,24.0,35.0,23.0,47.0,35.0,22.0,5.0,4.0,17.0,2.0,3.0,17.0,15.0,22.0,3.0,4.0,127.0,84.0,126.0,235.0,73.0,221.0,224.0,157.0,141.0,57.0,869.0,100.0,227.0,83.0,147.0,2301.0,263.0,221.0,125.0,566.0,1316.0,1528.0,251.0,3619.0,36.0,28.0,27.0,15.0,120.0,204.0,-44.404884338378906,-11.899811744689941,3.777327060699463
20,95.0,73.0,68.0,53.0,21.0,18.0,11.0,1317.0,83.0,86.0,1287.0,709.0,1393.0,1479.0,60.0,62.0,48.0,21.0,107.0,254.0,48.0,74.0,117.0,26.0,15.0,389.0,1281.0,658.0,235.0,36.0,29.0,28.0,139.0,79.0,9.0,0.0,20.0,94.0,51.0,0.0,81.0,38.0,137.0,91.0,122.0,9.0,29.0,26.0,18.0,63.0,47.0,66.0,21.0,34.0,128.0,172.0,46.0,32.0,10.0,61.0,31.0,62.0,64.0,126.0,18.0,36.0,25.0,47.0,36.0,21.0,5.0,4.0,16.0,3.0,4.0,19.0,16.0,20.0,2.0,3.0,125.0,82.0,127.0,235.0,72.0,222.0,225.0,155.0,141.0,58.0,868.0,97.0,226.0,84.0,146.0,2283.0,257.0,224.0,126.0,587.0,1328.0,1528.0,252.0,3627.0,37.0,29.0,28.0,15.0,125.0,203.0,-45.79281997680664,-11.916521072387695,3.5301761627197266
21,95.0,71.0,68.0,52.0,21.0,18.0,11.0,1312.0,83.0,86.0,1290.0,702.0,1401.0,1475.0,59.0,62.0,48.0,21.0,103.0,254.0,48.0,74.0,117.0,27.0,14.0,393.0,1274.0,659.0,235.0,36.0,28.0,28.0,139.0,72.0,10.0,0.0,20.0,91.0,49.0,3.0,78.0,39.0,137.0,86.0,112.0,9.0,30.0,27.0,18.0,64.0,47.0,65.0,19.0,34.0,127.0,172.0,47.0,32.0,10.0,61.0,30.0,59.0,60.0,121.0,18.0,36.0,24.0,47.0,35.0,21.0,6.0,5.0,16.0,3.0,4.0,17.0,15.0,20.0,2.0,3.0,123.0,81.0,126.0,236.0,73.0,223.0,225.0,156.0,139.0,57.0,865.0,98.0,225.0,84.0,146.0,2295.0,256.0,223.0,126.0,586.0,1338.0,1539.0,257.0,3625.0,37.0,29.0,27.0,15.0,125.0,202.0,-44.45331954956055,-11.779204368591309,3.7124600410461426
22,97.0,72.0,68.0,51.0,21.0,18.0,11.0,1311.0,83.0,88.0,1288.0,694.0,1395.0,1480.0,59.0,61.0,48.0,20.0,101.0,250.0,47.0,73.0,115.0,26.0,15.0,395.0,1256.0,646.0,240.0,37.0,29.0,29.0,140.0,74.0,11.0,2.0,20.0,86.0,44.0,6.0,76.0,40.0,136.0,84.0,108.0,9.0,30.0,27.0,19.0,65.0,49.0,67.0,19.0,34.0,126.0,173.0,46.0,33.0,11.0,61.0,27.0,58.0,60.0,119.0,16.0,37.0,25.0,49.0,36.0,22.0,7.0,6.0,17.0,3.0,5.0,17.0,15.0,19.0,3.0,4.0,120.0,81.0,125.0,238.0,73.0,220.0,225.0,156.0,140.0,57.0,867.0,97.0,226.0,84.0,144.0,2288.0,251.0,223.0,126.0,591.0,1332.0,1531.0,257.0,3622.0,37.0,29.0,28.0,15.0,121.0,204.0,-44.571434020996094,-11.371580123901367,3.963437080383301
23,94.0,67.0,67.0,51.0,21.0,18.0,11.0,1320.0,81.0,84.0,1295.0,686.0,1403.0,1483.0,59.0,61.0,49.0,19.0,98.0,251.0,45.0,73.0,111.0,25.0,14.0,386.0,1266.0,644.0,243.0,36.0,29.0,29.0,144.0,69.0,10.0,2.0,20.0,81.0,37.0,5.0,74.0,40.0,137.0,81.0,105.0,9.0,30.0,27.0,18.0,67.0,49.0,66.0,19.0,33.0,125.0,179.0,47.0,32.0,10.0,57.0,25.0,52.0,53.0,117.0,17.0,37.0,25.0,48.0,36.0,21.0,7.0,6.0,16.0,3.0,5.0,18.0,15.0,18.0,2.0,3.0,121.0,82.0,126.0,241.0,72.0,222.0,225.0,156.0,140.0,57.0,867.0,97.0,226.0,85.0,141.0,2288.0,249.0,224.0,125.0,586.0,1334.0,1528.0,256.0,3624.0,36.0,28.0,27.0,15.0,122.0,200.0,-43.592529296875,-11.097390174865723,4.503268718719482
24,92.0,68.0,68.0,52.0,21.0,18.0,11.0,1317.0,81.0,83.0,1294.0,688.0,1397.0,1471.0,59.0,62.0,48.0,20.0,92.0,251.0,44.0,74.0,110.0,24.0,14.0,383.0,1267.0,652.0,236.0,34.0,27.0,27.0,139.0,61.0,11.0,2.0,19.0,73.0,31.0,11.0,77.0,39.0,136.0,75.0,91.0,9.0,31.0,25.0,17.0,66.0,47.0,66.0,20.0,33.0,126.0,176.0,45.0,30.0,11.0,55.0,23.0,44.0,45.0,108.0,11.0,37.0,24.0,48.0,34.0,20.0,7.0,6.0,15.0,3.0,4.0,17.0,15.0,17.0,2.0,3.0,121.0,81.0,126.0,239.0,72.0,222.0,227.0,155.0,140.0,57.0,861.0,96.0,223.0,85.0,141.0,2271.0,246.0,225.0,124.0,591.0,1329.0,1525.0,251.0,3602.0,36.0,29.0,27.0,15.0,120.0,202.0,-44.53235626220703,-11.263677597045898,4.130352020263672
25,90.0,67.0,67.0,50.0,21.0,18.0,11.0,1321.0,80.0,82.0,1293.0,681.0,1393.0,1479.0,60.0,62.0,48.0,20.0,90.0,250.0,44.0,74.0,108.0,25.0,14.0,379.0,1265.0,648.0,231.0,34.0,27.0,27.0,139.0,62.0,11.0,2.0,19.0,73.0,31.0,12.0,76.0,40.0,136.0,73.0,88.0,9.0,33.0,25.0,17.0,66.0,46.0,66.0,21.0,34.0,124.0,174.0,46.0,30.0,11.0,55.0,22.0,45.0,47.0,105.0,12.0,36.0,24.0,47.0,34.0,20.0,7.0,6.0,15.0,3.0,5.0,18.0,16.0,16.0,2.0,3.0,121.0,82.0,126.0,238.0,72.0,223.0,227.0,154.0,141.0,56.0,861.0,95.0,224.0,85.0,140.0,2280.0,246.0,222.0,123.0,585.0,1319.0,1521.0,246.0,3607.0,35.0,28.0,27.0,14.0,119.0,200.0,-45.07620620727539,-11.731100082397461,4.0986199378967285
26,89.0,68.0,67.0,51.0,21.0,18.0,11.0,1317.0,82.0,85.0,1290.0,691.0,1392.0,1472.0,60.0,61.0,49.0,20.0,88.0,251.0,45.0,74.0,113.0,25.0,14.0,383.0,1267.0,646.0,234.0,35.0,28.0,27.0,137.0,64.0,11.0,2.0,19.0,75.0,35.0,10.0,74.0,39.0,136.0,73.0,87.0,9.0,31.0,26.0,17.0,65.0,47.0,66.0,20.0,33.0,125.0,177.0,46.0,31.0,10.0,57.0,23.0,47.0,49.0,106.0,13.0,35.0,25.0,47.0,36.0,20.0,7.0,6.0,15.0,4.0,5.0,18.0,15.0,17.0,2.0,3.0,120.0,83.0,126.0,240.0,71.0,222.0,225.0,154.0,140.0,57.0,867.0,95.0,224.0,84.0,141.0,2272.0,249.0,222.0,124.0,596.0,1308.0,1508.0,246.0,3594.0,35.0,29.0,27.0,15.0,123.0,199.0,-45.48652267456055,-14.019082069396973,5.056955337524414
27,93.0,71.0,68.0,51.0,21.0,18.0,11.0,1321.0,84.0,87.0,1281.0,689.0,1379.0,1461.0,61.0,62.0,49.0,20.0,92.0,254.0,47.0,75.0,114.0,26.0,14.0,394.0,1267.0,657.0,249.0,39.0,30.0,30.0,147.0,66.0,12.0,2.0,21.0,82.0,43.0,8.0,78.0,40.0,139.0,76.0,89.0,9.0,32.0,28.0,19.0,68.0,51.0,67.0,21.0,33.0,126.0,175.0,45.0,34.0,10.0,61.0,25.0,56.0,60.0,105.0,16.0,37.0,26.0,49.0,37.0,22.0,7.0,5.0,17.0,3.0,4.0,19.0,16.0,19.0,3.0,4.0,118.0,79.0,125.0,239.0,73.0,221.0,222.0,152.0,138.0,57.0,866.0,99.0,228.0,85.0,144.0,2261.0,252.0,220.0,124.0,590.0,1296.0,1491.0,248.0,3569.0,36.0,28.0,26.0,15.0,121.0,199.0,-44.13285446166992,-12.142457962036133,4.617424488067627
28,96.0,71.0,69.0,52.0,20.0,17.0,11.0,1344.0,84.0,85.0,1301.0,702.0,1388.0,1456.0,60.0,61.0,49.0,21.0,92.0,255.0,45.0,74.0,114.0,25.0,14.0,397.0,1302.0,663.0,253.0,38.0,31.0,30.0,149.0,73.0,12.0,2.0,21.0,85.0,42.0,9.0,74.0,40.0,139.0,75.0,88.0,10.0,33.0,28.0,19.0,68.0,51.0,67.0,19.0,33.0,127.0,178.0,45.0,34.0,10.0,59.0,26.0,60.0,66.0,101.0,13.0,37.0,25.0,49.0,37.0,22.0,7.0,5.0,17.0,3.0,4.0,17.0,15.0,17.0,2.0,4.0,117.0,80.0,125.0,240.0,70.0,224.0,226.0,152.0,138.0,55.0,876.0,98.0,229.0,84.0,140.0,2221.0,245.0,222.0,124.0,597.0,1290.0,1475.0,245.0,3582.0,35.0,27.0,26.0,14.0,118.0,201.0,-44.257415771484375,-11.510180473327637,5.04848051071167
29,90.0,64.0,67.0,51.0,20.0,17.0,11.0,1356.0,84.0,83.0,1307.0,699.0,1402.0,1471.0,62.0,61.0,50.0,21.0,90.0,253.0,45.0,74.0,112.0,25.0,14.0,399.0,1305.0,660.0,254.0,38.0,31.0,30.0,153.0,72.0,12.0,1.0,22.0,82.0,39.0,10.0,71.0,42.0,139.0,73.0,85.0,10.0,33.0,28.0,20.0,68.0,52.0,68.0,21.0,33.0,126.0,183.0,45.0,34.0,10.0,59.0,26.0,56.0,60.0,97.0,17.0,36.0,24.0,48.0,36.0,22.0,7.0,5.0,17.0,3.0,4.0,18.0,15.0,17.0,2.0,3.0,121.0,81.0,127.0,242.0,71.0,222.0,226.0,157.0,141.0,57.0,871.0,97.0,228.0,83.0,138.0,2230.0,247.0,223.0,124.0,571.0,1299.0,1497.0,239.0,3578.0,34.0,27.0,26.0,14.0,116.0,201.0,-43.57801055908203,-11.94890022277832,4.393506050109863
30,91.0,59.0,65.0,50.0,20.0,17.0,10.0,1381.0,86.0,80.0,1321.0,679.0,1413.0,1501.0,63.0,59.0,50.0,19.0,94.0,250.0,43.0,76.0,109.0,25.0,13.0,387.0,1309.0,673.0,258.0,37.0,32.0,30.0,154.0,70.0,12.0,3.0,21.0,85.0,43.0,13.0,74.0,43.0,138.0,72.0,89.0,9.0,32.0,28.0,20.0,71.0,55.0,70.0,24.0,33.0,126.0,193.0,47.0,33.0,10.0,55.0,25.0,59.0,67.0,94.0,19.0,37.0,24.0,51.0,37.0,22.0,8.0,7.0,17.0,4.0,5.0,20.0,16.0,17.0,2.0,3.0,122.0,85.0,127.0,246.0,72.0,220.0,221.0,156.0,142.0,56.0,871.0,98.0,229.0,84.0,136.0,2287.0,254.0,222.0,125.0,558.0,1312.0,1504.0,236.0,3558.0,35.0,27.0,26.0,14.0,118.0,196.0,-43.69921875,-11.294099807739258,3.8023483753204346
31,96.0,64.0,67.0,49.0,21.0,18.0,10.0,1385.0,85.0,79.0,1337.0,686.0,1433.0,1518.0,63.0,61.0,51.0,18.0,95.0,245.0,42.0,76.0,109.0,26.0,13.0,378.0,1298.0,652.0,248.0,35.0,29.0,28.0,144.0,68.0,12.0,3.0,20.0,80.0,37.0,12.0,74.0,44.0,138.0,73.0,94.0,9.0,33.0,27.0,18.0,69.0,51.0,70.0,24.0,34.0,126.0,190.0,46.0,31.0,10.0,53.0,23.0,53.0,61.0,100.0,16.0,36.0,24.0,49.0,36.0,21.0,8.0,7.0,16.0,4.0,5.0,19.0,17.0,16.0,2.0,3.0,123.0,83.0,127.0,244.0,72.0,220.0,223.0,155.0,141.0,58.0,872.0,96.0,230.0,83.0,135.0,2302.0,252.0,219.0,124.0,571.0,1326.0,1529.0,238.0,3589.0,35.0,28.0,26.0,15.0,122.0,196.0,-45.89872741699219,-10.892231941223145,2.8796732425689697
32,101.0,65.0,69.0,51.0,20.0,17.0,11.0,1383.0,85.0,80.0,1342.0,689.0,1436.0,1529.0,64.0,62.0,50.0,18.0,95.0,235.0,42.0,77.0,110.0,26.0,12.0,382.0,1284.0,638.0,243.0,35.0,29.0,28.0,143.0,75.0,12.0,4.0,20.0,84.0,42.0,12.0,75.0,44.0,138.0,76.0,95.0,9.0,33.0,26.0,19.0,68.0,51.0,71.0,25.0,33.0,125.0,191.0,45.0,31.0,10.0,54.0,24.0,56.0,62.0,107.0,16.0,37.0,25.0,49.0,36.0,20.0,8.0,7.0,16.0,4.0,6.0,19.0,17.0,17.0,2.0,3.0,120.0,81.0,130.0,248.0,73.0,222.0,227.0,157.0,142.0,57.0,870.0,96.0,230.0,84.0,136.0,2317.0,251.0,220.0,124.0,553.0,1351.0,1543.0,233.0,3592.0,34.0,27.0,26.0,15.0,124.0,199.0,-44.906837463378906,-10.490354537963867,3.564096689224243
33,96.0,63.0,69.0,49.0,20.0,17.0,10.0,1393.0,84.0,84.0,1373.0,720.0,1483.0,1569.0,61.0,61.0,49.0,16.0,90.0,216.0,43.0,77.0,114.0,27.0,13.0,376.0,1280.0,622.0,220.0,33.0,26.0,25.0,124.0,79.0,12.0,5.0,19.0,82.0,43.0,10.0,57.0,49.0,134.0,82.0,97.0,9.0,33.0,24.0,16.0,63.0,46.0,70.0,22.0,33.0,123.0,193.0,45.0,29.0,12.0,54.0,23.0,51.0,55.0,122.0,18.0,34.0,23.0,48.0,35.0,18.0,9.0,7.0,14.0,4.0,5.0,17.0,15.0,18.0,2.0,3.0,123.0,84.0,132.0,250.0,73.0,223.0,228.0,160.0,145.0,58.0,883.0,93.0,230.0,82.0,142.0,2376.0,256.0,220.0,124.0,544.0,1362.0,1564.0,234.0,3633.0,34.0,27.0,26.0,16.0,130.0,201.0,-42.14351272583008,-8.30351448059082,2.626863956451416
34,98.0,60.0,69.0,48.0,20.0,17.0,10.0,1395.0,84.0,81.0,1370.0,721.0,1486.0,1584.0,60.0,63.0,49.0,14.0,97.0,217.0,43.0,79.0,112.0,26.0,12.0,375.0,1268.0,621.0,194.0,28.0,21.0,20.0,103.0,81.0,9.0,3.0,17.0,84.0,47.0,7.0,53.0,52.0,131.0,91.0,112.0,7.0,29.0,20.0,14.0,57.0,40.0,69.0,22.0,33.0,120.0,193.0,47.0,24.0,11.0,53.0,20.0,44.0,47.0,145.0,20.0,32.0,21.0,46.0,34.0,16.0,6.0,6.0,12.0,3.0,4.0,18.0,14.0,19.0,1.0,2.0,129.0,83.0,134.0,250.0,75.0,226.0,226.0,160.0,144.0,60.0,876.0,90.0,229.0,81.0,148.0,2446.0,270.0,213.0,122.0,521.0,1394.0,1598.0,245.0,3644.0,36.0,29.0,27.0,16.0,133.0,200.0,-42.05121994018555,-6.865640640258789,3.3065576553344727
35,114.0,64.0,69.0,48.0,20.0,17.0,10.0,1422.0,85.0,82.0,1382.0,741.0,1499.0,1599.0,62.0,63.0,49.0,12.0,111.0,201.0,44.0,77.0,117.0,27.0,12.0,377.0,1287.0,617.0,200.0,30.0,23.0,22.0,102.0,98.0,9.0,2.0,18.0,105.0,66.0,4.0,52.0,55.0,131.0,103.0,135.0,8.0,31.0,22.0,14.0,58.0,41.0,71.0,23.0,34.0,122.0,183.0,49.0,26.0,10.0,55.0,26.0,69.0,79.0,150.0,23.0,32.0,19.0,47.0,33.0,17.0,6.0,5.0,13.0,3.0,4.0,18.0,15.0,20.0,1.0,2.0,132.0,87.0,132.0,240.0,74.0,223.0,225.0,162.0,145.0,59.0,875.0,91.0,230.0,80.0,148.0,2445.0,274.0,214.0,123.0,514.0,1400.0,1612.0,250.0,3659.0,36.0,28.0,27.0,17.0,134.0,201.0,-41.21986389160156,-7.369220733642578,3.9469199180603027
36,124.0,64.0,70.0,46.0,20.0,18.0,10.0,1429.0,85.0,77.0,1394.0,723.0,1523.0,1620.0,64.0,64.0,48.0,7.0,122.0,199.0,42.0,81.0,111.0,26.0,11.0,359.0,1286.0,620.0,189.0,27.0,21.0,20.0,100.0,98.0,9.0,2.0,16.0,110.0,69.0,6.0,52.0,56.0,134.0,119.0,162.0,7.0,31.0,20.0,13.0,58.0,39.0,73.0,24.0,34.0,121.0,181.0,46.0,23.0,10.0,50.0,23.0,71.0,82.0,176.0,20.0,31.0,19.0,46.0,32.0,15.0,6.0,5.0,11.0,3.0,3.0,19.0,15.0,18.0,0.0,2.0,134.0,86.0,133.0,238.0,74.0,223.0,225.0,162.0,145.0,58.0,875.0,90.0,232.0,80.0,147.0,2501.0,275.0,215.0,122.0,471.0,1441.0,1642.0,248.0,3668.0,36.0,28.0,27.0,16.0,131.0,199.0,-43.988792419433594,-8.230194091796875,4.921917915344238
37,142.0,67.0,70.0,48.0,19.0,18.0,10.0,1476.0,85.0,77.0,1410.0,736.0,1523.0,1626.0,66.0,63.0,47.0,5.0,139.0,193.0,43.0,77.0,115.0,27.0,12.0,368.0,1347.0,631.0,209.0,30.0,24.0,23.0,112.0,125.0,10.0,1.0,19.0,141.0,94.0,1.0,52.0,57.0,134.0,134.0,191.0,9.0,33.0,22.0,15.0,59.0,44.0,74.0,22.0,35.0,126.0,176.0,47.0,27.0,10.0,53.0,34.0,106.0,120.0,175.0,23.0,31.0,19.0,46.0,34.0,18.0,5.0,4.0,14.0,3.0,4.0,17.0,14.0,19.0,1.0,2.0,133.0,92.0,129.0,231.0,73.0,217.0,223.0,162.0,144.0,56.0,872.0,91.0,232.0,78.0,142.0,2469.0,274.0,216.0,123.0,470.0,1419.0,1618.0,241.0,3619.0,36.0,28.0,27.0,16.0,131.0,197.0,-44.357032775878906,-8.110140800476074,3.8524422645568848
38,156.0,69.0,69.0,48.0,20.0,18.0,10.0,1496.0,87.0,78.0,1414.0,761.0,1518.0,1608.0,65.0,63.0,49.0,4.0,151.0,187.0,45.0,76.0,123.0,28.0,14.0,386.0,1395.0,647.0,230.0,35.0,28.0,28.0,124.0,165.0,9.0,1.0,22.0,181.0,134.0,12.0,48.0,57.0,140.0,154.0,216.0,10.0,32.0,26.0,18.0,61.0,47.0,74.0,17.0,35.0,130.0,173.0,48.0,31.0,10.0,59.0,46.0,143.0,162.0,186.0,29.0,31.0,19.0,46.0,34.0,21.0,5.0,4.0,16.0,3.0,4.0,14.0,11.0,21.0,1.0,2.0,134.0,89.0,133.0,230.0,74.0,217.0,223.0,165.0,145.0,56.0,873.0,95.0,238.0,78.0,139.0,2429.0,276.0,221.0,126.0,466.0,1419.0,1616.0,235.0,3600.0,36.0,27.0,26.0,17.0,134.0,197.0,-44.3084602355957,-8.667680740356445,4.285531997680664
39,159.0,73.0,71.0,50.0,19.0,17.0,11.0,1524.0,87.0,75.0,1424.0,764.0,1520.0,1597.0,67.0,66.0,48.0,4.0,157.0,203.0,44.0,74.0,123.0,27.0,13.0,384.0,1466.0,680.0,227.0,32.0,26.0,26.0,125.0,170.0,7.0,4.0,22.0,194.0,139.0,16.0,47.0,56.0,137.0,169.0,227.0,9.0,31.0,24.0,17.0,59.0,46.0,75.0,17.0,35.0,128.0,166.0,50.0,29.0,10.0,57.0,49.0,149.0,165.0,198.0,27.0,29.0,20.0,44.0,35.0,19.0,4.0,3.0,15.0,3.0,4.0,14.0,11.0,22.0,0.0,1.0,135.0,91.0,130.0,225.0,70.0,216.0,222.0,163.0,144.0,56.0,870.0,94.0,233.0,76.0,138.0,2437.0,279.0,222.0,124.0,450.0,1408.0,1605.0,234.0,3582.0,36.0,27.0,26.0,16.0,131.0,193.0,-44.1829719543457,-8.460829734802246,4.144887924194336
40,150.0,69.0,70.0,48.0,19.0,17.0,11.0,1530.0,86.0,75.0,1427.0,760.0,1518.0,1599.0,68.0,64.0,48.0,5.0,157.0,199.0,43.0,73.0,126.0,27.0,13.0,386.0,1472.0,686.0,231.0,32.0,26.0,26.0,127.0,178.0,7.0,2.0,22.0,204.0,145.0,18.0,41.0,57.0,134.0,176.0,228.0,9.0,28.0,24.0,17.0,58.0,46.0,74.0,16.0,35.0,126.0,167.0,49.0,29.0,11.0,57.0,54.0,156.0,171.0,207.0,31.0,30.0,19.0,45.0,33.0,19.0,5.0,4.0,15.0,3.0,4.0,14.0,10.0,24.0,0.0,1.0,133.0,88.0,129.0,226.0,69.0,215.0,219.0,160.0,142.0,55.0,868.0,94.0,231.0,76.0,136.0,2451.0,279.0,220.0,121.0,447.0,1401.0,1595.0,225.0,3586.0,35.0,26.0,26.0,15.0,127.0,194.0,-43.15550994873047,-12.05076789855957,4.4260640144348145
41,139.0,68.0,71.0,47.0,19.0,17.0,10.0,1519.0,86.0,73.0,1446.0,748.0,1541.0,1618.0,67.0,64.0,48.0,6.0,149.0,192.0,41.0,74.0,120.0,27.0,13.0,359.0,1451.0,674.0,217.0,30.0,24.0,23.0,116.0,166.0,7.0,1.0,19.0,190.0,134.0,16.0,41.0,56.0,131.0,173.0,221.0,8.0,27.0,22.0,16.0,55.0,43.0,72.0,17.0,34.0,121.0,170.0,47.0,27.0,10.0,53.0,51.0,146.0,159.0,215.0,27.0,30.0,19.0,44.0,34.0,18.0,4.0,4.0,14.0,3.0,4.0,13.0,11.0,22.0,0.0,1.0,132.0,87.0,131.0,229.0,70.0,214.0,220.0,166.0,145.0,57.0,864.0,93.0,228.0,75.0,135.0,2483.0,277.0,222.0,122.0,436.0,1408.0,1599.0,230.0,3591.0,34.0,27.0,26.0,16.0,134.0,192.0,-43.728126525878906,-11.124968528747559,4.871671199798584
42,123.0,62.0,68.0,47.0,19.0,17.0,10.0,1525.0,87.0,73.0,1441.0,744.0,1532.0,1609.0,64.0,63.0,48.0,8.0,142.0,199.0,41.0,75.0,120.0,27.0,12.0,363.0,1469.0,692.0,209.0,28.0,22.0,22.0,117.0,164.0,6.0,1.0,19.0,185.0,129.0,13.0,29.0,60.0,131.0,171.0,217.0,7.0,27.0,21.0,15.0,55.0,42.0,71.0,16.0,34.0,120.0,171.0,46.0,25.0,11.0,51.0,50.0,139.0,151.0,221.0,27.0,29.0,17.0,44.0,32.0,17.0,5.0,4.0,13.0,3.0,4.0,11.0,8.0,22.0,0.0,0.0,130.0,85.0,132.0,232.0,72.0,220.0,224.0,163.0,144.0,57.0,878.0,92.0,234.0,77.0,135.0,2484.0,277.0,219.0,120.0,436.0,1397.0,1593.0,230.0,3626.0,35.0,27.0,27.0,16.0,133.0,195.0,-42.62042236328125,-10.856705665588379,4.782752990722656
43,109.0,59.0,67.0,47.0,19.0,17.0,10.0,1518.0,85.0,72.0,1445.0,730.0,1539.0,1607.0,64.0,61.0,48.0,10.0,138.0,208.0,40.0,75.0,117.0,26.0,13.0,359.0,1463.0,704.0,214.0,29.0,23.0,23.0,120.0,154.0,7.0,0.0,19.0,182.0,124.0,8.0,33.0,58.0,132.0,168.0,216.0,7.0,25.0,21.0,15.0,56.0,43.0,71.0,16.0,34.0,123.0,175.0,45.0,26.0,10.0,50.0,50.0,137.0,149.0,216.0,27.0,30.0,17.0,45.0,31.0,17.0,6.0,5.0,13.0,3.0,4.0,10.0,8.0,22.0,0.0,1.0,126.0,84.0,127.0,233.0,71.0,221.0,226.0,158.0,141.0,56.0,877.0,94.0,235.0,78.0,135.0,2483.0,275.0,215.0,117.0,420.0,1386.0,1579.0,223.0,3625.0,34.0,28.0,27.0,16.0,132.0,198.0,-42.26050567626953,-10.615489959716797,5.018374443054199
44,108.0,61.0,65.0,46.0,19.0,17.0,10.0,1521.0,84.0,69.0,1442.0,712.0,1532.0,1601.0,61.0,59.0,46.0,10.0,133.0,203.0,39.0,74.0,118.0,28.0,11.0,346.0,1470.0,715.0,203.0,27.0,22.0,22.0,117.0,161.0,7.0,1.0,18.0,190.0,133.0,10.0,22.0,64.0,131.0,167.0,205.0,7.0,25.0,21.0,15.0,56.0,43.0,67.0,13.0,34.0,117.0,172.0,48.0,25.0,9.0,50.0,51.0,143.0,157.0,213.0,30.0,31.0,18.0,46.0,33.0,17.0,4.0,3.0,13.0,3.0,3.0,8.0,7.0,22.0,0.0,0.0,127.0,89.0,121.0,228.0,68.0,216.0,222.0,150.0,136.0,53.0,881.0,92.0,230.0,76.0,133.0,2542.0,285.0,212.0,115.0,444.0,1365.0,1559.0,218.0,3601.0,34.0,28.0,27.0,15.0,128.0,194.0,-43.818748474121094,-9.833349227905273,4.5794901847839355
45,121.0,72.0,69.0,48.0,19.0,17.0,10.0,1515.0,84.0,71.0,1449.0,713.0,1554.0,1606.0,62.0,62.0,45.0,12.0,127.0,205.0,40.0,75.0,117.0,27.0,12.0,341.0,1463.0,699.0,204.0,28.0,23.0,22.0,115.0,154.0,8.0,1.0,19.0,181.0,126.0,6.0,28.0,60.0,129.0,160.0,190.0,8.0,31.0,21.0,15.0,56.0,43.0,70.0,10.0,34.0,118.0,169.0,45.0,25.0,8.0,51.0,49.0,141.0,156.0,204.0,22.0,33.0,21.0,48.0,36.0,17.0,4.0,3.0,13.0,2.0,3.0,9.0,6.0,18.0,0.0,1.0,122.0,87.0,123.0,232.0,68.0,216.0,220.0,152.0,137.0,53.0,885.0,92.0,231.0,77.0,134.0,2551.0,280.0,215.0,118.0,471.0,1369.0,1561.0,215.0,3585.0,34.0,27.0,26.0,16.0,133.0,191.0,-43.14743423461914,-10.226058006286621,4.755351543426514
46,118.0,73.0,69.0,48.0,20.0,17.0,10.0,1525.0,85.0,68.0,1475.0,709.0,1574.0,1637.0,62.0,62.0,45.0,11.0,121.0,200.0,39.0,74.0,116.0,28.0,11.0,315.0,1477.0,697.0,183.0,25.0,20.0,21.0,101.0,156.0,8.0,1.0,19.0,186.0,133.0,4.0,23.0,63.0,129.0,164.0,190.0,8.0,31.0,20.0,13.0,51.0,39.0,69.0,11.0,35.0,116.0,168.0,45.0,23.0,7.0,49.0,48.0,147.0,161.0,211.0,22.0,33.0,19.0,48.0,34.0,15.0,3.0,2.0,12.0,2.0,3.0,8.0,6.0,18.0,0.0,1.0,124.0,89.0,124.0,230.0,69.0,214.0,221.0,157.0,140.0,56.0,880.0,88.0,232.0,73.0,130.0,2588.0,281.0,215.0,120.0,469.0,1374.0,1557.0,222.0,3581.0,35.0,28.0,27.0,17.0,139.0,197.0,-42.65581130981445,-10.235864639282227,4.510684967041016
47,123.0,78.0,70.0,51.0,20.0,18.0,11.0,1528.0,88.0,73.0,1466.0,745.0,1556.0,1618.0,61.0,63.0,46.0,13.0,122.0,208.0,44.0,74.0,126.0,29.0,13.0,349.0,1514.0,722.0,204.0,30.0,23.0,23.0,110.0,173.0,6.0,5.0,22.0,204.0,153.0,15.0,25.0,60.0,134.0,160.0,181.0,9.0,31.0,23.0,16.0,53.0,42.0,71.0,9.0,35.0,118.0,167.0,46.0,27.0,9.0,57.0,54.0,157.0,170.0,200.0,27.0,33.0,21.0,48.0,36.0,18.0,2.0,1.0,14.0,1.0,3.0,6.0,4.0,22.0,0.0,1.0,123.0,86.0,127.0,232.0,70.0,215.0,219.0,157.0,140.0,56.0,884.0,93.0,234.0,74.0,137.0,2556.0,291.0,217.0,123.0,484.0,1383.0,1577.0,221.0,3568.0,36.0,28.0,27.0,17.0,137.0,196.0,-42.67706298828125,-9.38670825958252,4.3528618812561035
48,117.0,80.0,71.0,50.0,21.0,19.0,11.0,1505.0,87.0,70.0,1448.0,712.0,1553.0,1623.0,59.0,64.0,47.0,13.0,112.0,212.0,42.0,76.0,123.0,28.0,12.0,329.0,1484.0,720.0,194.0,29.0,23.0,23.0,108.0,163.0,6.0,6.0,22.0,199.0,147.0,15.0,35.0,57.0,137.0,152.0,161.0,9.0,30.0,22.0,16.0,53.0,43.0,71.0,13.0,36.0,118.0,173.0,45.0,26.0,8.0,57.0,49.0,151.0,165.0,190.0,24.0,36.0,21.0,51.0,37.0,17.0,1.0,1.0,13.0,1.0,2.0,10.0,7.0,22.0,0.0,1.0,121.0,88.0,127.0,235.0,72.0,214.0,217.0,158.0,141.0,58.0,879.0,93.0,232.0,76.0,137.0,2606.0,296.0,218.0,125.0,496.0,1389.0,1580.0,225.0,3554.0,37.0,29.0,29.0,18.0,143.0,199.0,-43.614227294921875,-9.605239868164062,4.5481791496276855
49,104.0,83.0,71.0,51.0,21.0,19.0,11.0,1497.0,88.0,71.0,1452.0,696.0,1558.0,1642.0,58.0,63.0,45.0,15.0,95.0,211.0,44.0,77.0,123.0,29.0,13.0,321.0,1467.0,720.0,192.0,31.0,24.0,25.0,110.0,155.0,6.0,7.0,22.0,191.0,147.0,13.0,41.0,57.0,138.0,140.0,130.0,9.0,30.0,23.0,16.0,54.0,45.0,70.0,12.0,36.0,118.0,176.0,46.0,28.0,8.0,59.0,44.0,147.0,167.0,175.0,26.0,37.0,24.0,52.0,40.0,18.0,1.0,0.0,14.0,1.0,1.0,10.0,7.0,22.0,0.0,1.0,119.0,86.0,125.0,238.0,72.0,214.0,216.0,153.0,139.0,59.0,882.0,92.0,236.0,75.0,140.0,2659.0,300.0,215.0,125.0,516.0,1384.0,1574.0,228.0,3585.0,37.0,30.0,29.0,18.0,143.0,202.0,-43.796958923339844,-9.881519317626953,3.8818111419677734
50,97.0,84.0,73.0,54.0,21.0,20.0,12.0,1494.0,88.0,74.0,1450.0,710.0,1552.0,1639.0,56.0,65.0,45.0,17.0,89.0,228.0,48.0,75.0,132.0,31.0,13.0,335.0,1497.0,746.0,186.0,31.0,24.0,25.0,108.0,165.0,4.0,9.0,23.0,204.0,158.0,22.0,39.0,56.0,141.0,140.0,121.0,9.0,29.0,23.0,16.0,51.0,43.0,69.0,11.0,37.0,119.0,177.0,49.0,28.0,8.0,65.0,49.0,150.0,163.0,175.0,32.0,38.0,23.0,52.0,39.0,18.0,0.0,0.0,14.0,1.0,2.0,11.0,7.0,26.0,0.0,1.0,123.0,86.0,124.0,238.0,73.0,216.0,216.0,152.0,137.0,59.0,891.0,93.0,236.0,74.0,146.0,2679.0,310.0,211.0,125.0,530.0,1388.0,1585.0,232.0,3595.0,38.0,32.0,31.0,19.0,150.0,208.0,-43.944332122802734,-9.89639663696289,4.271292209625244
51,87.0,85.0,73.0,52.0,21.0,19.0,11.0,1507.0,87.0,70.0,1461.0,672.0,1574.0,1638.0,59.0,65.0,45.0,19.0,77.0,230.0,45.0,76.0,124.0,31.0,13.0,305.0,1494.0,747.0,180.0,29.0,22.0,23.0,103.0,152.0,5.0,8.0,22.0,193.0,148.0,14.0,44.0,52.0,138.0,133.0,103.0,9.0,30.0,22.0,15.0,49.0,42.0,69.0,10.0,36.0,120.0,175.0,48.0,26.0,8.0,58.0,42.0,144.0,163.0,171.0,27.0,37.0,23.0,53.0,40.0,18.0,0.0,0.0,13.0,1.0,2.0,11.0,7.0,23.0,0.0,1.0,122.0,85.0,125.0,239.0,71.0,218.0,220.0,156.0,140.0,59.0,885.0,93.0,235.0,75.0,142.0,2727.0,304.0,214.0,125.0,504.0,1379.0,1567.0,227.0,3603.0,36.0,31.0,30.0,18.0,149.0,207.0,-43.429107666015625,-9.649113655090332,3.5040013790130615
52,85.0,87.0,73.0,52.0,21.0,19.0,11.0,1500.0,87.0,68.0,1459.0,684.0,1566.0,1633.0,58.0,67.0,45.0,18.0,70.0,239.0,44.0,77.0,125.0,29.0,13.0,300.0,1514.0,757.0,175.0,27.0,20.0,21.0,96.0,146.0,4.0,9.0,22.0,187.0,143.0,16.0,46.0,52.0,138.0,126.0,89.0,8.0,29.0,20.0,14.0,48.0,40.0,69.0,12.0,36.0,117.0,175.0,48.0,24.0,9.0,57.0,39.0,129.0,143.0,164.0,24.0,38.0,22.0,54.0,38.0,16.0,0.0,0.0,12.0,1.0,2.0,12.0,8.0,23.0,0.0,0.0,124.0,86.0,125.0,238.0,71.0,217.0,218.0,155.0,139.0,60.0,883.0,92.0,234.0,75.0,142.0,2713.0,306.0,214.0,124.0,527.0,1388.0,1584.0,231.0,3588.0,37.0,32.0,31.0,18.0,148.0,205.0,-44.144474029541016,-11.686084747314453,4.21474027633667
53,79.0,87.0,72.0,53.0,21.0,19.0,11.0,1512.0,87.0,68.0,1455.0,692.0,1559.0,1626.0,57.0,66.0,45.0,19.0,62.0,240.0,43.0,77.0,125.0,28.0,13.0,306.0,1518.0,760.0,176.0,27.0,20.0,21.0,96.0,141.0,4.0,9.0,22.0,176.0,134.0,14.0,43.0,54.0,138.0,116.0,74.0,8.0,31.0,20.0,14.0,48.0,39.0,69.0,13.0,36.0,117.0,177.0,45.0,23.0,10.0,56.0,37.0,120.0,134.0,148.0,21.0,37.0,23.0,53.0,38.0,16.0,1.0,0.0,12.0,2.0,2.0,11.0,8.0,22.0,0.0,1.0,119.0,84.0,123.0,239.0,71.0,216.0,218.0,152.0,136.0,59.0,882.0,90.0,234.0,75.0,140.0,2697.0,306.0,213.0,124.0,536.0,1384.0,1571.0,225.0,3581.0,37.0,32.0,31.0,18.0,148.0,202.0,-44.15373992919922,-10.260061264038086,3.7125697135925293
54,65.0,83.0,73.0,51.0,20.0,18.0,10.0,1503.0,84.0,68.0,1480.0,686.0,1583.0,1648.0,59.0,65.0,43.0,21.0,52.0,225.0,40.0,76.0,119.0,30.0,9.0,288.0,1475.0,726.0,157.0,23.0,18.0,18.0,85.0,111.0,6.0,3.0,19.0,142.0,98.0,6.0,45.0,51.0,129.0,108.0,61.0,8.0,31.0,18.0,12.0,46.0,35.0,69.0,14.0,35.0,116.0,182.0,43.0,20.0,8.0,50.0,32.0,94.0,107.0,145.0,20.0,37.0,22.0,52.0,37.0,14.0,2.0,2.0,10.0,2.0,2.0,15.0,11.0,19.0,0.0,0.0,120.0,80.0,123.0,244.0,69.0,216.0,217.0,153.0,138.0,60.0,876.0,88.0,227.0,74.0,136.0,2685.0,293.0,210.0,120.0,519.0,1372.0,1562.0,219.0,3612.0,35.0,31.0,30.0,17.0,143.0,201.0,-44.090736389160156,-10.211748123168945,3.881744384765625
55,58.0,78.0,71.0,48.0,20.0,18.0,10.0,1503.0,82.0,64.0,1483.0,671.0,1595.0,1664.0,58.0,65.0,45.0,19.0,48.0,225.0,37.0,75.0,113.0,29.0,10.0,271.0,1458.0,717.0,148.0,21.0,16.0,16.0,77.0,99.0,6.0,2.0,17.0,132.0,90.0,1.0,43.0,53.0,129.0,103.0,59.0,7.0,29.0,16.0,11.0,43.0,34.0,67.0,17.0,35.0,114.0,182.0,45.0,18.0,8.0,46.0,28.0,86.0,99.0,143.0,19.0,36.0,20.0,52.0,35.0,13.0,2.0,2.0,9.0,2.0,2.0,15.0,12.0,18.0,1.0,0.0,121.0,84.0,124.0,242.0,69.0,215.0,217.0,155.0,140.0,60.0,868.0,86.0,226.0,74.0,132.0,2685.0,288.0,209.0,120.0,517.0,1366.0,1556.0,225.0,3605.0,35.0,31.0,30.0,17.0,145.0,204.0,-42.96489334106445,-10.24563217163086,3.561040163040161
56,53.0,71.0,70.0,48.0,20.0,17.0,10.0,1494.0,84.0,62.0,1482.0,656.0,1604.0,1668.0,61.0,65.0,44.0,20.0,46.0,232.0,36.0,77.0,108.0,28.0,9.0,264.0,1440.0,714.0,145.0,20.0,15.0,15.0,75.0,84.0,6.0,2.0,17.0,119.0,76.0,2.0,43.0,55.0,126.0,97.0,52.0,7.0,30.0,15.0,10.0,43.0,33.0,68.0,17.0,34.0,114.0,180.0,44.0,18.0,7.0,43.0,23.0,73.0,84.0,138.0,19.0,36.0,19.0,51.0,34.0,12.0,3.0,2.0,9.0,2.0,2.0,15.0,12.0,17.0,1.0,0.0,124.0,85.0,126.0,242.0,68.0,215.0,217.0,158.0,142.0,61.0,868.0,86.0,228.0,75.0,132.0,2696.0,287.0,212.0,121.0,500.0,1373.0,1571.0,221.0,3615.0,35.0,30.0,30.0,17.0,142.0,202.0,-44.24502944946289,-9.764213562011719,3.549300193786621
57,47.0,71.0,69.0,47.0,20.0,18.0,9.0,1473.0,84.0,66.0,1463.0,669.0,1586.0,1665.0,59.0,64.0,45.0,20.0,44.0,235.0,38.0,79.0,111.0,27.0,10.0,277.0,1417.0,714.0,144.0,20.0,16.0,15.0,77.0,81.0,6.0,2.0,17.0,109.0,70.0,0.0,40.0,56.0,131.0,87.0,45.0,7.0,30.0,16.0,10.0,44.0,33.0,67.0,18.0,34.0,112.0,183.0,44.0,17.0,9.0,45.0,22.0,61.0,70.0,129.0,20.0,36.0,19.0,51.0,33.0,12.0,3.0,2.0,9.0,2.0,2.0,15.0,12.0,18.0,1.0,0.0,123.0,81.0,128.0,245.0,71.0,217.0,219.0,158.0,142.0,61.0,873.0,88.0,231.0,78.0,136.0,2684.0,288.0,210.0,120.0,488.0,1380.0,1579.0,221.0,3608.0,35.0,31.0,30.0,17.0,143.0,204.0,-44.9971809387207,-8.38752269744873,3.6110665798187256
58,42.0,67.0,68.0,47.0,20.0,18.0,10.0,1470.0,84.0,64.0,1467.0,655.0,1588.0,1666.0,60.0,62.0,45.0,22.0,43.0,232.0,37.0,78.0,108.0,27.0,11.0,269.0,1394.0,702.0,154.0,22.0,17.0,17.0,85.0,79.0,7.0,1.0,17.0,107.0,68.0,5.0,46.0,55.0,129.0,80.0,38.0,7.0,30.0,17.0,12.0,47.0,36.0,68.0,19.0,34.0,113.0,182.0,43.0,19.0,7.0,44.0,21.0,66.0,76.0,116.0,20.0,37.0,20.0,52.0,34.0,14.0,3.0,2.0,10.0,1.0,2.0,15.0,12.0,17.0,0.0,0.0,124.0,81.0,125.0,240.0,69.0,216.0,218.0,155.0,141.0,61.0,871.0,88.0,231.0,76.0,132.0,2671.0,285.0,208.0,119.0,515.0,1374.0,1574.0,219.0,3628.0,35.0,31.0,29.0,17.0,142.0,202.0,-43.98065185546875,-8.524523735046387,3.643220901489258
59,32.0,62.0,66.0,46.0,20.0,18.0,9.0,1462.0,88.0,65.0,1456.0,664.0,1575.0,1665.0,59.0,61.0,46.0,22.0,40.0,228.0,37.0,82.0,109.0,27.0,10.0,279.0,1385.0,699.0,158.0,22.0,17.0,16.0,78.0,68.0,7.0,1.0,17.0,94.0,58.0,3.0,38.0,56.0,131.0,72.0,31.0,7.0,30.0,17.0,11.0,47.0,35.0,67.0,19.0,33.0,112.0,182.0,42.0,19.0,7.0,45.0,18.0,50.0,59.0,109.0,24.0,36.0,18.0,51.0,31.0,13.0,3.0,2.0,9.0,1.0,2.0,14.0,12.0,18.0,0.0,1.0,124.0,78.0,129.0,245.0,71.0,219.0,220.0,158.0,145.0,61.0,881.0,89.0,232.0,79.0,136.0,2653.0,288.0,209.0,118.0,490.0,1370.0,1580.0,213.0,3626.0,34.0,30.0,29.0,16.0,138.0,202.0,-44.206783294677734,-7.205260276794434,2.7859561443328857
60,29.0,59.0,67.0,46.0,19.0,18.0,9.0,1459.0,87.0,65.0,1454.0,655.0,1574.0,1657.0,61.0,62.0,46.0,23.0,37.0,247.0,37.0,83.0,108.0,27.0,10.0,278.0,1388.0,711.0,155.0,21.0,17.0,16.0,83.0,58.0,7.0,0.0,17.0,84.0,47.0,7.0,40.0,56.0,131.0,65.0,21.0,7.0,30.0,17.0,11.0,48.0,36.0,67.0,20.0,32.0,112.0,180.0,42.0,18.0,8.0,43.0,15.0,41.0,50.0,100.0,23.0,36.0,18.0,52.0,32.0,13.0,3.0,3.0,9.0,2.0,3.0,16.0,13.0,18.0,0.0,1.0,127.0,76.0,129.0,241.0,70.0,217.0,219.0,159.0,145.0,61.0,883.0,91.0,234.0,81.0,137.0,2669.0,289.0,209.0,117.0,468.0,1367.0,1577.0,210.0,3621.0,34.0,29.0,29.0,16.0,138.0,201.0,-43.85454559326172,-7.6525726318359375,3.2718231678009033
61,30.0,60.0,68.0,46.0,20.0,18.0,9.0,1458.0,86.0,65.0,1448.0,652.0,1566.0,1652.0,62.0,62.0,47.0,23.0,31.0,248.0,37.0,82.0,107.0,27.0,11.0,280.0,1386.0,715.0,159.0,22.0,16.0,16.0,87.0,49.0,7.0,0.0,17.0,77.0,40.0,7.0,40.0,56.0,131.0,58.0,6.0,7.0,30.0,17.0,11.0,48.0,37.0,68.0,20.0,32.0,112.0,178.0,41.0,19.0,8.0,43.0,12.0,34.0,43.0,90.0,21.0,36.0,18.0,52.0,32.0,13.0,3.0,3.0,10.0,2.0,3.0,16.0,13.0,17.0,0.0,1.0,125.0,74.0,129.0,241.0,69.0,219.0,218.0,159.0,145.0,61.0,882.0,91.0,233.0,81.0,137.0,2661.0,287.0,209.0,115.0,466.0,1366.0,1577.0,211.0,3621.0,33.0,29.0,29.0,16.0,136.0,203.0,-43.645652770996094,-8.377163887023926,3.2703263759613037
62,30.0,60.0,69.0,47.0,20.0,18.0,10.0,1456.0,85.0,63.0,1440.0,655.0,1569.0,1650.0,62.0,62.0,46.0,24.0,27.0,254.0,37.0,81.0,107.0,27.0,10.0,277.0,1388.0,709.0,156.0,21.0,17.0,16.0,84.0,47.0,7.0,1.0,18.0,74.0,38.0,10.0,41.0,57.0,131.0,55.0,7.0,7.0,31.0,16.0,11.0,47.0,36.0,67.0,20.0,33.0,113.0,176.0,43.0,18.0,8.0,43.0,11.0,31.0,39.0,83.0,19.0,35.0,18.0,51.0,32.0,12.0,3.0,2.0,9.0,2.0,3.0,17.0,13.0,17.0,0.0,1.0,126.0,78.0,127.0,238.0,69.0,219.0,217.0,160.0,144.0,60.0,879.0,91.0,232.0,82.0,136.0,2659.0,289.0,210.0,116.0,459.0,1367.0,1583.0,210.0,3612.0,33.0,29.0,29.0,16.0,136.0,200.0,-43.028533935546875,-7.425062656402588,1.9586353302001953
63,34.0,60.0,68.0,46.0,20.0,18.0,9.0,1470.0,86.0,62.0,1454.0,655.0,1571.0,1658.0,61.0,62.0,45.0,22.0,27.0,243.0,36.0,82.0,105.0,26.0,10.0,280.0,1389.0,706.0,158.0,21.0,16.0,16.0,80.0,52.0,7.0,1.0,17.0,76.0,41.0,10.0,34.0,58.0,131.0,59.0,3.0,7.0,30.0,16.0,11.0,49.0,36.0,67.0,19.0,33.0,111.0,178.0,42.0,18.0,7.0,42.0,11.0,33.0,41.0,90.0,19.0,35.0,18.0,51.0,32.0,12.0,3.0,2.0,9.0,2.0,2.0,15.0,12.0,17.0,0.0,1.0,124.0,78.0,126.0,239.0,68.0,218.0,219.0,157.0,142.0,60.0,883.0,89.0,231.0,81.0,134.0,2662.0,288.0,209.0,115.0,470.0,1368.0,1577.0,210.0,3617.0,33.0,29.0,29.0,16.0,138.0,198.0,-43.91738510131836,-8.2958984375,3.2313053607940674
64,32.0,60.0,68.0,46.0,20.0,17.0,9.0,1470.0,86.0,62.0,1454.0,657.0,1576.0,1665.0,61.0,62.0,46.0,24.0,21.0,243.0,36.0,82.0,105.0,27.0,10.0,278.0,1389.0,703.0,156.0,21.0,16.0,16.0,83.0,51.0,7.0,1.0,18.0,75.0,40.0,10.0,38.0,59.0,129.0,54.0,15.0,7.0,31.0,16.0,11.0,49.0,37.0,67.0,20.0,33.0,113.0,180.0,44.0,18.0,7.0,42.0,10.0,31.0,39.0,82.0,21.0,36.0,18.0,52.0,32.0,12.0,3.0,2.0,9.0,2.0,2.0,16.0,13.0,17.0,0.0,1.0,124.0,78.0,124.0,240.0,67.0,218.0,219.0,156.0,141.0,60.0,883.0,89.0,232.0,81.0,134.0,2664.0,290.0,208.0,114.0,476.0,1367.0,1576.0,213.0,3608.0,33.0,29.0,29.0,16.0,137.0,200.0,-44.36446762084961,-8.828325271606445,2.40659236907959
65,33.0,59.0,69.0,47.0,20.0,18.0,10.0,1470.0,86.0,62.0,1457.0,664.0,1578.0,1662.0,61.0,62.0,45.0,23.0,23.0,242.0,36.0,82.0,106.0,27.0,9.0,279.0,1386.0,702.0,160.0,21.0,16.0,16.0,81.0,50.0,7.0,1.0,18.0,73.0,40.0,9.0,33.0,59.0,131.0,56.0,13.0,7.0,31.0,16.0,11.0,49.0,37.0,67.0,19.0,33.0,111.0,179.0,42.0,18.0,7.0,42.0,10.0,31.0,40.0,83.0,19.0,36.0,17.0,52.0,30.0,12.0,3.0,2.0,9.0,2.0,2.0,15.0,12.0,16.0,0.0,1.0,124.0,78.0,126.0,239.0,68.0,218.0,219.0,158.0,142.0,61.0,887.0,90.0,234.0,82.0,134.0,2655.0,290.0,209.0,115.0,457.0,1374.0,1584.0,206.0,3615.0,33.0,29.0,29.0,16.0,137.0,200.0,-43.940635681152344,-8.61507797241211,3.17607045173645
66,32.0,60.0,68.0,46.0,20.0,18.0,9.0,1472.0,86.0,64.0,1458.0,675.0,1573.0,1655.0,61.0,63.0,46.0,22.0,22.0,237.0,37.0,82.0,108.0,26.0,9.0,293.0,1393.0,704.0,159.0,22.0,16.0,16.0,80.0,51.0,7.0,2.0,18.0,72.0,40.0,7.0,31.0,60.0,131.0,55.0,14.0,7.0,31.0,16.0,11.0,48.0,37.0,68.0,18.0,34.0,112.0,180.0,42.0,18.0,8.0,44.0,10.0,28.0,37.0,84.0,21.0,35.0,18.0,51.0,32.0,12.0,3.0,2.0,9.0,2.0,2.0,15.0,11.0,17.0,0.0,1.0,123.0,75.0,126.0,242.0,69.0,216.0,217.0,158.0,142.0,60.0,886.0,90.0,234.0,82.0,138.0,2649.0,294.0,210.0,114.0,452.0,1378.0,1587.0,212.0,3609.0,33.0,29.0,29.0,16.0,136.0,200.0,-44.163795471191406,-8.478673934936523,2.6656298637390137
67,30.0,61.0,69.0,46.0,20.0,17.0,9.0,1469.0,87.0,64.0,1452.0,671.0,1572.0,1655.0,61.0,62.0,46.0,24.0,21.0,242.0,37.0,83.0,107.0,26.0,10.0,290.0,1383.0,702.0,159.0,22.0,17.0,16.0,82.0,49.0,7.0,2.0,18.0,70.0,37.0,8.0,38.0,58.0,132.0,50.0,21.0,8.0,33.0,16.0,11.0,49.0,37.0,68.0,19.0,33.0,113.0,178.0,43.0,19.0,7.0,44.0,9.0,26.0,35.0,76.0,20.0,35.0,19.0,51.0,33.0,13.0,3.0,2.0,9.0,2.0,2.0,15.0,12.0,16.0,0.0,1.0,122.0,76.0,125.0,239.0,67.0,217.0,220.0,157.0,141.0,59.0,884.0,90.0,234.0,82.0,138.0,2649.0,290.0,210.0,114.0,447.0,1386.0,1595.0,207.0,3624.0,32.0,29.0,28.0,16.0,135.0,199.0,-45.26451873779297,-6.520623207092285,3.2339048385620117
68,35.0,62.0,70.0,47.0,20.0,18.0,10.0,1467.0,86.0,65.0,1453.0,678.0,1577.0,1671.0,61.0,62.0,46.0,24.0,22.0,240.0,37.0,82.0,108.0,26.0,10.0,290.0,1387.0,700.0,161.0,22.0,17.0,17.0,85.0,50.0,7.0,2.0,18.0,70.0,37.0,6.0,37.0,57.0,131.0,51.0,21.0,7.0,31.0,17.0,11.0,50.0,38.0,68.0,19.0,33.0,112.0,177.0,42.0,19.0,8.0,45.0,9.0,28.0,37.0,77.0,18.0,35.0,19.0,51.0,33.0,13.0,3.0,2.0,9.0,1.0,2.0,16.0,12.0,16.0,0.0,1.0,124.0,76.0,126.0,238.0,67.0,215.0,217.0,158.0,142.0,60.0,883.0,91.0,232.0,83.0,137.0,2643.0,289.0,211.0,115.0,451.0,1389.0,1601.0,213.0,3612.0,33.0,29.0,29.0,16.0,133.0,200.0,-45.30558395385742,-6.67131233215332,3.0436806678771973
69,36.0,61.0,68.0,46.0,20.0,18.0,9.0,1459.0,85.0,65.0,1450.0,676.0,1576.0,1674.0,61.0,62.0,46.0,23.0,21.0,235.0,37.0,81.0,109.0,27.0,9.0,287.0,1375.0,695.0,162.0,22.0,17.0,17.0,85.0,50.0,7.0,2.0,18.0,69.0,34.0,6.0,37.0,58.0,131.0,48.0,24.0,7.0,32.0,17.0,11.0,49.0,37.0,68.0,19.0,33.0,112.0,178.0,42.0,19.0,7.0,45.0,9.0,25.0,33.0,72.0,20.0,36.0,18.0,52.0,32.0,13.0,3.0,2.0,10.0,2.0,2.0,15.0,12.0,16.0,0.0,1.0,124.0,78.0,126.0,239.0,67.0,213.0,216.0,160.0,142.0,60.0,879.0,90.0,231.0,82.0,137.0,2651.0,289.0,214.0,117.0,444.0,1397.0,1608.0,218.0,3602.0,34.0,29.0,29.0,16.0,134.0,199.0,-45.53730392456055,-6.79580020904541,3.30671763420105
70,37.0,60.0,69.0,46.0,20.0,17.0,10.0,1458.0,87.0,64.0,1450.0,673.0,1576.0,1673.0,60.0,62.0,46.0,23.0,23.0,240.0,37.0,82.0,107.0,26.0,10.0,291.0,1377.0,694.0,162.0,22.0,16.0,16.0,82.0,54.0,7.0,2.0,18.0,72.0,38.0,8.0,33.0,59.0,131.0,53.0,19.0,7.0,31.0,16.0,12.0,49.0,38.0,67.0,17.0,33.0,112.0,177.0,42.0,19.0,8.0,44.0,9.0,29.0,35.0,80.0,19.0,35.0,18.0,50.0,31.0,13.0,3.0,2.0,10.0,2.0,2.0,14.0,11.0,16.0,0.0,1.0,121.0,77.0,127.0,239.0,67.0,216.0,218.0,160.0,142.0,59.0,884.0,90.0,233.0,82.0,137.0,2645.0,286.0,213.0,115.0,445.0,1401.0,1608.0,213.0,3616.0,33.0,29.0,28.0,16.0,135.0,200.0,-45.13886260986328,-7.254610538482666,3.1778345108032227
71,38.0,60.0,68.0,46.0,20.0,18.0,9.0,1460.0,86.0,64.0,1449.0,672.0,1570.0,1667.0,60.0,62.0,46.0,22.0,23.0,242.0,37.0,82.0,107.0,26.0,10.0,291.0,1380.0,698.0,166.0,22.0,17.0,17.0,86.0,53.0,7.0,2.0,18.0,73.0,39.0,6.0,34.0,58.0,131.0,51.0,17.0,7.0,31.0,17.0,11.0,50.0,38.0,67.0,17.0,33.0,112.0,179.0,42.0,19.0,7.0,44.0,9.0,28.0,34.0,79.0,19.0,36.0,18.0,52.0,31.0,13.0,3.0,2.0,9.0,2.0,2.0,14.0,11.0,17.0,0.0,1.0,122.0,78.0,126.0,240.0,67.0,216.0,219.0,159.0,142.0,59.0,883.0,90.0,231.0,82.0,137.0,2643.0,288.0,214.0,117.0,454.0,1402.0,1608.0,213.0,3610.0,33.0,29.0,29.0,16.0,134.0,200.0,-45.29012680053711,-6.92462158203125,3.0104987621307373
72,39.0,59.0,68.0,46.0,20.0,18.0,9.0,1461.0,85.0,64.0,1451.0,665.0,1575.0,1666.0,60.0,62.0,46.0,22.0,25.0,246.0,37.0,80.0,106.0,27.0,9.0,291.0,1384.0,700.0,163.0,22.0,17.0,17.0,85.0,54.0,7.0,2.0,18.0,74.0,39.0,8.0,34.0,58.0,131.0,54.0,12.0,8.0,32.0,17.0,11.0,50.0,37.0,68.0,17.0,34.0,113.0,179.0,42.0,19.0,7.0,44.0,9.0,31.0,39.0,82.0,20.0,36.0,18.0,52.0,31.0,13.0,2.0,2.0,10.0,1.0,2.0,14.0,11.0,16.0,0.0,1.0,122.0,78.0,126.0,239.0,67.0,215.0,218.0,159.0,143.0,59.0,882.0,90.0,230.0,82.0,135.0,2635.0,284.0,214.0,117.0,455.0,1393.0,1605.0,213.0,3617.0,33.0,29.0,28.0,15.0,134.0,200.0,-46.140865325927734,-6.457547664642334,3.5797483921051025
73,41.0,59.0,67.0,47.0,20.0,18.0,10.0,1453.0,88.0,65.0,1439.0,666.0,1559.0,1655.0,61.0,62.0,46.0,23.0,30.0,246.0,38.0,83.0,106.0,26.0,10.0,296.0,1379.0,701.0,166.0,22.0,17.0,17.0,88.0,56.0,7.0,2.0,18.0,75.0,40.0,6.0,34.0,58.0,131.0,56.0,7.0,7.0,30.0,17.0,11.0,49.0,38.0,68.0,17.0,33.0,113.0,178.0,42.0,19.0,7.0,44.0,10.0,29.0,37.0,86.0,21.0,35.0,18.0,50.0,31.0,13.0,2.0,2.0,10.0,2.0,2.0,14.0,11.0,17.0,0.0,1.0,123.0,79.0,127.0,238.0,67.0,215.0,215.0,160.0,143.0,60.0,881.0,90.0,232.0,81.0,139.0,2625.0,286.0,214.0,116.0,443.0,1396.0,1600.0,207.0,3601.0,33.0,29.0,28.0,15.0,133.0,200.0,-46.1806526184082,-6.441407203674316,3.723456382751465
74,42.0,58.0,67.0,45.0,20.0,18.0,9.0,1451.0,86.0,65.0,1439.0,674.0,1564.0,1650.0,61.0,62.0,46.0,21.0,31.0,241.0,38.0,82.0,107.0,26.0,9.0,292.0,1377.0,698.0,163.0,22.0,17.0,17.0,87.0,55.0,7.0,1.0,17.0,74.0,38.0,4.0,33.0,57.0,131.0,58.0,0.0,7.0,29.0,17.0,11.0,50.0,38.0,68.0,17.0,33.0,112.0,176.0,42.0,19.0,8.0,44.0,9.0,30.0,36.0,92.0,20.0,36.0,18.0,51.0,31.0,13.0,3.0,2.0,10.0,2.0,3.0,14.0,11.0,17.0,0.0,1.0,124.0,76.0,128.0,239.0,68.0,215.0,218.0,161.0,144.0,59.0,880.0,91.0,231.0,83.0,139.0,2625.0,287.0,212.0,116.0,427.0,1395.0,1608.0,213.0,3594.0,33.0,29.0,28.0,16.0,133.0,199.0,-46.0440673828125,-6.419900417327881,3.818912982940674
75,44.0,57.0,67.0,46.0,20.0,18.0,10.0,1449.0,86.0,65.0,1428.0,668.0,1554.0,1644.0,61.0,62.0,46.0,21.0,37.0,241.0,38.0,82.0,107.0,26.0,9.0,297.0,1374.0,702.0,166.0,23.0,17.0,17.0,85.0,57.0,7.0,2.0,18.0,76.0,42.0,5.0,30.0,59.0,134.0,62.0,10.0,7.0,30.0,17.0,12.0,49.0,37.0,68.0,17.0,33.0,113.0,175.0,41.0,19.0,8.0,45.0,9.0,31.0,37.0,96.0,24.0,34.0,17.0,50.0,30.0,13.0,3.0,2.0,10.0,1.0,2.0,15.0,11.0,18.0,0.0,1.0,123.0,76.0,128.0,237.0,68.0,216.0,216.0,162.0,145.0,60.0,880.0,91.0,234.0,82.0,140.0,2606.0,286.0,214.0,116.0,418.0,1389.0,1595.0,213.0,3589.0,34.0,29.0,29.0,16.0,133.0,200.0,-46.10772705078125,-6.662304878234863,3.7475595474243164
76,46.0,58.0,66.0,45.0,20.0,18.0,9.0,1450.0,88.0,65.0,1429.0,673.0,1545.0,1637.0,60.0,62.0,46.0,20.0,40.0,239.0,38.0,82.0,109.0,26.0,9.0,299.0,1376.0,701.0,169.0,23.0,17.0,17.0,84.0,59.0,6.0,2.0,17.0,79.0,44.0,3.0,27.0,61.0,133.0,66.0,20.0,7.0,29.0,17.0,12.0,51.0,38.0,68.0,17.0,34.0,111.0,176.0,42.0,20.0,8.0,46.0,11.0,34.0,41.0,103.0,25.0,34.0,17.0,50.0,32.0,13.0,2.0,2.0,10.0,2.0,2.0,13.0,10.0,18.0,0.0,1.0,123.0,75.0,127.0,238.0,69.0,214.0,215.0,160.0,144.0,59.0,882.0,90.0,236.0,82.0,140.0,2605.0,289.0,212.0,117.0,424.0,1374.0,1592.0,214.0,3586.0,34.0,29.0,29.0,16.0,135.0,198.0,-45.32157897949219,-8.388712882995605,3.8169078826904297
77,47.0,57.0,67.0,45.0,20.0,18.0,9.0,1449.0,88.0,67.0,1431.0,672.0,1547.0,1637.0,61.0,61.0,46.0,19.0,44.0,239.0,39.0,82.0,109.0,26.0,9.0,307.0,1387.0,706.0,169.0,23.0,18.0,18.0,89.0,63.0,6.0,2.0,17.0,83.0,48.0,3.0,27.0,62.0,133.0,71.0,29.0,7.0,28.0,18.0,12.0,52.0,40.0,68.0,16.0,33.0,110.0,175.0,40.0,20.0,7.0,47.0,12.0,38.0,46.0,111.0,26.0,35.0,18.0,50.0,33.0,14.0,2.0,2.0,10.0,1.0,2.0,12.0,9.0,19.0,0.0,1.0,122.0,72.0,129.0,240.0,70.0,213.0,216.0,160.0,143.0,60.0,883.0,91.0,236.0,82.0,141.0,2608.0,290.0,213.0,117.0,424.0,1371.0,1582.0,214.0,3588.0,34.0,29.0,29.0,16.0,131.0,201.0,-44.91419982910156,-7.667863368988037,3.6643621921539307
78,48.0,56.0,67.0,46.0,20.0,17.0,9.0,1453.0,89.0,68.0,1426.0,681.0,1545.0,1634.0,59.0,60.0,45.0,20.0,48.0,237.0,39.0,83.0,111.0,27.0,9.0,311.0,1382.0,706.0,178.0,25.0,19.0,18.0,89.0,71.0,6.0,2.0,17.0,88.0,53.0,0.0,27.0,61.0,130.0,73.0,34.0,7.0,28.0,18.0,13.0,52.0,40.0,67.0,15.0,34.0,112.0,175.0,40.0,21.0,8.0,48.0,14.0,43.0,53.0,114.0,28.0,35.0,17.0,51.0,32.0,14.0,3.0,2.0,10.0,1.0,2.0,12.0,9.0,18.0,0.0,1.0,122.0,71.0,128.0,239.0,71.0,214.0,217.0,159.0,141.0,59.0,885.0,93.0,238.0,84.0,143.0,2595.0,291.0,211.0,116.0,425.0,1374.0,1580.0,215.0,3587.0,34.0,29.0,28.0,16.0,132.0,200.0,-45.06317901611328,-8.810088157653809,4.034524917602539
79,50.0,56.0,65.0,46.0,19.0,18.0,10.0,1458.0,90.0,71.0,1423.0,692.0,1537.0,1623.0,59.0,60.0,45.0,20.0,52.0,233.0,41.0,83.0,114.0,27.0,10.0,322.0,1390.0,711.0,178.0,26.0,19.0,19.0,92.0,75.0,7.0,2.0,18.0,94.0,57.0,0.0,23.0,61.0,133.0,76.0,41.0,7.0,29.0,19.0,13.0,53.0,40.0,68.0,15.0,33.0,111.0,176.0,41.0,22.0,7.0,51.0,17.0,49.0,58.0,116.0,28.0,34.0,18.0,49.0,33.0,15.0,3.0,2.0,11.0,1.0,2.0,11.0,8.0,19.0,0.0,1.0,121.0,75.0,128.0,240.0,70.0,214.0,216.0,160.0,144.0,60.0,886.0,93.0,236.0,82.0,145.0,2585.0,292.0,211.0,117.0,428.0,1360.0,1573.0,217.0,3580.0,34.0,28.0,29.0,15.0,129.0,202.0,-45.07670974731445,-8.944734573364258,4.0200724601745605
80,54.0,58.0,66.0,46.0,20.0,18.0,10.0,1455.0,89.0,71.0,1426.0,693.0,1543.0,1617.0,59.0,59.0,45.0,20.0,55.0,235.0,41.0,82.0,115.0,27.0,10.0,321.0,1390.0,706.0,178.0,26.0,19.0,19.0,94.0,78.0,7.0,2.0,18.0,99.0,63.0,0.0,24.0,60.0,130.0,80.0,46.0,7.0,29.0,19.0,13.0,53.0,41.0,68.0,14.0,34.0,112.0,175.0,41.0,22.0,8.0,50.0,17.0,53.0,63.0,122.0,29.0,34.0,19.0,50.0,33.0,15.0,3.0,2.0,11.0,2.0,3.0,10.0,7.0,20.0,0.0,1.0,120.0,72.0,127.0,239.0,70.0,214.0,216.0,159.0,143.0,60.0,886.0,94.0,237.0,82.0,144.0,2583.0,291.0,212.0,117.0,441.0,1367.0,1573.0,217.0,3571.0,34.0,29.0,29.0,16.0,132.0,201.0,-45.168235778808594,-8.737245559692383,3.689969539642334
81,56.0,59.0,65.0,46.0,20.0,18.0,10.0,1453.0,90.0,73.0,1421.0,696.0,1539.0,1619.0,58.0,60.0,46.0,19.0,54.0,238.0,42.0,82.0,116.0,26.0,11.0,324.0,1398.0,710.0,181.0,26.0,20.0,20.0,97.0,78.0,7.0,2.0,18.0,96.0,62.0,0.0,23.0,62.0,130.0,79.0,45.0,7.0,29.0,19.0,13.0,54.0,41.0,67.0,13.0,34.0,111.0,173.0,40.0,23.0,8.0,50.0,17.0,51.0,60.0,121.0,27.0,36.0,19.0,51.0,33.0,15.0,3.0,3.0,11.0,2.0,3.0,9.0,6.0,20.0,0.0,1.0,118.0,75.0,128.0,241.0,72.0,213.0,215.0,160.0,144.0,60.0,886.0,94.0,237.0,83.0,146.0,2593.0,292.0,213.0,119.0,443.0,1368.0,1582.0,217.0,3558.0,35.0,29.0,29.0,17.0,135.0,198.0,-45.65802764892578,-9.024578094482422,3.661182403564453
82,58.0,58.0,66.0,48.0,20.0,18.0,10.0,1446.0,91.0,74.0,1416.0,690.0,1544.0,1630.0,59.0,60.0,46.0,19.0,54.0,238.0,42.0,84.0,116.0,27.0,10.0,332.0,1394.0,712.0,184.0,27.0,21.0,21.0,102.0,76.0,7.0,2.0,18.0,98.0,64.0,1.0,26.0,59.0,136.0,76.0,42.0,8.0,29.0,20.0,14.0,55.0,43.0,68.0,13.0,33.0,112.0,172.0,41.0,24.0,8.0,53.0,17.0,52.0,59.0,116.0,28.0,37.0,20.0,51.0,33.0,16.0,3.0,2.0,12.0,2.0,3.0,9.0,6.0,20.0,0.0,1.0,119.0,73.0,129.0,240.0,72.0,212.0,215.0,161.0,143.0,59.0,886.0,95.0,237.0,83.0,147.0,2599.0,293.0,215.0,120.0,443.0,1386.0,1596.0,216.0,3562.0,35.0,29.0,29.0,16.0,132.0,201.0,-44.27145767211914,-6.412914752960205,3.2517590522766113
83,58.0,59.0,66.0,46.0,20.0,18.0,9.0,1451.0,91.0,75.0,1422.0,693.0,1544.0,1630.0,59.0,60.0,47.0,19.0,53.0,241.0,43.0,83.0,118.0,27.0,11.0,334.0,1399.0,712.0,192.0,28.0,22.0,21.0,103.0,81.0,7.0,2.0,18.0,100.0,66.0,3.0,32.0,57.0,133.0,74.0,40.0,8.0,29.0,21.0,14.0,55.0,43.0,68.0,13.0,34.0,114.0,174.0,42.0,24.0,8.0,53.0,18.0,55.0,61.0,114.0,28.0,36.0,20.0,51.0,34.0,16.0,3.0,2.0,12.0,2.0,3.0,10.0,7.0,20.0,0.0,1.0,119.0,76.0,128.0,241.0,72.0,213.0,215.0,162.0,144.0,59.0,884.0,95.0,238.0,84.0,146.0,2590.0,291.0,215.0,120.0,448.0,1389.0,1611.0,216.0,3568.0,35.0,29.0,28.0,17.0,134.0,199.0,-46.1690673828125,-9.122457504272461,3.609595775604248
84,54.0,59.0,64.0,48.0,20.0,18.0,10.0,1460.0,91.0,76.0,1429.0,701.0,1546.0,1626.0,58.0,60.0,46.0,21.0,49.0,245.0,43.0,82.0,120.0,28.0,11.0,338.0,1409.0,721.0,191.0,28.0,22.0,22.0,106.0,77.0,8.0,1.0,19.0,99.0,63.0,0.0,33.0,57.0,133.0,72.0,30.0,8.0,31.0,22.0,14.0,56.0,43.0,68.0,13.0,34.0,113.0,176.0,41.0,25.0,10.0,54.0,19.0,54.0,61.0,107.0,30.0,37.0,21.0,52.0,35.0,17.0,4.0,3.0,12.0,2.0,3.0,10.0,7.0,22.0,1.0,2.0,118.0,74.0,127.0,240.0,71.0,212.0,214.0,158.0,141.0,59.0,886.0,95.0,237.0,82.0,146.0,2596.0,292.0,214.0,119.0,453.0,1383.0,1598.0,211.0,3573.0,34.0,29.0,29.0,16.0,132.0,201.0,-45.86885452270508,-8.790121078491211,3.477149724960327
85,49.0,61.0,67.0,48.0,20.0,18.0,10.0,1462.0,92.0,78.0,1438.0,722.0,1553.0,1627.0,59.0,60.0,47.0,22.0,43.0,252.0,44.0,82.0,124.0,28.0,12.0,341.0,1421.0,726.0,193.0,29.0,22.0,22.0,107.0,73.0,8.0,1.0,21.0,94.0,59.0,3.0,33.0,56.0,136.0,65.0,19.0,9.0,32.0,22.0,15.0,56.0,43.0,69.0,12.0,34.0,114.0,176.0,41.0,25.0,11.0,55.0,20.0,50.0,58.0,96.0,27.0,38.0,21.0,52.0,34.0,17.0,4.0,3.0,12.0,2.0,3.0,9.0,6.0,22.0,1.0,2.0,117.0,74.0,126.0,241.0,71.0,211.0,215.0,156.0,140.0,59.0,890.0,95.0,237.0,83.0,146.0,2586.0,293.0,212.0,119.0,469.0,1382.0,1598.0,218.0,3577.0,35.0,29.0,29.0,16.0,132.0,201.0,-46.082298278808594,-9.293346405029297,4.312720775604248
86,40.0,61.0,66.0,48.0,20.0,18.0,10.0,1467.0,91.0,78.0,1439.0,709.0,1554.0,1636.0,59.0,62.0,47.0,24.0,38.0,259.0,44.0,82.0,123.0,28.0,11.0,342.0,1424.0,735.0,192.0,28.0,22.0,21.0,106.0,67.0,7.0,1.0,20.0,89.0,56.0,0.0,31.0,57.0,136.0,59.0,7.0,8.0,31.0,21.0,15.0,55.0,44.0,68.0,13.0,33.0,111.0,177.0,41.0,24.0,11.0,54.0,19.0,44.0,50.0,88.0,29.0,38.0,21.0,53.0,35.0,16.0,4.0,3.0,13.0,2.0,3.0,9.0,6.0,21.0,1.0,2.0,119.0,74.0,128.0,243.0,70.0,213.0,216.0,158.0,142.0,59.0,894.0,96.0,237.0,84.0,148.0,2620.0,295.0,212.0,117.0,470.0,1379.0,1597.0,205.0,3583.0,33.0,28.0,27.0,16.0,131.0,199.0,-45.008392333984375,-8.381354331970215,2.246608257293701
87,41.0,61.0,67.0,50.0,20.0,18.0,10.0,1463.0,91.0,78.0,1438.0,714.0,1556.0,1631.0,59.0,60.0,46.0,24.0,39.0,255.0,45.0,81.0,124.0,29.0,12.0,343.0,1424.0,732.0,189.0,28.0,22.0,22.0,105.0,69.0,8.0,1.0,20.0,93.0,61.0,1.0,34.0,56.0,136.0,62.0,10.0,9.0,32.0,22.0,15.0,55.0,42.0,68.0,13.0,34.0,114.0,178.0,42.0,25.0,10.0,56.0,20.0,48.0,55.0,91.0,30.0,38.0,21.0,52.0,35.0,17.0,4.0,3.0,13.0,2.0,3.0,8.0,6.0,22.0,1.0,2.0,120.0,77.0,125.0,241.0,70.0,213.0,216.0,158.0,143.0,60.0,889.0,96.0,238.0,83.0,147.0,2596.0,296.0,212.0,118.0,465.0,1373.0,1591.0,211.0,3576.0,34.0,29.0,28.0,16.0,133.0,201.0,-45.47117614746094,-8.26633071899414,2.5914721488952637
88,40.0,63.0,65.0,49.0,20.0,18.0,10.0,1467.0,92.0,79.0,1439.0,710.0,1552.0,1626.0,57.0,61.0,46.0,24.0,39.0,249.0,46.0,80.0,126.0,29.0,13.0,338.0,1422.0,733.0,190.0,29.0,24.0,23.0,106.0,76.0,8.0,3.0,21.0,102.0,68.0,1.0,35.0,55.0,136.0,63.0,11.0,9.0,31.0,23.0,15.0,54.0,43.0,67.0,11.0,34.0,113.0,177.0,44.0,26.0,9.0,57.0,21.0,57.0,67.0,91.0,30.0,38.0,22.0,52.0,36.0,18.0,3.0,2.0,13.0,2.0,3.0,8.0,5.0,22.0,1.0,1.0,121.0,76.0,125.0,242.0,72.0,211.0,215.0,158.0,141.0,60.0,887.0,95.0,238.0,80.0,147.0,2592.0,292.0,210.0,119.0,478.0,1373.0,1579.0,217.0,3572.0,34.0,30.0,29.0,17.0,135.0,200.0,-45.06787872314453,-8.571084976196289,2.299787998199463
89,38.0,60.0,66.0,49.0,20.0,18.0,10.0,1458.0,91.0,78.0,1432.0,700.0,1543.0,1619.0,57.0,60.0,46.0,24.0,39.0,246.0,46.0,80.0,125.0,28.0,13.0,340.0,1418.0,733.0,190.0,30.0,23.0,23.0,105.0,75.0,7.0,3.0,21.0,98.0,68.0,2.0,29.0,57.0,136.0,61.0,11.0,10.0,31.0,22.0,16.0,53.0,43.0,67.0,10.0,34.0,111.0,173.0,43.0,26.0,9.0,58.0,18.0,55.0,63.0,90.0,31.0,38.0,21.0,52.0,35.0,18.0,3.0,2.0,13.0,1.0,3.0,8.0,4.0,23.0,1.0,2.0,122.0,77.0,127.0,240.0,72.0,213.0,214.0,158.0,143.0,59.0,889.0,95.0,237.0,80.0,148.0,2600.0,293.0,210.0,119.0,480.0,1367.0,1572.0,211.0,3572.0,34.0,29.0,29.0,16.0,133.0,203.0,-45.53160095214844,-8.330667495727539,2.6395833492279053
90,42.0,63.0,65.0,48.0,20.0,18.0,10.0,1448.0,92.0,79.0,1426.0,699.0,1533.0,1616.0,57.0,60.0,47.0,24.0,43.0,245.0,46.0,81.0,125.0,28.0,12.0,336.0,1400.0,723.0,192.0,30.0,23.0,23.0,106.0,76.0,7.0,3.0,21.0,99.0,69.0,3.0,33.0,55.0,132.0,60.0,17.0,9.0,31.0,23.0,15.0,55.0,44.0,68.0,12.0,34.0,112.0,176.0,43.0,26.0,9.0,57.0,18.0,55.0,67.0,90.0,32.0,38.0,22.0,52.0,36.0,18.0,3.0,2.0,13.0,2.0,3.0,7.0,5.0,23.0,1.0,2.0,121.0,75.0,127.0,241.0,72.0,210.0,213.0,160.0,143.0,60.0,882.0,95.0,236.0,80.0,148.0,2602.0,296.0,211.0,120.0,475.0,1375.0,1576.0,217.0,3560.0,35.0,29.0,29.0,17.0,133.0,200.0,-45.072261810302734,-7.758218288421631,2.3556041717529297
91,55.0,67.0,67.0,49.0,20.0,18.0,10.0,1471.0,89.0,78.0,1440.0,711.0,1551.0,1617.0,60.0,61.0,46.0,22.0,50.0,236.0,47.0,78.0,127.0,29.0,12.0,343.0,1419.0,717.0,189.0,30.0,22.0,22.0,102.0,82.0,7.0,3.0,21.0,104.0,71.0,4.0,32.0,57.0,131.0,66.0,27.0,10.0,31.0,23.0,16.0,53.0,44.0,71.0,11.0,34.0,109.0,176.0,43.0,26.0,10.0,58.0,19.0,60.0,71.0,96.0,33.0,39.0,23.0,52.0,37.0,18.0,3.0,2.0,13.0,1.0,3.0,7.0,5.0,23.0,1.0,1.0,120.0,74.0,125.0,242.0,70.0,203.0,206.0,160.0,140.0,59.0,869.0,93.0,231.0,77.0,147.0,2607.0,295.0,211.0,121.0,483.0,1376.0,1583.0,221.0,3545.0,35.0,29.0,28.0,16.0,130.0,195.0,-45.33094024658203,-8.066246032714844,2.595134735107422
92,63.0,68.0,67.0,47.0,20.0,18.0,10.0,1462.0,91.0,79.0,1431.0,696.0,1545.0,1632.0,61.0,63.0,46.0,19.0,55.0,229.0,48.0,77.0,126.0,29.0,11.0,341.0,1403.0,706.0,191.0,30.0,23.0,23.0,103.0,89.0,7.0,3.0,21.0,114.0,81.0,4.0,31.0,58.0,131.0,74.0,41.0,10.0,30.0,24.0,16.0,55.0,45.0,72.0,11.0,34.0,107.0,177.0,44.0,27.0,9.0,58.0,21.0,70.0,86.0,105.0,34.0,39.0,24.0,52.0,39.0,18.0,3.0,2.0,14.0,2.0,3.0,8.0,5.0,24.0,1.0,1.0,119.0,77.0,124.0,243.0,71.0,199.0,202.0,159.0,141.0,59.0,864.0,91.0,229.0,76.0,147.0,2617.0,294.0,211.0,122.0,488.0,1379.0,1584.0,219.0,3527.0,35.0,29.0,28.0,16.0,126.0,194.0,-45.55219650268555,-7.520188331604004,3.193397283554077
93,69.0,68.0,67.0,48.0,20.0,19.0,10.0,1459.0,89.0,78.0,1429.0,699.0,1538.0,1623.0,61.0,62.0,46.0,18.0,59.0,227.0,47.0,76.0,127.0,30.0,11.0,339.0,1403.0,703.0,194.0,31.0,23.0,23.0,105.0,103.0,7.0,4.0,21.0,125.0,92.0,7.0,27.0,59.0,133.0,82.0,50.0,10.0,30.0,24.0,16.0,55.0,46.0,72.0,11.0,34.0,107.0,173.0,44.0,27.0,9.0,59.0,23.0,82.0,96.0,112.0,34.0,39.0,24.0,52.0,39.0,19.0,2.0,2.0,14.0,2.0,2.0,7.0,4.0,24.0,1.0,1.0,123.0,76.0,126.0,239.0,71.0,200.0,201.0,161.0,143.0,60.0,863.0,93.0,229.0,76.0,146.0,2612.0,296.0,214.0,123.0,486.0,1376.0,1580.0,219.0,3516.0,35.0,29.0,28.0,16.0,129.0,193.0,-45.49871826171875,-9.49239444732666,4.064223289489746
94,72.0,67.0,68.0,48.0,20.0,18.0,10.0,1465.0,90.0,77.0,1432.0,700.0,1538.0,1624.0,61.0,62.0,47.0,18.0,61.0,223.0,47.0,77.0,127.0,30.0,12.0,339.0,1412.0,704.0,194.0,31.0,24.0,23.0,105.0,106.0,7.0,4.0,22.0,131.0,97.0,8.0,24.0,61.0,131.0,87.0,54.0,10.0,29.0,24.0,16.0,55.0,46.0,71.0,11.0,35.0,107.0,173.0,45.0,28.0,9.0,59.0,24.0,87.0,101.0,118.0,36.0,38.0,23.0,52.0,38.0,19.0,3.0,2.0,14.0,1.0,3.0,7.0,4.0,24.0,1.0,1.0,124.0,79.0,127.0,239.0,71.0,200.0,200.0,163.0,144.0,59.0,866.0,92.0,230.0,76.0,147.0,2623.0,298.0,214.0,124.0,472.0,1378.0,1577.0,228.0,3507.0,36.0,29.0,29.0,17.0,132.0,194.0,-46.79917526245117,-8.471942901611328,3.644974946975708
95,72.0,67.0,68.0,48.0,20.0,19.0,10.0,1469.0,91.0,77.0,1433.0,700.0,1540.0,1632.0,61.0,63.0,47.0,17.0,61.0,221.0,47.0,77.0,127.0,29.0,13.0,337.0,1410.0,706.0,194.0,31.0,24.0,24.0,105.0,107.0,6.0,4.0,21.0,131.0,98.0,10.0,24.0,61.0,133.0,87.0,56.0,10.0,30.0,24.0,16.0,55.0,45.0,71.0,11.0,35.0,107.0,173.0,46.0,27.0,9.0,59.0,24.0,86.0,100.0,119.0,38.0,37.0,23.0,51.0,38.0,18.0,2.0,2.0,14.0,1.0,2.0,7.0,4.0,24.0,0.0,1.0,123.0,78.0,127.0,240.0,72.0,200.0,202.0,165.0,145.0,60.0,864.0,92.0,230.0,76.0,146.0,2625.0,299.0,214.0,125.0,474.0,1376.0,1576.0,228.0,3504.0,36.0,29.0,29.0,17.0,131.0,197.0,-46.205501556396484,-7.943796634674072,3.6141161918640137
96,80.0,71.0,69.0,48.0,21.0,19.0,10.0,1476.0,90.0,76.0,1433.0,701.0,1539.0,1629.0,59.0,62.0,47.0,16.0,63.0,220.0,47.0,77.0,128.0,29.0,11.0,340.0,1420.0,709.0,194.0,31.0,23.0,23.0,101.0,114.0,5.0,5.0,21.0,137.0,103.0,10.0,27.0,61.0,133.0,89.0,59.0,9.0,30.0,23.0,16.0,54.0,45.0,71.0,12.0,36.0,107.0,175.0,46.0,26.0,9.0,59.0,25.0,89.0,104.0,121.0,34.0,38.0,24.0,50.0,39.0,18.0,2.0,1.0,14.0,2.0,2.0,7.0,4.0,24.0,1.0,1.0,121.0,80.0,125.0,241.0,73.0,199.0,201.0,160.0,142.0,61.0,865.0,92.0,230.0,76.0,145.0,2618.0,299.0,213.0,125.0,522.0,1371.0,1583.0,228.0,3496.0,37.0,30.0,29.0,17.0,135.0,195.0,-45.76665115356445,-8.723786354064941,3.4771976470947266
97,82.0,74.0,69.0,47.0,20.0,18.0,10.0,1474.0,89.0,76.0,1430.0,701.0,1536.0,1630.0,58.0,62.0,46.0,15.0,61.0,218.0,47.0,76.0,127.0,30.0,12.0,339.0,1411.0,699.0,186.0,30.0,23.0,23.0,101.0,114.0,6.0,4.0,21.0,137.0,103.0,11.0,31.0,61.0,130.0,90.0,57.0,9.0,29.0,23.0,16.0,53.0,44.0,71.0,13.0,36.0,107.0,177.0,47.0,26.0,9.0,59.0,25.0,91.0,105.0,121.0,34.0,39.0,24.0,52.0,39.0,18.0,2.0,2.0,14.0,2.0,3.0,8.0,5.0,24.0,0.0,1.0,121.0,82.0,123.0,240.0,72.0,199.0,201.0,158.0,140.0,61.0,859.0,91.0,229.0,74.0,145.0,2625.0,301.0,210.0,126.0,541.0,1368.0,1570.0,234.0,3486.0,37.0,30.0,30.0,18.0,137.0,196.0,-45.90352249145508,-8.549806594848633,3.2552692890167236
98,82.0,72.0,68.0,48.0,20.0,19.0,10.0,1478.0,90.0,75.0,1434.0,695.0,1547.0,1627.0,58.0,62.0,46.0,15.0,62.0,217.0,46.0,76.0,126.0,29.0,11.0,337.0,1421.0,704.0,191.0,30.0,23.0,23.0,102.0,112.0,6.0,4.0,20.0,137.0,102.0,10.0,26.0,61.0,130.0,90.0,60.0,9.0,29.0,23.0,16.0,54.0,43.0,71.0,12.0,36.0,106.0,178.0,46.0,26.0,10.0,57.0,24.0,89.0,102.0,123.0,33.0,39.0,23.0,51.0,37.0,18.0,3.0,2.0,13.0,2.0,3.0,7.0,4.0,24.0,1.0,1.0,121.0,83.0,125.0,242.0,73.0,200.0,200.0,161.0,143.0,60.0,864.0,92.0,228.0,75.0,143.0,2631.0,301.0,212.0,126.0,533.0,1377.0,1579.0,233.0,3488.0,37.0,30.0,29.0,18.0,139.0,192.0,-45.77180480957031,-8.760525703430176,3.334940195083618
99,83.0,72.0,69.0,48.0,20.0,18.0,10.0,1476.0,89.0,76.0,1436.0,697.0,1548.0,1634.0,58.0,63.0,46.0,16.0,60.0,221.0,46.0,77.0,126.0,28.0,12.0,337.0,1417.0,704.0,188.0,29.0,23.0,22.0,100.0,113.0,6.0,4.0,20.0,136.0,101.0,8.0,27.0,60.0,130.0,88.0,53.0,9.0,29.0,22.0,15.0,53.0,44.0,71.0,11.0,35.0,105.0,180.0,45.0,26.0,10.0,57.0,24.0,88.0,101.0,122.0,33.0,39.0,24.0,52.0,39.0,18.0,3.0,2.0,13.0,2.0,3.0,8.0,4.0,24.0,0.0,1.0,122.0,81.0,126.0,243.0,72.0,199.0,202.0,159.0,141.0,59.0,862.0,91.0,228.0,75.0,144.0,2634.0,297.0,211.0,125.0,521.0,1379.0,1580.0,232.0,3482.0,36.0,29.0,29.0,17.0,135.0,193.0,-45.98872756958008,-8.603052139282227,3.686532497406006
100,84.0,73.0,69.0,49.0,20.0,17.0,10.0,1471.0,89.0,75.0,1436.0,690.0,1548.0,1630.0,59.0,64.0,46.0,17.0,58.0,219.0,45.0,77.0,125.0,29.0,12.0,333.0,1419.0,702.0,192.0,30.0,23.0,23.0,102.0,109.0,6.0,4.0,20.0,131.0,96.0,7.0,34.0,57.0,127.0,82.0,43.0,9.0,30.0,23.0,16.0,55.0,43.0,71.0,12.0,34.0,106.0,178.0,44.0,26.0,10.0,56.0,22.0,83.0,95.0,112.0,30.0,39.0,24.0,52.0,38.0,18.0,3.0,2.0,14.0,2.0,3.0,8.0,5.0,23.0,1.0,1.0,119.0,82.0,127.0,243.0,70.0,201.0,203.0,162.0,142.0,59.0,857.0,92.0,225.0,75.0,141.0,2637.0,296.0,214.0,124.0,516.0,1388.0,1587.0,224.0,3457.0,35.0,28.0,28.0,17.0,133.0,192.0,-45.51060485839844,-7.527300834655762,3.120542526245117
101,84.0,75.0,71.0,48.0,19.0,18.0,10.0,1478.0,88.0,75.0,1431.0,695.0,1543.0,1629.0,60.0,65.0,47.0,16.0,54.0,227.0,45.0,76.0,126.0,29.0,12.0,336.0,1421.0,703.0,192.0,30.0,23.0,22.0,104.0,106.0,5.0,4.0,20.0,129.0,95.0,9.0,39.0,56.0,130.0,79.0,36.0,9.0,29.0,23.0,16.0,54.0,44.0,72.0,13.0,34.0,107.0,177.0,46.0,26.0,10.0,57.0,21.0,78.0,92.0,107.0,31.0,38.0,25.0,51.0,39.0,18.0,3.0,2.0,14.0,2.0,3.0,9.0,6.0,24.0,1.0,1.0,121.0,82.0,126.0,240.0,70.0,200.0,202.0,159.0,140.0,59.0,850.0,91.0,225.0,75.0,142.0,2631.0,298.0,210.0,123.0,528.0,1384.0,1589.0,218.0,3453.0,35.0,28.0,28.0,17.0,136.0,190.0,-45.79794692993164,-8.947521209716797,2.661020278930664
102,85.0,76.0,71.0,48.0,19.0,17.0,10.0,1479.0,87.0,76.0,1431.0,687.0,1540.0,1634.0,61.0,66.0,46.0,17.0,53.0,226.0,45.0,75.0,125.0,29.0,12.0,339.0,1414.0,700.0,193.0,30.0,23.0,22.0,104.0,104.0,6.0,4.0,20.0,126.0,91.0,5.0,41.0,55.0,127.0,77.0,32.0,9.0,31.0,23.0,16.0,55.0,43.0,72.0,13.0,33.0,107.0,176.0,45.0,26.0,10.0,57.0,22.0,77.0,89.0,103.0,31.0,40.0,24.0,52.0,38.0,18.0,3.0,2.0,14.0,2.0,3.0,10.0,7.0,24.0,1.0,1.0,119.0,83.0,125.0,241.0,69.0,199.0,203.0,158.0,141.0,58.0,849.0,91.0,222.0,75.0,140.0,2633.0,295.0,210.0,121.0,532.0,1379.0,1582.0,217.0,3440.0,34.0,27.0,26.0,16.0,133.0,186.0,-45.41648864746094,-9.296819686889648,2.848893880844116
103,84.0,75.0,71.0,48.0,18.0,16.0,10.0,1471.0,87.0,75.0,1430.0,687.0,1543.0,1627.0,60.0,66.0,46.0,17.0,52.0,225.0,45.0,76.0,124.0,29.0,11.0,336.0,1408.0,693.0,190.0,29.0,22.0,22.0,100.0,103.0,6.0,3.0,19.0,124.0,90.0,6.0,40.0,54.0,124.0,79.0,30.0,9.0,30.0,23.0,15.0,54.0,42.0,71.0,14.0,32.0,107.0,179.0,45.0,25.0,11.0,55.0,22.0,75.0,87.0,108.0,29.0,39.0,24.0,52.0,37.0,18.0,4.0,3.0,13.0,2.0,3.0,12.0,8.0,24.0,1.0,1.0,120.0,81.0,126.0,241.0,67.0,201.0,201.0,157.0,140.0,58.0,850.0,89.0,222.0,75.0,142.0,2638.0,295.0,209.0,121.0,538.0,1377.0,1580.0,204.0,3441.0,32.0,27.0,26.0,16.0,133.0,186.0,-45.242794036865234,-9.040436744689941,2.7687838077545166
104,86.0,77.0,72.0,49.0,18.0,16.0,10.0,1480.0,86.0,73.0,1442.0,700.0,1554.0,1637.0,59.0,65.0,44.0,17.0,51.0,219.0,44.0,77.0,124.0,29.0,12.0,332.0,1424.0,696.0,182.0,27.0,20.0,20.0,95.0,107.0,6.0,3.0,19.0,128.0,94.0,7.0,39.0,54.0,125.0,84.0,31.0,8.0,30.0,21.0,14.0,53.0,41.0,70.0,13.0,32.0,107.0,173.0,46.0,25.0,10.0,55.0,23.0,77.0,88.0,113.0,26.0,38.0,23.0,52.0,37.0,16.0,3.0,3.0,12.0,2.0,3.0,11.0,8.0,23.0,1.0,1.0,120.0,86.0,126.0,237.0,67.0,201.0,205.0,157.0,140.0,57.0,852.0,89.0,222.0,75.0,140.0,2638.0,299.0,211.0,121.0,536.0,1377.0,1580.0,209.0,3437.0,33.0,27.0,26.0,16.0,134.0,186.0,-43.84602737426758,-8.840667724609375,2.7010529041290283
105,90.0,85.0,74.0,49.0,18.0,16.0,10.0,1491.0,85.0,72.0,1449.0,695.0,1554.0,1628.0,61.0,66.0,44.0,17.0,49.0,219.0,42.0,75.0,125.0,29.0,11.0,321.0,1446.0,699.0,178.0,27.0,20.0,20.0,95.0,107.0,6.0,4.0,20.0,132.0,94.0,7.0,42.0,55.0,124.0,81.0,28.0,9.0,32.0,20.0,14.0,52.0,41.0,69.0,13.0,32.0,106.0,168.0,47.0,23.0,10.0,54.0,24.0,82.0,96.0,104.0,24.0,39.0,25.0,53.0,39.0,16.0,3.0,2.0,12.0,2.0,3.0,13.0,9.0,21.0,0.0,1.0,122.0,88.0,124.0,233.0,67.0,200.0,202.0,157.0,139.0,55.0,850.0,89.0,219.0,74.0,138.0,2652.0,301.0,211.0,122.0,555.0,1364.0,1553.0,209.0,3419.0,33.0,27.0,26.0,17.0,139.0,185.0,-43.3975830078125,-7.875531196594238,2.8551015853881836
106,89.0,80.0,73.0,47.0,18.0,16.0,10.0,1493.0,86.0,70.0,1447.0,688.0,1551.0,1630.0,60.0,66.0,45.0,16.0,50.0,220.0,42.0,76.0,122.0,27.0,11.0,319.0,1446.0,704.0,179.0,26.0,20.0,20.0,95.0,104.0,5.0,4.0,18.0,127.0,90.0,10.0,41.0,54.0,124.0,82.0,31.0,8.0,29.0,21.0,14.0,53.0,40.0,69.0,14.0,31.0,106.0,172.0,46.0,23.0,10.0,53.0,20.0,75.0,89.0,111.0,25.0,39.0,24.0,52.0,38.0,16.0,3.0,2.0,12.0,2.0,3.0,13.0,9.0,22.0,0.0,1.0,121.0,85.0,125.0,237.0,66.0,199.0,201.0,159.0,140.0,57.0,850.0,89.0,221.0,75.0,138.0,2647.0,302.0,211.0,120.0,544.0,1365.0,1564.0,207.0,3418.0,33.0,27.0,26.0,16.0,135.0,185.0,-43.956512451171875,-9.59472370147705,3.368030309677124
107,92.0,78.0,73.0,47.0,18.0,16.0,10.0,1488.0,87.0,71.0,1439.0,682.0,1548.0,1628.0,59.0,66.0,45.0,16.0,54.0,222.0,43.0,77.0,121.0,28.0,10.0,329.0,1435.0,702.0,182.0,27.0,20.0,20.0,95.0,102.0,5.0,4.0,18.0,123.0,87.0,9.0,37.0,56.0,124.0,82.0,36.0,8.0,30.0,21.0,14.0,54.0,40.0,70.0,14.0,32.0,107.0,174.0,45.0,23.0,9.0,53.0,20.0,71.0,82.0,113.0,25.0,39.0,24.0,52.0,37.0,16.0,3.0,2.0,12.0,2.0,3.0,13.0,9.0,22.0,1.0,1.0,120.0,86.0,124.0,237.0,65.0,201.0,203.0,156.0,138.0,57.0,855.0,90.0,221.0,76.0,140.0,2653.0,301.0,209.0,121.0,539.0,1364.0,1566.0,208.0,3405.0,34.0,27.0,26.0,16.0,136.0,183.0,-44.863197326660156,-11.076521873474121,4.532972812652588
