frame,face_id,timestamp,confidence,success,gaze_0_x,gaze_0_y,gaze_0_z,gaze_1_x,gaze_1_y,gaze_1_z,gaze_angle_x,gaze_angle_y,eye_lmk_x_0,eye_lmk_x_1,eye_lmk_x_2,eye_lmk_x_3,eye_lmk_x_4,eye_lmk_x_5,eye_lmk_x_6,eye_lmk_x_7,eye_lmk_x_8,eye_lmk_x_9,eye_lmk_x_10,eye_lmk_x_11,eye_lmk_x_12,eye_lmk_x_13,eye_lmk_x_14,eye_lmk_x_15,eye_lmk_x_16,eye_lmk_x_17,eye_lmk_x_18,eye_lmk_x_19,eye_lmk_x_20,eye_lmk_x_21,eye_lmk_x_22,eye_lmk_x_23,eye_lmk_x_24,eye_lmk_x_25,eye_lmk_x_26,eye_lmk_x_27,eye_lmk_x_28,eye_lmk_x_29,eye_lmk_x_30,eye_lmk_x_31,eye_lmk_x_32,eye_lmk_x_33,eye_lmk_x_34,eye_lmk_x_35,eye_lmk_x_36,eye_lmk_x_37,eye_lmk_x_38,eye_lmk_x_39,eye_lmk_x_40,eye_lmk_x_41,eye_lmk_x_42,eye_lmk_x_43,eye_lmk_x_44,eye_lmk_x_45,eye_lmk_x_46,eye_lmk_x_47,eye_lmk_x_48,eye_lmk_x_49,eye_lmk_x_50,eye_lmk_x_51,eye_lmk_x_52,eye_lmk_x_53,eye_lmk_x_54,eye_lmk_x_55,eye_lmk_y_0,eye_lmk_y_1,eye_lmk_y_2,eye_lmk_y_3,eye_lmk_y_4,eye_lmk_y_5,eye_lmk_y_6,eye_lmk_y_7,eye_lmk_y_8,eye_lmk_y_9,eye_lmk_y_10,eye_lmk_y_11,eye_lmk_y_12,eye_lmk_y_13,eye_lmk_y_14,eye_lmk_y_15,eye_lmk_y_16,eye_lmk_y_17,eye_lmk_y_18,eye_lmk_y_19,eye_lmk_y_20,eye_lmk_y_21,eye_lmk_y_22,eye_lmk_y_23,eye_lmk_y_24,eye_lmk_y_25,eye_lmk_y_26,eye_lmk_y_27,eye_lmk_y_28,eye_lmk_y_29,eye_lmk_y_30,eye_lmk_y_31,eye_lmk_y_32,eye_lmk_y_33,eye_lmk_y_34,eye_lmk_y_35,eye_lmk_y_36,eye_lmk_y_37,eye_lmk_y_38,eye_lmk_y_39,eye_lmk_y_40,eye_lmk_y_41,eye_lmk_y_42,eye_lmk_y_43,eye_lmk_y_44,eye_lmk_y_45,eye_lmk_y_46,eye_lmk_y_47,eye_lmk_y_48,eye_lmk_y_49,eye_lmk_y_50,eye_lmk_y_51,eye_lmk_y_52,eye_lmk_y_53,eye_lmk_y_54,eye_lmk_y_55,eye_lmk_X_0,eye_lmk_X_1,eye_lmk_X_2,eye_lmk_X_3,eye_lmk_X_4,eye_lmk_X_5,eye_lmk_X_6,eye_lmk_X_7,eye_lmk_X_8,eye_lmk_X_9,eye_lmk_X_10,eye_lmk_X_11,eye_lmk_X_12,eye_lmk_X_13,eye_lmk_X_14,eye_lmk_X_15,eye_lmk_X_16,eye_lmk_X_17,eye_lmk_X_18,eye_lmk_X_19,eye_lmk_X_20,eye_lmk_X_21,eye_lmk_X_22,eye_lmk_X_23,eye_lmk_X_24,eye_lmk_X_25,eye_lmk_X_26,eye_lmk_X_27,eye_lmk_X_28,eye_lmk_X_29,eye_lmk_X_30,eye_lmk_X_31,eye_lmk_X_32,eye_lmk_X_33,eye_lmk_X_34,eye_lmk_X_35,eye_lmk_X_36,eye_lmk_X_37,eye_lmk_X_38,eye_lmk_X_39,eye_lmk_X_40,eye_lmk_X_41,eye_lmk_X_42,eye_lmk_X_43,eye_lmk_X_44,eye_lmk_X_45,eye_lmk_X_46,eye_lmk_X_47,eye_lmk_X_48,eye_lmk_X_49,eye_lmk_X_50,eye_lmk_X_51,eye_lmk_X_52,eye_lmk_X_53,eye_lmk_X_54,eye_lmk_X_55,eye_lmk_Y_0,eye_lmk_Y_1,eye_lmk_Y_2,eye_lmk_Y_3,eye_lmk_Y_4,eye_lmk_Y_5,eye_lmk_Y_6,eye_lmk_Y_7,eye_lmk_Y_8,eye_lmk_Y_9,eye_lmk_Y_10,eye_lmk_Y_11,eye_lmk_Y_12,eye_lmk_Y_13,eye_lmk_Y_14,eye_lmk_Y_15,eye_lmk_Y_16,eye_lmk_Y_17,eye_lmk_Y_18,eye_lmk_Y_19,eye_lmk_Y_20,eye_lmk_Y_21,eye_lmk_Y_22,eye_lmk_Y_23,eye_lmk_Y_24,eye_lmk_Y_25,eye_lmk_Y_26,eye_lmk_Y_27,eye_lmk_Y_28,eye_lmk_Y_29,eye_lmk_Y_30,eye_lmk_Y_31,eye_lmk_Y_32,eye_lmk_Y_33,eye_lmk_Y_34,eye_lmk_Y_35,eye_lmk_Y_36,eye_lmk_Y_37,eye_lmk_Y_38,eye_lmk_Y_39,eye_lmk_Y_40,eye_lmk_Y_41,eye_lmk_Y_42,eye_lmk_Y_43,eye_lmk_Y_44,eye_lmk_Y_45,eye_lmk_Y_46,eye_lmk_Y_47,eye_lmk_Y_48,eye_lmk_Y_49,eye_lmk_Y_50,eye_lmk_Y_51,eye_lmk_Y_52,eye_lmk_Y_53,eye_lmk_Y_54,eye_lmk_Y_55,eye_lmk_Z_0,eye_lmk_Z_1,eye_lmk_Z_2,eye_lmk_Z_3,eye_lmk_Z_4,eye_lmk_Z_5,eye_lmk_Z_6,eye_lmk_Z_7,eye_lmk_Z_8,eye_lmk_Z_9,eye_lmk_Z_10,eye_lmk_Z_11,eye_lmk_Z_12,eye_lmk_Z_13,eye_lmk_Z_14,eye_lmk_Z_15,eye_lmk_Z_16,eye_lmk_Z_17,eye_lmk_Z_18,eye_lmk_Z_19,eye_lmk_Z_20,eye_lmk_Z_21,eye_lmk_Z_22,eye_lmk_Z_23,eye_lmk_Z_24,eye_lmk_Z_25,eye_lmk_Z_26,eye_lmk_Z_27,eye_lmk_Z_28,eye_lmk_Z_29,eye_lmk_Z_30,eye_lmk_Z_31,eye_lmk_Z_32,eye_lmk_Z_33,eye_lmk_Z_34,eye_lmk_Z_35,eye_lmk_Z_36,eye_lmk_Z_37,eye_lmk_Z_38,eye_lmk_Z_39,eye_lmk_Z_40,eye_lmk_Z_41,eye_lmk_Z_42,eye_lmk_Z_43,eye_lmk_Z_44,eye_lmk_Z_45,eye_lmk_Z_46,eye_lmk_Z_47,eye_lmk_Z_48,eye_lmk_Z_49,eye_lmk_Z_50,eye_lmk_Z_51,eye_lmk_Z_52,eye_lmk_Z_53,eye_lmk_Z_54,eye_lmk_Z_55,pose_Tx,pose_Ty,pose_Tz,pose_Rx,pose_Ry,pose_Rz,x_0,x_1,x_2,x_3,x_4,x_5,x_6,x_7,x_8,x_9,x_10,x_11,x_12,x_13,x_14,x_15,x_16,x_17,x_18,x_19,x_20,x_21,x_22,x_23,x_24,x_25,x_26,x_27,x_28,x_29,x_30,x_31,x_32,x_33,x_34,x_35,x_36,x_37,x_38,x_39,x_40,x_41,x_42,x_43,x_44,x_45,x_46,x_47,x_48,x_49,x_50,x_51,x_52,x_53,x_54,x_55,x_56,x_57,x_58,x_59,x_60,x_61,x_62,x_63,x_64,x_65,x_66,x_67,y_0,y_1,y_2,y_3,y_4,y_5,y_6,y_7,y_8,y_9,y_10,y_11,y_12,y_13,y_14,y_15,y_16,y_17,y_18,y_19,y_20,y_21,y_22,y_23,y_24,y_25,y_26,y_27,y_28,y_29,y_30,y_31,y_32,y_33,y_34,y_35,y_36,y_37,y_38,y_39,y_40,y_41,y_42,y_43,y_44,y_45,y_46,y_47,y_48,y_49,y_50,y_51,y_52,y_53,y_54,y_55,y_56,y_57,y_58,y_59,y_60,y_61,y_62,y_63,y_64,y_65,y_66,y_67,X_0,X_1,X_2,X_3,X_4,X_5,X_6,X_7,X_8,X_9,X_10,X_11,X_12,X_13,X_14,X_15,X_16,X_17,X_18,X_19,X_20,X_21,X_22,X_23,X_24,X_25,X_26,X_27,X_28,X_29,X_30,X_31,X_32,X_33,X_34,X_35,X_36,X_37,X_38,X_39,X_40,X_41,X_42,X_43,X_44,X_45,X_46,X_47,X_48,X_49,X_50,X_51,X_52,X_53,X_54,X_55,X_56,X_57,X_58,X_59,X_60,X_61,X_62,X_63,X_64,X_65,X_66,X_67,Y_0,Y_1,Y_2,Y_3,Y_4,Y_5,Y_6,Y_7,Y_8,Y_9,Y_10,Y_11,Y_12,Y_13,Y_14,Y_15,Y_16,Y_17,Y_18,Y_19,Y_20,Y_21,Y_22,Y_23,Y_24,Y_25,Y_26,Y_27,Y_28,Y_29,Y_30,Y_31,Y_32,Y_33,Y_34,Y_35,Y_36,Y_37,Y_38,Y_39,Y_40,Y_41,Y_42,Y_43,Y_44,Y_45,Y_46,Y_47,Y_48,Y_49,Y_50,Y_51,Y_52,Y_53,Y_54,Y_55,Y_56,Y_57,Y_58,Y_59,Y_60,Y_61,Y_62,Y_63,Y_64,Y_65,Y_66,Y_67,Z_0,Z_1,Z_2,Z_3,Z_4,Z_5,Z_6,Z_7,Z_8,Z_9,Z_10,Z_11,Z_12,Z_13,Z_14,Z_15,Z_16,Z_17,Z_18,Z_19,Z_20,Z_21,Z_22,Z_23,Z_24,Z_25,Z_26,Z_27,Z_28,Z_29,Z_30,Z_31,Z_32,Z_33,Z_34,Z_35,Z_36,Z_37,Z_38,Z_39,Z_40,Z_41,Z_42,Z_43,Z_44,Z_45,Z_46,Z_47,Z_48,Z_49,Z_50,Z_51,Z_52,Z_53,Z_54,Z_55,Z_56,Z_57,Z_58,Z_59,Z_60,Z_61,Z_62,Z_63,Z_64,Z_65,Z_66,Z_67,p_scale,p_rx,p_ry,p_rz,p_tx,p_ty,p_0,p_1,p_2,p_3,p_4,p_5,p_6,p_7,p_8,p_9,p_10,p_11,p_12,p_13,p_14,p_15,p_16,p_17,p_18,p_19,p_20,p_21,p_22,p_23,p_24,p_25,p_26,p_27,p_28,p_29,p_30,p_31,p_32,p_33,AU01_r,AU02_r,AU04_r,AU05_r,AU06_r,AU07_r,AU09_r,AU10_r,AU12_r,AU14_r,AU15_r,AU17_r,AU20_r,AU23_r,AU25_r,AU26_r,AU45_r,AU01_c,AU02_c,AU04_c,AU05_c,AU06_c,AU07_c,AU09_c,AU10_c,AU12_c,AU14_c,AU15_c,AU17_c,AU20_c,AU23_c,AU25_c,AU26_c,AU28_c,AU45_c
1,0,0.0,0.98,1,0.286403,0.484799,-0.8264040000000001,0.133332,0.4897609999999999,-0.8616010000000001,0.244,0.524,373.6,375.5,379.6,383.5,385.0,383.3,379.0,375.1,365.3,368.7,373.2,378.3,382.6,385.4,386.9,384.5,381.0,376.8,372.5,368.4,377.2,378.9,380.6,381.5,380.8,379.1,377.3,376.5,429.1,430.9,435.1,439.2,440.7,438.9,434.7,430.3,423.3,426.3,430.2,434.9,439.1,442.1,444.0,441.8,438.8,435.0,430.7,426.5,432.6,434.5,436.5,437.3,436.6,434.7,432.7,431.9,186.4,182.0,180.1,181.8,186.1,190.7,192.4,190.7,187.0,185.4,184.6,184.3,185.0,186.4,188.6,190.3,191.1,191.3,190.7,189.2,188.0,188.8,188.0,186.1,184.2,183.5,184.3,186.2,188.5,184.0,182.0,183.7,188.0,192.6,194.5,193.1,190.3,187.9,186.4,185.8,186.2,187.0,188.6,190.5,191.8,192.4,192.2,191.6,190.3,191.1,190.1,188.0,186.0,185.2,186.1,188.2,46.9,48.7,52.8,56.7,58.3,56.7,52.4,48.4,39.1,42.3,46.5,51.3,55.7,58.7,60.4,57.8,54.2,50.1,45.9,42.0,50.5,52.3,54.0,54.8,54.2,52.4,50.7,49.9,102.4,104.2,108.5,112.9,114.7,112.9,108.6,103.8,97.0,99.6,103.3,108.1,112.6,116.2,118.7,116.1,112.6,108.5,104.1,100.0,106.3,108.4,110.4,111.2,110.4,108.4,106.3,105.5,-167.5,-171.7,-173.9,-172.7,-169.0,-164.6,-162.6,-163.8,-167.8,-168.7,-169.0,-169.3,-169.3,-168.6,-167.2,-165.1,-163.7,-163.1,-163.7,-165.3,-166.6,-166.1,-167.1,-168.9,-170.5,-171.0,-170.1,-168.3,-168.8,-173.2,-175.5,-174.4,-170.4,-166.0,-163.7,-164.6,-167.4,-169.2,-170.5,-171.2,-171.5,-171.7,-171.1,-168.5,-166.5,-165.3,-165.2,-165.9,-167.7,-167.2,-168.2,-170.3,-172.2,-172.7,-171.6,-169.6,606.9,606.8,608.0,609.8,611.1,611.7,610.1,608.3,609.9,607.6,606.0,606.0,608.1,610.9,613.7,611.8,609.4,608.1,607.9,608.7,609.4,610.2,610.7,610.7,610.1,609.3,608.8,608.8,618.8,618.7,620.0,621.9,623.3,623.4,622.2,620.4,620.1,618.6,617.8,618.3,620.7,624.2,627.8,625.1,622.2,620.1,619.3,619.6,621.5,622.4,622.9,622.9,622.2,621.3,620.8,620.8,81.6,-142.7,672.5,0.45,-0.153,0.047,320.3,319.6,320.7,324.5,334.5,348.9,364.2,380.5,396.0,410.1,420.7,430.8,439.5,446.4,451.0,454.3,455.8,349.4,362.6,376.5,389.2,400.5,424.1,433.6,442.7,451.4,456.5,411.8,412.4,413.2,413.9,393.3,401.1,408.7,415.6,421.0,364.8,373.4,381.8,388.0,380.8,372.4,423.1,430.9,438.5,443.4,438.4,431.2,370.9,386.0,397.5,403.8,410.8,417.4,423.2,416.6,409.7,402.7,395.6,384.7,374.9,396.8,403.3,410.2,420.2,410.0,403.2,396.4,182.4,203.5,225.0,245.8,264.8,280.6,292.9,301.3,302.3,298.2,286.1,272.0,256.3,239.7,222.8,205.6,187.9,172.8,166.6,165.9,169.1,174.7,174.6,170.4,168.7,169.4,175.6,187.1,201.5,216.0,230.6,233.0,236.9,240.3,237.7,234.3,187.0,183.8,184.4,189.0,190.8,190.3,190.1,186.0,186.2,189.9,192.4,192.2,248.8,248.6,249.5,251.3,249.8,250.0,250.4,259.0,262.5,263.5,262.4,258.4,250.3,253.5,254.6,253.3,251.8,255.2,256.6,255.8,-5.1,-5.9,-4.8,-0.5,10.5,26.3,42.7,59.8,76.9,93.5,107.7,120.8,131.1,138.6,143.2,146.4,148.0,25.0,38.2,52.4,65.2,76.7,101.9,112.9,123.8,134.8,142.2,89.0,89.1,89.4,89.6,70.0,77.8,85.7,93.3,99.7,40.8,49.6,58.4,64.9,57.2,48.5,103.3,111.8,120.4,126.6,120.4,112.2,48.4,63.6,75.4,82.2,90.0,98.2,106.4,97.0,88.4,80.6,73.0,62.0,52.6,74.7,81.7,89.5,102.6,89.1,81.3,74.2,-193.1,-171.5,-149.1,-126.6,-105.2,-87.4,-73.1,-63.2,-62.4,-68.0,-83.2,-100.4,-118.7,-137.3,-156.0,-174.9,-194.8,-191.6,-196.8,-197.4,-194.0,-188.1,-190.7,-197.1,-201.3,-203.3,-199.5,-177.4,-161.6,-145.9,-130.4,-130.2,-125.9,-122.5,-126.0,-130.5,-177.3,-180.5,-180.4,-176.3,-173.6,-173.5,-178.9,-183.7,-184.5,-182.0,-178.0,-177.2,-117.2,-116.2,-115.0,-113.3,-115.6,-117.0,-118.7,-107.0,-101.9,-100.0,-101.0,-105.6,-115.5,-110.9,-109.9,-112.0,-116.6,-109.8,-107.5,-108.2,683.9,689.3,694.7,697.3,695.3,692.1,684.9,676.9,680.4,691.4,707.8,717.6,720.0,717.9,714.8,712.1,711.6,643.5,640.0,639.5,639.1,638.4,646.9,654.1,661.7,670.8,680.4,645.2,641.2,637.0,633.9,644.8,643.1,643.7,647.9,652.9,644.7,644.3,646.2,648.5,645.0,643.0,662.3,664.3,667.5,672.9,667.9,664.2,663.1,656.3,654.1,655.6,659.7,668.4,681.4,666.5,656.8,651.9,650.6,653.5,662.0,654.4,656.0,660.7,677.6,658.9,653.9,652.8,0.945,0.259,-0.268,0.091,401.407,225.584,-25.747,28.925,-2.528,-9.818,4.053999999999999,26.557,1.911,-11.005,-7.651,-6.324,0.475,1.6780000000000002,-4.612,-1.277,3.5380000000000003,-3.074,-2.128,0.889,-2.422,0.074,-0.45,0.1689999999999999,2.002,-1.135,0.496,0.722,0.944,-0.611,-0.155,0.005,0.143,0.095,0.042,-0.128,0.0,0.0,0.0,0.0,1.29,0.37,0.0,1.85,2.49,0.54,0.0,0.72,0.0,0.56,0.0,0.21,0.0,0.0,0.0,0.0,0.0,1.0,1.0,0.0,1.0,1.0,1.0,0.0,1.0,0.0,0.0,0.0,0.0,0.0,0.0
2,0,0.033,0.98,1,0.28818,0.5144489999999999,-0.8076479999999999,0.1372789999999999,0.505095,-0.8520760000000001,0.251,0.551,374.1,375.9,379.9,383.6,385.0,383.3,379.2,375.4,365.6,369.0,373.5,378.5,382.8,385.4,386.8,384.4,381.0,376.9,372.7,368.6,377.5,379.1,380.8,381.5,381.0,379.4,377.7,376.9,429.2,431.1,435.3,439.3,440.8,438.9,434.7,430.3,423.3,426.3,430.3,435.1,439.2,442.2,443.9,441.8,438.8,435.1,430.7,426.5,432.6,434.5,436.5,437.3,436.6,434.8,432.8,431.9,186.6,182.3,180.5,182.1,186.3,190.8,192.4,190.8,186.9,185.3,184.6,184.2,185.0,186.4,188.6,190.2,191.0,191.2,190.5,189.1,188.1,188.8,188.0,186.2,184.5,183.8,184.6,186.4,188.5,184.0,182.0,183.7,188.1,192.6,194.6,193.2,190.2,187.9,186.4,185.8,186.2,187.0,188.6,190.5,191.8,192.4,192.3,191.6,190.3,191.1,190.2,188.1,186.0,185.2,186.1,188.2,48.3,50.1,54.1,58.0,59.5,57.9,53.6,49.8,40.1,43.4,47.7,52.6,57.0,59.8,61.5,59.0,55.4,51.2,47.0,43.1,51.9,53.5,55.2,56.0,55.4,53.7,52.0,51.3,101.8,103.6,107.9,112.2,114.0,112.2,107.8,103.1,96.2,98.9,102.7,107.4,112.0,115.5,117.9,115.4,111.9,107.8,103.4,99.3,105.6,107.6,109.7,110.5,109.7,107.7,105.7,104.8,-170.7,-174.8,-177.0,-175.9,-172.2,-167.9,-165.9,-167.0,-171.2,-172.1,-172.4,-172.8,-172.6,-172.0,-170.6,-168.5,-167.0,-166.5,-167.0,-168.6,-169.9,-169.4,-170.4,-172.1,-173.7,-174.1,-173.2,-171.4,-167.5,-171.9,-174.2,-173.1,-169.2,-164.8,-162.5,-163.4,-166.2,-168.1,-169.3,-170.0,-170.3,-170.5,-170.0,-167.3,-165.3,-164.1,-164.0,-164.8,-166.5,-166.0,-167.1,-169.1,-170.9,-171.5,-170.4,-168.3,619.0,618.8,620.1,622.1,623.5,624.1,622.4,620.4,621.9,619.5,618.0,618.1,620.3,623.2,626.0,624.1,621.6,620.2,619.9,620.7,621.6,622.5,623.0,622.9,622.3,621.5,621.0,621.0,614.3,614.2,615.6,617.6,619.1,619.3,617.9,616.1,615.6,614.1,613.3,613.9,616.4,620.0,623.7,621.0,618.1,615.9,615.0,615.2,617.1,618.1,618.7,618.6,617.9,617.0,616.4,616.4,81.8,-143.1,673.8,0.4679999999999999,-0.145,0.045,320.0,319.2,320.4,324.6,335.0,349.7,364.7,380.7,396.3,410.6,421.5,431.5,439.8,446.5,451.1,454.3,455.8,350.3,363.5,377.2,389.4,400.2,424.4,433.6,442.4,451.0,456.0,411.9,412.4,413.1,413.7,393.0,400.8,408.5,415.4,420.9,365.2,373.7,382.0,388.0,380.8,372.6,423.2,431.0,438.5,443.2,438.3,431.2,370.9,386.0,397.4,403.6,410.4,417.0,422.8,416.2,409.3,402.5,395.6,384.8,374.9,396.8,403.2,409.9,419.8,409.7,403.1,396.5,181.0,202.1,223.7,244.9,264.5,280.9,293.6,302.2,302.9,298.3,285.4,270.7,254.8,238.5,222.1,205.4,188.1,172.5,166.4,165.8,169.1,174.8,174.9,170.7,168.8,169.3,175.2,187.1,201.6,216.2,230.8,232.9,237.0,240.4,237.7,234.1,186.9,183.8,184.4,188.9,190.7,190.3,190.0,186.1,186.3,189.9,192.4,192.2,248.6,248.6,249.4,251.3,249.7,249.6,250.0,258.5,261.9,263.1,262.1,258.2,250.1,253.4,254.5,253.1,251.4,254.9,256.6,255.8,-5.4,-6.3,-5.1,-0.4,11.1,27.3,43.4,60.3,77.6,94.5,108.9,121.7,131.5,138.6,143.0,146.1,147.7,25.9,39.1,53.0,65.5,76.5,102.4,113.1,123.6,134.3,141.6,89.3,89.2,89.4,89.6,69.8,77.7,85.7,93.4,99.8,41.2,49.9,58.6,65.0,57.3,48.7,103.6,112.1,120.6,126.6,120.5,112.3,48.6,63.9,75.5,82.2,89.9,98.1,106.3,96.9,88.3,80.6,73.2,62.3,52.7,74.9,81.8,89.4,102.4,89.0,81.4,74.4,-195.3,-173.8,-151.3,-128.2,-106.0,-87.4,-72.6,-62.5,-62.1,-68.2,-84.3,-102.1,-120.5,-138.5,-156.4,-174.7,-194.1,-191.7,-196.9,-197.5,-194.1,-188.3,-190.8,-197.1,-201.2,-203.4,-199.8,-177.6,-161.7,-145.9,-130.5,-130.6,-126.1,-122.7,-126.3,-131.0,-177.6,-180.7,-180.6,-176.6,-173.8,-173.7,-179.3,-183.9,-184.6,-182.2,-178.3,-177.5,-117.8,-116.6,-115.3,-113.7,-116.1,-117.7,-119.6,-107.9,-102.7,-100.7,-101.5,-106.0,-116.1,-111.2,-110.4,-112.7,-117.4,-110.4,-107.8,-108.5,686.1,692.1,698.0,700.6,698.5,695.3,688.5,680.7,684.1,694.7,710.2,719.2,720.3,717.0,713.3,710.5,710.1,643.1,639.8,639.5,639.5,639.4,648.0,654.9,662.0,670.6,679.8,646.1,642.1,638.1,635.2,646.4,644.7,645.2,649.4,654.4,645.2,644.8,646.8,649.0,645.6,643.6,663.3,665.1,668.3,673.7,668.8,665.0,665.4,658.2,656.1,657.7,661.9,670.6,683.8,668.5,658.6,653.4,652.1,654.9,664.2,656.2,657.9,662.7,679.9,660.9,655.7,654.6,0.943,0.276,-0.256,0.09,401.43,225.396,-28.263,34.788000000000004,-2.878,-9.795,2.866,27.31,2.056,-10.915,-8.524,-7.631,0.185,3.224,-6.37,-2.412,3.683,-4.182,-2.72,2.066,-1.5759999999999998,0.295,-0.716,0.3929999999999999,2.221,-2.341,1.12,0.7340000000000001,1.162,-0.5920000000000001,-0.238,-0.043,0.143,0.0969999999999999,0.049,-0.142,0.0,0.0,0.0,0.0,1.27,0.65,0.0,1.81,2.49,0.83,0.01,0.7,0.11,0.43,0.0,0.07,0.0,0.0,0.0,0.0,0.0,1.0,1.0,0.0,1.0,1.0,1.0,0.0,1.0,0.0,0.0,0.0,0.0,0.0,0.0
3,0,0.067,0.98,1,0.287141,0.518146,-0.805651,0.129571,0.510695,-0.849942,0.247,0.556,374.2,376.0,379.9,383.6,385.0,383.3,379.3,375.6,365.7,369.1,373.6,378.5,382.7,385.3,386.7,384.4,381.1,377.0,372.8,368.8,377.6,379.1,380.8,381.5,380.9,379.4,377.7,377.0,429.3,431.1,435.3,439.2,440.8,438.9,434.8,430.4,423.7,426.6,430.4,435.1,439.2,442.2,443.9,441.9,438.9,435.2,431.0,426.8,432.8,434.6,436.5,437.3,436.6,434.8,432.9,432.1,186.8,182.5,180.7,182.3,186.4,190.9,192.5,190.9,187.4,185.7,184.9,184.5,185.1,186.6,188.8,190.4,191.1,191.3,190.8,189.5,188.3,189.0,188.2,186.4,184.7,184.0,184.8,186.6,188.5,184.0,182.1,183.8,188.1,192.6,194.5,193.1,190.3,188.0,186.4,185.8,186.2,187.0,188.6,190.5,191.8,192.5,192.3,191.7,190.2,191.0,190.1,188.1,186.1,185.3,186.2,188.2,48.8,50.5,54.5,58.4,59.9,58.3,54.1,50.2,40.5,43.7,48.1,53.0,57.3,60.2,61.8,59.3,55.8,51.7,47.4,43.5,52.3,53.9,55.6,56.4,55.7,54.1,52.4,51.7,103.8,105.6,109.9,114.2,116.0,114.2,109.8,105.2,98.4,101.0,104.7,109.5,114.0,117.6,120.1,117.5,114.0,109.9,105.5,101.5,107.7,109.7,111.7,112.5,111.7,109.7,107.7,106.9,-171.6,-175.8,-178.1,-177.1,-173.3,-168.9,-166.8,-167.9,-171.8,-172.8,-173.3,-173.7,-173.7,-173.0,-171.7,-169.5,-168.1,-167.5,-167.9,-169.4,-170.8,-170.4,-171.4,-173.2,-174.7,-175.2,-174.2,-172.4,-170.7,-175.1,-177.4,-176.2,-172.3,-167.9,-165.6,-166.5,-169.2,-171.1,-172.4,-173.2,-173.5,-173.6,-173.0,-170.4,-168.3,-167.1,-167.0,-167.7,-169.6,-169.1,-170.2,-172.2,-174.0,-174.5,-173.5,-171.5,623.2,623.2,624.6,626.6,628.0,628.4,626.6,624.6,626.0,623.7,622.3,622.5,624.7,627.6,630.5,628.5,625.9,624.4,624.1,624.8,625.9,626.7,627.3,627.3,626.7,625.9,625.3,625.3,625.8,625.7,627.0,628.9,630.4,630.5,629.2,627.4,627.1,625.5,624.7,625.3,627.7,631.3,634.9,632.2,629.4,627.2,626.3,626.6,628.5,629.4,630.0,629.9,629.2,628.4,627.8,627.8,81.9,-143.4,674.6,0.482,-0.143,0.042,320.0,319.2,320.3,324.5,334.9,349.7,364.8,380.9,396.6,411.1,422.2,432.2,440.4,446.9,451.2,454.4,455.7,350.4,363.5,377.2,389.3,400.2,424.7,433.8,442.6,451.0,455.9,412.1,412.5,413.2,413.7,393.0,400.8,408.5,415.5,420.9,365.3,373.7,382.0,387.9,380.8,372.6,423.4,431.1,438.6,443.3,438.4,431.3,370.9,386.0,397.4,403.6,410.5,417.0,422.8,416.1,409.2,402.5,395.5,384.8,374.8,396.7,403.2,409.9,419.8,409.7,403.1,396.5,180.3,201.4,223.1,244.4,264.2,280.7,293.5,302.2,302.7,297.7,284.3,269.4,253.4,237.3,221.2,204.8,187.9,172.8,166.8,166.0,169.3,175.0,175.0,170.9,169.0,169.3,175.1,187.3,201.8,216.4,231.1,233.1,237.2,240.6,237.9,234.2,187.2,184.0,184.6,189.0,191.0,190.5,190.0,186.2,186.3,189.9,192.4,192.2,248.7,248.6,249.5,251.3,249.6,249.4,249.8,258.4,262.0,263.2,262.3,258.4,250.1,253.5,254.6,253.1,251.3,254.9,256.6,255.9,-5.5,-6.4,-5.2,-0.6,11.1,27.4,43.7,60.7,78.1,95.4,110.0,122.8,132.3,138.9,143.0,146.0,147.4,26.0,39.2,53.0,65.4,76.4,102.8,113.4,123.8,134.4,141.4,89.5,89.5,89.6,89.7,70.0,77.9,85.8,93.6,100.0,41.3,50.0,58.6,64.9,57.3,48.7,103.8,112.3,120.8,126.8,120.7,112.5,48.6,63.9,75.6,82.3,90.1,98.3,106.5,97.1,88.4,80.6,73.2,62.3,52.7,75.0,81.9,89.6,102.6,89.2,81.6,74.5,-196.2,-174.8,-152.3,-129.1,-106.7,-87.9,-72.9,-62.8,-62.5,-69.0,-85.6,-103.8,-122.2,-139.9,-157.3,-175.0,-193.9,-191.3,-196.5,-197.3,-193.9,-188.1,-190.8,-197.1,-201.1,-203.3,-199.8,-177.5,-161.7,-145.9,-130.4,-130.6,-126.2,-122.7,-126.3,-131.1,-177.2,-180.4,-180.4,-176.4,-173.6,-173.5,-179.4,-183.9,-184.7,-182.3,-178.4,-177.6,-117.9,-116.8,-115.5,-113.9,-116.4,-118.1,-120.0,-108.2,-102.9,-100.7,-101.5,-106.0,-116.2,-111.3,-110.5,-112.9,-117.7,-110.7,-108.0,-108.5,686.5,693.2,699.5,702.4,700.4,697.1,690.2,682.4,685.8,696.5,711.9,720.5,721.0,716.9,712.6,709.5,708.9,642.8,639.5,639.3,639.5,639.6,648.6,655.5,662.3,670.6,679.6,646.4,642.8,639.0,636.3,647.4,645.9,646.4,650.5,655.3,645.1,644.7,646.8,649.1,645.7,643.6,663.8,665.6,668.7,674.1,669.3,665.6,666.3,659.2,657.2,658.9,663.1,671.9,685.0,669.8,659.9,654.6,653.2,655.9,665.2,657.4,659.2,664.1,681.0,662.2,656.9,655.6,0.942,0.289,-0.251,0.089,401.504,225.319,-29.461,37.872,-3.808,-10.811,2.005,26.855,0.833,-11.041,-8.276,-7.496,0.298,3.253,-5.96,-2.324,3.633,-4.243,-2.789,2.299,-1.556,0.375,-0.5479999999999999,0.5489999999999999,2.352,-2.436,1.212,0.6559999999999999,1.176,-0.5489999999999999,-0.284,-0.109,0.152,0.114,0.06,-0.144,0.0,0.0,0.0,0.0,1.27,0.72,0.0,1.81,2.49,0.98,0.02,0.68,0.16,0.3,0.0,0.0,0.0,0.0,0.0,0.0,0.0,1.0,1.0,0.0,1.0,1.0,1.0,0.0,1.0,0.0,0.0,0.0,0.0,0.0,0.0
4,0,0.1,0.98,1,0.284074,0.523982,-0.80296,0.131642,0.495039,-0.8588399999999999,0.245,0.55,374.2,375.9,379.8,383.5,384.9,383.3,379.3,375.5,365.6,369.1,373.6,378.5,382.6,385.2,386.6,384.4,381.1,377.0,372.8,368.8,377.5,379.1,380.7,381.5,380.9,379.3,377.6,376.9,429.4,431.3,435.4,439.3,440.8,438.9,434.8,430.5,423.9,426.6,430.4,435.0,439.2,442.2,444.0,442.0,439.0,435.3,431.0,427.0,432.9,434.7,436.6,437.4,436.7,434.9,433.1,432.2,186.8,182.6,180.7,182.4,186.5,191.1,192.7,191.0,187.4,185.9,185.0,184.7,185.3,186.8,188.9,190.4,191.1,191.2,190.7,189.4,188.5,189.2,188.4,186.5,184.7,184.0,184.8,186.7,188.1,183.8,182.0,183.8,188.1,192.5,194.3,192.7,190.3,188.1,186.7,186.1,186.5,187.3,188.8,190.6,191.8,192.4,192.2,191.6,190.0,190.8,190.0,188.0,186.0,185.2,186.0,188.0,48.7,50.5,54.4,58.3,59.8,58.2,54.1,50.2,40.4,43.7,48.1,52.9,57.3,60.1,61.8,59.3,55.8,51.7,47.4,43.5,52.2,53.9,55.6,56.4,55.7,54.1,52.3,51.6,105.5,107.4,111.8,116.1,117.8,115.9,111.5,106.8,100.1,102.7,106.3,111.1,115.7,119.4,121.9,119.3,115.8,111.6,107.2,103.2,109.4,111.4,113.4,114.3,113.5,111.5,109.5,108.7,-171.6,-175.9,-178.1,-177.1,-173.3,-168.8,-166.7,-167.8,-171.8,-172.7,-173.2,-173.6,-173.6,-172.9,-171.6,-169.5,-168.2,-167.5,-168.0,-169.4,-170.7,-170.3,-171.3,-173.1,-174.7,-175.2,-174.2,-172.4,-173.7,-178.1,-180.2,-178.9,-174.9,-170.4,-168.3,-169.4,-171.8,-173.7,-174.9,-175.6,-175.8,-176.0,-175.3,-172.8,-170.8,-169.7,-169.6,-170.4,-172.4,-171.8,-172.8,-174.8,-176.7,-177.3,-176.3,-174.3,623.3,623.4,624.9,626.9,628.2,628.5,626.6,624.6,625.9,623.7,622.4,622.7,625.0,627.9,630.7,628.6,626.0,624.4,624.0,624.7,626.0,626.9,627.5,627.6,627.0,626.1,625.5,625.4,635.4,635.4,636.7,638.5,639.8,639.7,638.4,636.8,636.9,635.3,634.5,634.9,637.2,640.6,644.1,641.5,638.7,636.7,635.9,636.3,637.9,638.8,639.3,639.4,638.8,638.0,637.4,637.4,81.8,-143.3,673.9,0.486,-0.139,0.0409999999999999,319.8,319.0,320.2,324.3,334.8,349.6,364.9,381.1,397.0,411.7,422.9,432.9,440.8,447.1,451.4,454.5,455.8,350.4,363.4,377.1,389.2,400.2,424.7,433.7,442.5,450.9,455.8,412.2,412.6,413.1,413.7,392.9,400.7,408.5,415.5,420.9,365.3,373.7,381.9,387.9,380.7,372.6,423.4,431.2,438.7,443.3,438.3,431.3,370.8,385.9,397.3,403.6,410.4,417.0,422.9,416.1,409.2,402.4,395.4,384.7,374.8,396.7,403.1,409.9,419.8,409.8,403.1,396.5,179.8,201.0,222.7,244.1,264.0,280.6,293.5,302.1,302.6,297.4,283.8,268.7,252.7,236.7,220.9,204.7,188.0,172.8,166.7,165.9,169.3,175.1,175.1,171.0,169.1,169.3,174.9,187.3,201.9,216.4,231.1,233.1,237.1,240.6,237.9,234.2,187.2,184.2,184.8,189.1,191.0,190.5,190.0,186.4,186.5,190.0,192.4,192.2,248.7,248.6,249.5,251.3,249.6,249.4,249.8,258.4,262.0,263.3,262.3,258.5,250.1,253.6,254.6,253.1,251.3,254.8,256.6,255.9,-5.7,-6.6,-5.4,-0.8,10.9,27.3,43.7,60.8,78.4,95.9,110.8,123.5,132.7,139.1,143.0,145.8,147.1,25.9,39.0,52.9,65.2,76.3,102.7,113.2,123.6,134.1,141.1,89.5,89.4,89.5,89.6,69.9,77.7,85.7,93.5,99.9,41.3,49.9,58.5,64.8,57.2,48.6,103.8,112.3,120.7,126.7,120.5,112.4,48.5,63.8,75.5,82.3,90.0,98.2,106.5,96.9,88.3,80.5,73.1,62.2,52.6,74.9,81.8,89.6,102.6,89.1,81.5,74.4,-196.7,-175.3,-152.8,-129.6,-107.0,-88.0,-73.0,-62.8,-62.6,-69.3,-86.2,-104.5,-122.9,-140.4,-157.4,-174.9,-193.5,-191.2,-196.4,-197.2,-193.7,-187.8,-190.5,-196.8,-200.8,-203.1,-199.7,-177.3,-161.5,-145.7,-130.3,-130.6,-126.1,-122.6,-126.2,-131.0,-177.0,-180.0,-180.0,-176.2,-173.4,-173.3,-179.3,-183.6,-184.3,-182.0,-178.2,-177.5,-117.9,-116.7,-115.3,-113.8,-116.3,-118.0,-119.9,-108.1,-102.8,-100.6,-101.3,-105.8,-116.1,-111.1,-110.4,-112.8,-117.6,-110.6,-107.9,-108.4,686.6,693.5,700.0,703.0,700.9,697.4,690.1,682.0,685.4,696.3,711.8,720.3,720.5,716.0,711.3,708.2,707.6,642.3,639.0,638.7,638.8,638.9,648.0,654.8,661.5,669.6,678.6,645.8,642.1,638.4,635.7,646.9,645.4,645.9,649.9,654.7,644.4,644.0,646.1,648.4,645.0,643.0,663.2,665.0,668.1,673.4,668.6,665.0,665.8,658.5,656.5,658.3,662.6,671.3,684.4,669.1,659.2,653.9,652.5,655.3,664.6,656.8,658.6,663.6,680.4,661.5,656.2,654.9,0.943,0.292,-0.246,0.087,401.517,225.263,-28.573,39.849,-4.3180000000000005,-11.217,1.1840000000000002,26.544,0.372,-10.845,-8.522,-7.187,0.379,3.059,-5.784,-2.277,3.361,-4.228,-2.858,2.4530000000000003,-1.944,0.372,-0.314,0.507,2.479,-2.617,1.167,0.767,1.196,-0.563,-0.273,-0.109,0.1989999999999999,0.1009999999999999,0.064,-0.153,0.0,0.0,0.0,0.0,1.28,0.78,0.0,1.82,2.5,0.97,0.02,0.68,0.18,0.21,0.0,0.0,0.0,0.0,0.0,0.0,0.0,1.0,1.0,0.0,1.0,1.0,1.0,0.0,1.0,0.0,0.0,0.0,0.0,0.0,0.0
5,0,0.133,0.98,1,0.273569,0.5166310000000001,-0.8113279999999999,0.13333,0.494946,-0.858634,0.239,0.545,373.9,375.7,379.6,383.4,384.8,383.2,379.1,375.3,365.7,369.1,373.4,378.3,382.5,385.1,386.6,384.3,381.0,376.9,372.7,368.8,377.3,378.9,380.6,381.4,380.8,379.2,377.5,376.7,429.4,431.3,435.4,439.3,440.8,438.9,434.8,430.5,423.8,426.6,430.3,435.0,439.2,442.2,444.0,441.9,439.0,435.2,431.0,426.9,432.9,434.7,436.5,437.4,436.7,434.9,433.1,432.2,186.7,182.5,180.7,182.3,186.4,190.9,192.5,190.9,187.4,185.9,185.2,184.8,185.5,186.9,188.9,190.4,191.1,191.3,190.7,189.5,188.3,189.0,188.2,186.4,184.6,183.9,184.7,186.6,188.1,183.8,182.0,183.8,188.1,192.5,194.3,192.7,190.4,188.1,186.7,186.1,186.5,187.3,188.8,190.6,191.8,192.4,192.2,191.6,190.0,190.8,190.0,188.0,186.0,185.2,186.0,188.0,49.0,50.8,54.8,58.8,60.3,58.7,54.5,50.6,41.0,44.2,48.5,53.3,57.7,60.7,62.4,59.9,56.3,52.1,47.9,44.0,52.6,54.3,56.1,56.8,56.2,54.5,52.7,52.0,105.2,107.1,111.5,115.8,117.5,115.6,111.2,106.6,99.8,102.4,106.0,110.8,115.4,119.1,121.6,119.0,115.5,111.3,106.9,102.9,109.2,111.1,113.1,114.0,113.2,111.2,109.3,108.4,-173.6,-177.8,-180.0,-178.9,-175.1,-170.7,-168.7,-169.8,-173.8,-174.6,-174.9,-175.3,-175.2,-174.6,-173.3,-171.2,-169.9,-169.3,-169.8,-171.3,-172.7,-172.2,-173.2,-175.0,-176.6,-177.1,-176.2,-174.3,-173.2,-177.6,-179.8,-178.5,-174.5,-170.0,-167.8,-169.0,-171.4,-173.2,-174.4,-175.2,-175.4,-175.5,-174.9,-172.4,-170.4,-169.3,-169.2,-169.9,-172.0,-171.4,-172.4,-174.4,-176.3,-176.9,-175.9,-173.9,630.1,630.1,631.4,633.3,634.6,635.0,633.3,631.4,633.1,630.8,629.3,629.4,631.5,634.3,637.2,635.1,632.7,631.2,631.0,631.8,632.7,633.5,634.1,634.1,633.5,632.7,632.1,632.1,633.8,633.9,635.2,637.0,638.2,638.2,636.9,635.3,635.3,633.8,632.9,633.4,635.7,639.1,642.6,640.0,637.2,635.1,634.4,634.8,636.4,637.2,637.8,637.8,637.3,636.5,635.9,635.8,81.7,-143.2,673.5,0.488,-0.141,0.042,319.7,318.9,320.0,324.2,334.7,349.6,364.8,381.0,396.8,411.4,422.6,432.5,440.6,447.0,451.3,454.4,455.8,350.3,363.4,377.1,389.2,400.1,424.7,433.7,442.5,450.9,455.8,412.1,412.5,413.1,413.7,392.9,400.7,408.4,415.5,420.9,365.2,373.7,381.9,387.8,380.7,372.5,423.4,431.2,438.6,443.3,438.3,431.3,370.7,385.8,397.3,403.5,410.4,417.0,422.8,416.1,409.2,402.4,395.4,384.6,374.6,396.6,403.1,409.8,419.8,409.7,403.0,396.4,179.5,200.8,222.5,243.9,263.9,280.6,293.5,302.2,302.7,297.6,284.0,268.9,252.9,236.9,220.9,204.7,187.9,172.8,166.7,165.9,169.3,175.1,175.1,171.0,169.1,169.3,174.9,187.4,201.9,216.5,231.2,233.1,237.2,240.7,238.0,234.2,187.3,184.3,184.8,189.1,191.0,190.5,190.0,186.4,186.6,190.0,192.4,192.2,248.6,248.6,249.5,251.3,249.6,249.4,249.7,258.4,262.0,263.4,262.4,258.5,250.1,253.6,254.7,253.1,251.2,254.8,256.7,255.9,-5.7,-6.7,-5.5,-0.9,10.8,27.2,43.6,60.7,78.2,95.6,110.4,123.1,132.4,138.9,142.8,145.7,147.0,25.8,39.0,52.8,65.2,76.3,102.6,113.1,123.5,134.0,141.1,89.4,89.3,89.4,89.6,69.8,77.6,85.7,93.4,99.8,41.2,49.8,58.4,64.7,57.0,48.6,103.7,112.2,120.6,126.6,120.4,112.3,48.3,63.7,75.4,82.2,89.9,98.1,106.4,96.9,88.2,80.4,73.0,62.0,52.4,74.8,81.7,89.5,102.5,89.1,81.4,74.3,-196.8,-175.4,-153.0,-129.7,-107.1,-88.0,-72.9,-62.7,-62.5,-69.1,-86.0,-104.4,-122.7,-140.1,-157.2,-174.8,-193.5,-191.0,-196.2,-196.9,-193.5,-187.6,-190.3,-196.6,-200.7,-203.0,-199.6,-177.1,-161.3,-145.6,-130.1,-130.5,-126.0,-122.5,-126.1,-130.9,-176.8,-179.8,-179.8,-176.1,-173.2,-173.1,-179.1,-183.4,-184.1,-181.9,-178.1,-177.3,-117.8,-116.6,-115.3,-113.7,-116.2,-118.0,-120.0,-108.1,-102.7,-100.5,-101.2,-105.7,-116.1,-111.0,-110.3,-112.7,-117.6,-110.6,-107.8,-108.3,685.8,692.7,699.4,702.5,700.5,697.0,689.7,681.7,685.2,696.1,711.5,720.1,720.3,715.7,711.0,707.8,707.1,641.6,638.3,638.1,638.3,638.4,647.5,654.3,661.0,669.2,678.2,645.3,641.7,638.0,635.4,646.6,645.1,645.6,649.6,654.4,643.8,643.5,645.6,647.9,644.5,642.4,662.8,664.6,667.7,673.0,668.3,664.6,665.4,658.2,656.2,658.0,662.3,671.0,684.2,668.9,659.0,653.7,652.2,654.9,664.3,656.5,658.3,663.3,680.2,661.2,655.9,654.6,0.943,0.295,-0.247,0.089,401.45,225.28,-28.813,39.638000000000005,-4.133,-11.244000000000002,1.152,26.703000000000003,0.381,-10.542,-8.458,-7.502000000000001,0.155,3.137,-5.9,-2.185,3.252,-4.178999999999999,-3.052,2.331,-1.994,0.296,-0.413,0.456,2.58,-2.617,1.105,0.772,1.233,-0.57,-0.272,-0.094,0.196,0.1,0.065,-0.162,0.0,0.0,0.0,0.0,1.27,0.73,0.01,1.88,2.52,0.99,0.03,0.67,0.11,0.16,0.0,0.03,0.0,0.0,0.0,0.0,0.0,1.0,1.0,0.0,1.0,1.0,1.0,0.0,1.0,0.0,0.0,0.0,0.0,0.0,0.0
6,0,0.1669999999999999,0.98,1,0.272083,0.518221,-0.810813,0.135208,0.500642,-0.85503,0.24,0.5489999999999999,374.1,375.8,379.7,383.4,384.8,383.2,379.2,375.5,365.9,369.2,373.6,378.4,382.6,385.2,386.6,384.3,381.0,377.0,372.9,368.9,377.4,379.0,380.7,381.4,380.8,379.2,377.6,376.8,429.4,431.3,435.4,439.3,440.8,438.9,434.7,430.4,423.7,426.5,430.3,435.0,439.2,442.1,443.9,441.8,438.9,435.1,430.9,426.8,432.8,434.6,436.5,437.4,436.7,434.9,433.0,432.1,186.8,182.6,180.8,182.4,186.5,190.9,192.5,190.9,187.5,186.0,185.2,184.8,185.5,187.0,189.0,190.5,191.2,191.3,190.8,189.5,188.4,189.1,188.3,186.5,184.7,184.1,184.8,186.6,188.2,183.9,182.0,183.8,188.2,192.5,194.4,192.8,190.3,188.1,186.7,186.1,186.5,187.3,188.8,190.7,191.9,192.5,192.3,191.6,190.1,190.9,190.1,188.1,186.1,185.2,186.1,188.1,49.6,51.3,55.4,59.3,60.8,59.2,55.0,51.1,41.5,44.7,49.0,53.9,58.3,61.2,62.9,60.4,56.8,52.6,48.4,44.5,53.2,54.9,56.6,57.3,56.7,55.0,53.3,52.5,104.8,106.7,111.0,115.3,117.1,115.1,110.7,106.1,99.3,101.9,105.6,110.4,115.0,118.6,121.0,118.5,114.9,110.8,106.4,102.4,108.7,110.7,112.7,113.6,112.8,110.8,108.8,107.9,-175.0,-179.2,-181.4,-180.3,-176.5,-172.1,-170.0,-171.2,-175.1,-176.0,-176.4,-176.7,-176.6,-176.0,-174.6,-172.6,-171.2,-170.7,-171.2,-172.7,-174.1,-173.6,-174.5,-176.4,-178.0,-178.5,-177.5,-175.7,-172.4,-176.8,-179.0,-177.8,-173.8,-169.4,-167.2,-168.2,-170.7,-172.5,-173.8,-174.5,-174.7,-174.9,-174.3,-171.7,-169.7,-168.6,-168.5,-169.3,-171.3,-170.7,-171.7,-173.7,-175.6,-176.2,-175.2,-173.1,635.3,635.3,636.6,638.5,639.8,640.2,638.5,636.6,638.3,636.0,634.5,634.6,636.8,639.6,642.4,640.4,637.9,636.4,636.2,637.0,637.9,638.7,639.3,639.3,638.7,637.9,637.3,637.3,631.4,631.4,632.7,634.6,636.0,636.0,634.7,633.0,632.9,631.3,630.5,630.9,633.3,636.8,640.4,637.8,634.9,632.9,632.1,632.4,634.1,634.9,635.5,635.5,634.9,634.0,633.4,633.4,81.7,-143.2,673.6,0.491,-0.14,0.042,319.7,318.9,319.9,324.0,334.5,349.4,364.6,380.9,396.8,411.6,422.8,432.8,440.8,447.1,451.4,454.5,455.7,350.4,363.5,377.1,389.2,400.1,424.7,433.7,442.5,450.9,455.7,412.2,412.6,413.1,413.6,392.9,400.7,408.4,415.4,420.9,365.4,373.8,381.9,387.8,380.7,372.6,423.3,431.1,438.6,443.2,438.2,431.2,370.6,385.8,397.2,403.5,410.4,417.0,422.8,416.1,409.1,402.3,395.2,384.5,374.6,396.6,403.0,409.9,419.7,409.7,402.9,396.3,179.2,200.4,222.1,243.6,263.6,280.4,293.5,302.2,302.7,297.5,283.8,268.6,252.6,236.7,220.8,204.7,188.0,172.9,166.8,166.0,169.4,175.2,175.2,171.1,169.2,169.3,175.0,187.5,201.9,216.5,231.1,233.1,237.1,240.6,237.9,234.2,187.3,184.3,184.9,189.1,191.1,190.6,190.0,186.5,186.6,190.1,192.4,192.2,248.7,248.6,249.5,251.3,249.6,249.4,249.8,258.5,262.1,263.5,262.5,258.6,250.1,253.6,254.7,253.1,251.3,254.9,256.8,256.1,-5.7,-6.8,-5.6,-1.1,10.6,27.0,43.5,60.6,78.3,95.9,110.7,123.5,132.6,139.0,142.8,145.6,146.9,25.9,39.0,52.8,65.2,76.3,102.7,113.1,123.5,133.9,140.9,89.4,89.3,89.4,89.6,69.8,77.7,85.6,93.4,99.8,41.3,49.9,58.4,64.7,57.1,48.6,103.6,112.1,120.6,126.5,120.3,112.3,48.3,63.6,75.3,82.1,90.0,98.2,106.4,96.9,88.2,80.3,72.9,61.9,52.4,74.7,81.7,89.5,102.5,89.1,81.3,74.2,-197.2,-175.9,-153.4,-130.1,-107.4,-88.2,-73.0,-62.7,-62.4,-69.2,-86.2,-104.6,-123.0,-140.3,-157.3,-174.7,-193.3,-190.9,-196.0,-196.8,-193.4,-187.6,-190.3,-196.6,-200.6,-202.9,-199.5,-177.0,-161.3,-145.7,-130.3,-130.5,-126.1,-122.6,-126.1,-130.9,-176.7,-179.7,-179.8,-176.0,-173.1,-173.0,-179.1,-183.4,-184.1,-181.9,-178.1,-177.3,-117.8,-116.6,-115.3,-113.7,-116.3,-118.0,-119.9,-108.0,-102.6,-100.4,-101.1,-105.6,-116.1,-111.0,-110.3,-112.7,-117.6,-110.5,-107.7,-108.2,685.9,693.0,699.8,702.8,700.8,697.3,690.1,682.1,685.6,696.4,711.8,720.3,720.3,715.6,710.7,707.4,706.7,641.5,638.2,638.0,638.3,638.5,647.6,654.4,661.1,669.2,678.1,645.4,641.8,638.2,635.6,646.9,645.4,645.9,649.8,654.6,643.7,643.4,645.5,647.9,644.4,642.4,662.9,664.6,667.7,673.0,668.3,664.6,665.6,658.3,656.3,658.1,662.4,671.2,684.3,669.2,659.2,653.9,652.4,655.1,664.4,656.6,658.5,663.5,680.3,661.5,656.1,654.8,0.943,0.297,-0.246,0.089,401.442,225.27,-29.15,40.526,-4.271,-11.526,0.4589999999999999,26.198,0.45,-10.512,-8.174,-7.247000000000001,-0.036,3.184,-5.888,-2.088,3.28,-3.965,-3.012,2.486,-2.023,0.205,-0.481,0.477,2.501,-2.605,1.164,0.674,1.228,-0.5710000000000001,-0.264,-0.084,0.19,0.089,0.0579999999999999,-0.159,0.0,0.0,0.0,0.0,1.26,0.8,0.01,1.94,2.54,1.0,0.01,0.59,0.06,0.16,0.0,0.06,0.0,0.0,0.0,0.0,0.0,1.0,1.0,0.0,1.0,1.0,1.0,0.0,1.0,0.0,0.0,0.0,0.0,0.0,0.0
7,0,0.2,0.98,1,0.26935,0.517547,-0.812154,0.135797,0.500657,-0.854928,0.238,0.5479999999999999,374.2,375.9,379.7,383.4,384.8,383.2,379.2,375.5,366.0,369.3,373.7,378.5,382.6,385.2,386.6,384.3,381.0,377.1,372.9,369.0,377.5,379.1,380.7,381.4,380.8,379.3,377.6,376.9,429.3,431.2,435.3,439.3,440.7,438.8,434.7,430.3,423.6,426.5,430.3,435.0,439.1,442.0,443.8,441.7,438.8,435.1,430.8,426.8,432.7,434.5,436.4,437.3,436.7,434.8,432.9,432.0,186.8,182.7,180.9,182.5,186.6,191.0,192.5,190.9,187.5,186.0,185.2,184.9,185.6,187.0,189.1,190.6,191.2,191.3,190.8,189.5,188.4,189.1,188.3,186.5,184.8,184.1,184.9,186.7,188.2,183.9,182.0,183.8,188.2,192.6,194.4,192.9,190.4,188.1,186.7,186.1,186.5,187.3,188.8,190.7,191.9,192.5,192.3,191.7,190.1,191.0,190.1,188.1,186.1,185.2,186.1,188.1,50.0,51.8,55.8,59.7,61.2,59.7,55.4,51.5,41.9,45.2,49.5,54.4,58.8,61.6,63.4,60.8,57.3,53.1,48.9,44.9,53.6,55.3,57.0,57.8,57.1,55.4,53.7,53.0,104.5,106.4,110.8,115.1,116.8,114.9,110.5,105.8,99.1,101.7,105.4,110.2,114.7,118.3,120.7,118.2,114.7,110.6,106.2,102.1,108.4,110.4,112.4,113.3,112.5,110.5,108.5,107.6,-176.2,-180.5,-182.7,-181.5,-177.7,-173.3,-171.3,-172.4,-176.3,-177.3,-177.6,-178.0,-177.9,-177.2,-175.8,-173.8,-172.5,-171.9,-172.4,-173.9,-175.3,-174.9,-175.8,-177.6,-179.2,-179.7,-178.8,-177.0,-172.1,-176.5,-178.7,-177.5,-173.5,-169.0,-166.8,-167.9,-170.4,-172.2,-173.4,-174.1,-174.4,-174.6,-174.0,-171.4,-169.4,-168.3,-168.2,-169.0,-171.0,-170.4,-171.4,-173.4,-175.3,-175.9,-174.9,-172.8,640.0,640.1,641.4,643.3,644.5,644.9,643.2,641.3,643.0,640.7,639.2,639.3,641.5,644.3,647.1,645.1,642.6,641.1,640.9,641.7,642.6,643.4,644.0,644.0,643.5,642.7,642.1,642.1,630.3,630.2,631.6,633.5,634.9,634.9,633.6,631.9,631.7,630.1,629.3,629.8,632.2,635.8,639.3,636.7,633.9,631.8,630.9,631.2,633.0,633.8,634.5,634.4,633.8,632.9,632.3,632.3,81.8,-143.2,674.0,0.492,-0.141,0.043,319.8,318.9,319.9,324.0,334.5,349.4,364.6,380.8,396.7,411.4,422.6,432.6,440.6,447.0,451.3,454.4,455.7,350.5,363.6,377.1,389.2,400.1,424.7,433.7,442.4,450.8,455.6,412.2,412.5,413.1,413.6,392.9,400.7,408.4,415.4,420.9,365.5,373.9,382.0,387.9,380.8,372.7,423.3,431.0,438.5,443.1,438.2,431.2,370.5,385.7,397.1,403.4,410.4,417.0,422.8,416.1,409.1,402.3,395.2,384.4,374.5,396.5,403.0,409.8,419.7,409.7,402.9,396.2,179.1,200.3,222.1,243.5,263.7,280.5,293.6,302.3,302.9,297.7,284.0,268.8,252.8,236.8,220.9,204.8,188.0,173.0,167.0,166.1,169.5,175.2,175.2,171.1,169.2,169.4,175.1,187.5,202.0,216.5,231.1,233.1,237.2,240.7,237.9,234.2,187.4,184.4,184.9,189.2,191.1,190.6,190.1,186.5,186.6,190.1,192.5,192.2,248.7,248.6,249.5,251.3,249.6,249.4,249.8,258.5,262.1,263.5,262.5,258.6,250.1,253.7,254.7,253.2,251.3,255.0,256.8,256.1,-5.7,-6.8,-5.7,-1.2,10.6,27.0,43.4,60.6,78.2,95.7,110.6,123.3,132.5,138.9,142.8,145.6,146.9,26.1,39.1,52.9,65.2,76.3,102.8,113.2,123.5,134.0,140.9,89.5,89.4,89.5,89.7,69.8,77.7,85.7,93.5,99.9,41.5,50.0,58.5,64.8,57.2,48.8,103.7,112.1,120.6,126.4,120.3,112.3,48.2,63.6,75.3,82.2,90.0,98.3,106.5,97.0,88.2,80.4,72.9,61.9,52.3,74.7,81.7,89.6,102.6,89.1,81.4,74.2,-197.3,-176.0,-153.5,-130.2,-107.4,-88.2,-72.9,-62.6,-62.3,-69.0,-86.1,-104.5,-122.9,-140.3,-157.3,-174.7,-193.4,-190.8,-196.0,-196.8,-193.5,-187.8,-190.5,-196.7,-200.7,-202.9,-199.5,-177.2,-161.4,-145.8,-130.4,-130.6,-126.2,-122.7,-126.2,-131.0,-176.7,-179.7,-179.8,-176.1,-173.2,-173.1,-179.2,-183.5,-184.2,-181.9,-178.1,-177.4,-117.9,-116.7,-115.4,-113.8,-116.3,-118.1,-120.1,-108.1,-102.7,-100.5,-101.2,-105.8,-116.2,-111.1,-110.4,-112.8,-117.7,-110.6,-107.8,-108.3,686.1,693.1,700.0,703.0,701.0,697.6,690.5,682.6,686.1,696.9,712.2,720.7,720.8,716.1,711.2,707.9,707.1,641.8,638.5,638.4,638.7,639.0,648.2,655.0,661.6,669.7,678.5,645.8,642.3,638.7,636.1,647.4,645.9,646.4,650.3,655.1,644.0,643.7,645.9,648.3,644.8,642.7,663.3,665.0,668.1,673.4,668.7,665.1,666.1,658.8,656.9,658.7,663.0,671.8,685.0,669.8,659.8,654.4,652.9,655.6,665.0,657.1,659.0,664.0,681.0,662.0,656.7,655.3,0.942,0.298,-0.247,0.09,401.409,225.307,-29.848000000000003,40.368,-4.074,-11.668,0.337,26.517,0.57,-10.604,-8.001,-7.398,-0.372,3.398,-5.912000000000001,-2.164,3.234,-3.88,-3.1060000000000003,2.518,-1.897,0.083,-0.5529999999999999,0.431,2.5340000000000003,-2.576,1.211,0.629,1.245,-0.56,-0.266,-0.077,0.1939999999999999,0.0819999999999999,0.0579999999999999,-0.161,0.0,0.0,0.0,0.0,1.27,0.85,0.01,1.98,2.56,0.98,0.01,0.58,0.03,0.11,0.0,0.06,0.0,0.0,0.0,0.0,0.0,1.0,1.0,0.0,1.0,1.0,1.0,0.0,1.0,0.0,0.0,0.0,0.0,0.0,0.0
8,0,0.2339999999999999,0.98,1,0.266572,0.5141060000000001,-0.8152510000000001,0.142783,0.515901,-0.844665,0.242,0.555,374.1,375.8,379.6,383.3,384.7,383.1,379.2,375.5,366.0,369.2,373.5,378.4,382.5,385.1,386.6,384.3,381.0,377.0,372.9,369.0,377.4,379.0,380.6,381.4,380.8,379.2,377.6,376.8,429.1,431.1,435.3,439.3,440.7,438.8,434.6,430.1,423.1,426.1,430.1,435.0,439.2,442.0,443.6,441.6,438.7,434.9,430.6,426.4,432.5,434.4,436.4,437.3,436.6,434.7,432.7,431.8,186.8,182.7,180.9,182.5,186.6,191.0,192.5,190.9,187.6,186.0,185.2,184.9,185.6,187.0,189.1,190.6,191.2,191.3,190.8,189.6,188.4,189.1,188.3,186.5,184.8,184.1,184.9,186.7,188.8,184.3,182.2,183.9,188.2,192.8,194.8,193.4,190.6,188.3,186.8,186.2,186.6,187.3,188.7,190.7,192.0,192.7,192.6,191.9,190.5,191.3,190.4,188.2,186.1,185.3,186.3,188.5,49.9,51.6,55.7,59.6,61.1,59.6,55.3,51.4,41.8,45.0,49.3,54.2,58.6,61.6,63.3,60.7,57.2,53.0,48.7,44.8,53.5,55.2,56.9,57.7,57.0,55.3,53.6,52.9,100.8,102.7,107.0,111.2,113.0,111.1,106.8,102.1,95.2,97.9,101.6,106.4,110.9,114.4,116.7,114.2,110.8,106.8,102.4,98.3,104.6,106.6,108.7,109.6,108.7,106.7,104.6,103.8,-176.1,-180.3,-182.5,-181.4,-177.5,-173.2,-171.1,-172.3,-176.2,-177.1,-177.5,-177.9,-177.7,-177.0,-175.6,-173.6,-172.3,-171.8,-172.3,-173.8,-175.2,-174.7,-175.6,-177.4,-179.1,-179.6,-178.6,-176.8,-165.8,-170.1,-172.4,-171.5,-167.7,-163.4,-161.0,-161.8,-164.3,-166.1,-167.4,-168.2,-168.5,-168.9,-168.5,-165.9,-163.8,-162.5,-162.4,-163.0,-164.9,-164.4,-165.5,-167.6,-169.4,-169.9,-168.7,-166.7,639.5,639.5,640.8,642.6,643.8,644.2,642.5,640.7,642.6,640.2,638.7,638.7,640.8,643.6,646.4,644.4,641.9,640.5,640.4,641.2,642.0,642.8,643.3,643.3,642.8,642.1,641.5,641.5,609.0,608.7,610.0,612.3,614.1,614.3,613.0,610.9,610.3,608.7,607.9,608.5,611.2,614.9,618.6,616.0,613.1,610.9,609.8,609.9,611.9,613.0,613.6,613.5,612.6,611.6,610.9,611.1,81.6,-143.1,673.5,0.493,-0.139,0.043,319.7,318.7,319.8,323.9,334.3,349.2,364.5,380.8,396.8,411.5,422.7,432.7,440.7,447.0,451.3,454.4,455.7,350.5,363.5,377.1,389.2,400.0,424.7,433.8,442.5,450.8,455.6,412.1,412.4,413.0,413.5,392.8,400.6,408.3,415.2,420.7,365.4,373.8,382.0,387.8,380.8,372.6,423.1,430.9,438.4,443.0,438.0,431.0,370.6,385.7,397.1,403.4,410.3,416.9,422.7,415.9,409.0,402.1,395.2,384.4,374.5,396.5,402.9,409.7,419.6,409.5,402.8,396.2,179.1,200.2,221.9,243.3,263.4,280.3,293.4,302.2,302.7,297.5,283.8,268.7,252.7,236.8,221.0,204.9,188.1,173.0,166.9,166.1,169.5,175.3,175.3,171.2,169.3,169.5,175.2,187.6,202.0,216.5,231.1,233.2,237.2,240.7,238.0,234.3,187.4,184.4,184.9,189.3,191.2,190.7,190.2,186.5,186.7,190.2,192.6,192.4,248.6,248.6,249.6,251.4,249.7,249.5,249.8,258.5,262.1,263.5,262.5,258.6,250.1,253.7,254.7,253.2,251.3,254.9,256.8,256.0,-5.8,-6.9,-5.8,-1.3,10.4,26.8,43.3,60.6,78.3,95.8,110.6,123.4,132.5,138.9,142.8,145.6,146.9,26.0,39.1,52.8,65.1,76.2,102.6,113.2,123.5,133.9,140.8,89.3,89.2,89.3,89.5,69.8,77.6,85.5,93.2,99.6,41.3,49.9,58.5,64.7,57.1,48.6,103.4,111.9,120.3,126.2,120.1,112.1,48.2,63.5,75.2,82.0,89.8,98.0,106.3,96.7,88.0,80.2,72.8,61.9,52.3,74.6,81.6,89.3,102.3,88.9,81.2,74.1,-197.4,-176.2,-153.7,-130.4,-107.6,-88.4,-73.1,-62.7,-62.5,-69.2,-86.2,-104.6,-122.9,-140.2,-157.2,-174.6,-193.2,-190.8,-195.9,-196.7,-193.3,-187.5,-190.1,-196.4,-200.5,-202.7,-199.4,-176.9,-161.2,-145.6,-130.2,-130.4,-126.0,-122.5,-126.1,-130.8,-176.7,-179.7,-179.7,-175.9,-173.0,-173.0,-179.0,-183.3,-184.0,-181.7,-177.9,-177.1,-117.9,-116.6,-115.3,-113.7,-116.2,-117.9,-119.9,-108.0,-102.6,-100.4,-101.2,-105.7,-116.1,-111.0,-110.2,-112.7,-117.6,-110.5,-107.7,-108.2,686.3,693.3,700.0,703.0,700.9,697.5,690.4,682.4,685.9,696.6,712.0,720.3,720.4,715.8,711.1,707.8,707.0,641.6,638.3,638.0,638.2,638.4,647.3,654.2,661.0,669.3,678.3,645.3,641.7,638.1,635.5,647.0,645.5,645.9,649.8,654.6,643.9,643.5,645.6,648.0,644.5,642.5,662.8,664.5,667.6,672.9,668.2,664.5,665.7,658.3,656.3,658.1,662.3,671.0,684.3,669.1,659.2,653.9,652.5,655.2,664.6,656.6,658.5,663.4,680.3,661.4,656.1,654.8,0.943,0.299,-0.244,0.09,401.346,225.312,-28.254,40.453,-4.109,-11.375,0.568,26.084,0.901,-10.496,-8.332,-7.175,-0.4479999999999999,3.133,-6.202000000000001,-2.302,3.712,-3.681,-2.994,2.8,-1.891,0.013,-0.637,0.386,2.466,-2.372,1.102,0.574,1.246,-0.515,-0.292,-0.037,0.1989999999999999,0.068,0.032,-0.158,0.0,0.0,0.0,0.0,1.26,0.78,0.0,2.0,2.6,0.93,0.0,0.51,0.01,0.07,0.0,0.04,0.0,0.0,0.0,0.0,0.0,1.0,1.0,0.0,1.0,1.0,1.0,0.0,1.0,0.0,0.0,0.0,0.0,0.0,0.0
9,0,0.267,0.98,1,0.261878,0.516846,-0.81504,0.139692,0.51749,-0.84421,0.237,0.557,374.0,375.7,379.5,383.3,384.7,383.1,379.1,375.4,365.9,369.2,373.5,378.3,382.5,385.1,386.6,384.3,380.9,376.9,372.8,368.9,377.3,378.9,380.6,381.3,380.7,379.1,377.5,376.7,429.1,431.0,435.3,439.3,440.7,438.7,434.5,430.1,423.0,426.1,430.1,435.0,439.2,442.0,443.6,441.6,438.7,434.9,430.5,426.3,432.4,434.3,436.3,437.3,436.6,434.7,432.7,431.7,186.8,182.7,180.9,182.5,186.6,191.0,192.5,190.9,187.5,186.0,185.2,184.9,185.6,187.0,189.1,190.5,191.2,191.3,190.8,189.5,188.4,189.1,188.3,186.5,184.8,184.1,184.9,186.6,188.8,184.2,182.2,183.9,188.2,192.8,194.8,193.4,190.7,188.3,186.8,186.2,186.6,187.3,188.7,190.7,192.0,192.7,192.6,191.9,190.5,191.3,190.4,188.2,186.1,185.3,186.3,188.4,49.9,51.7,55.7,59.6,61.2,59.6,55.4,51.4,41.9,45.1,49.3,54.2,58.7,61.6,63.4,60.8,57.2,53.0,48.8,44.9,53.6,55.2,57.0,57.7,57.1,55.4,53.7,52.9,100.2,102.1,106.4,110.7,112.4,110.5,106.2,101.5,94.6,97.3,101.0,105.9,110.4,113.8,116.1,113.6,110.2,106.2,101.8,97.7,104.0,106.0,108.1,109.0,108.2,106.1,104.0,103.2,-176.5,-180.8,-182.9,-181.7,-177.9,-173.5,-171.5,-172.7,-176.6,-177.5,-177.9,-178.3,-178.1,-177.4,-176.0,-174.0,-172.7,-172.2,-172.7,-174.2,-175.6,-175.1,-176.0,-177.8,-179.4,-179.9,-179.0,-177.2,-164.9,-169.2,-171.6,-170.6,-166.8,-162.5,-160.2,-161.0,-163.5,-165.3,-166.5,-167.3,-167.7,-168.0,-167.6,-165.0,-162.9,-161.7,-161.5,-162.2,-164.0,-163.5,-164.6,-166.7,-168.5,-169.0,-167.9,-165.8,641.0,641.0,642.2,643.9,645.1,645.5,643.9,642.2,644.1,641.8,640.2,640.1,642.2,644.9,647.7,645.7,643.3,641.9,641.8,642.8,643.4,644.2,644.7,644.7,644.2,643.4,642.9,642.9,605.8,605.5,606.9,609.1,610.9,611.2,609.8,607.8,607.1,605.5,604.7,605.4,608.0,611.7,615.5,612.8,609.9,607.7,606.7,606.8,608.7,609.8,610.4,610.3,609.5,608.4,607.7,607.9,81.4,-143.0,673.0,0.496,-0.136,0.044,319.7,318.7,319.8,323.8,334.3,349.1,364.3,380.6,396.6,411.3,422.6,432.6,440.6,447.0,451.3,454.4,455.7,350.4,363.4,376.9,389.0,399.8,424.8,433.8,442.5,450.9,455.6,412.0,412.3,412.9,413.4,392.7,400.4,408.1,415.1,420.5,365.3,373.7,381.9,387.8,380.7,372.6,423.0,430.9,438.3,442.9,438.0,431.0,370.4,385.4,396.9,403.2,410.1,416.8,422.6,415.8,408.8,401.9,394.8,384.1,374.3,396.2,402.7,409.5,419.5,409.3,402.6,395.9,179.0,200.1,221.8,243.3,263.4,280.3,293.5,302.4,302.9,297.7,284.0,268.8,252.8,236.9,221.0,204.9,188.1,173.0,166.9,166.1,169.5,175.3,175.3,171.1,169.3,169.5,175.2,187.6,202.1,216.7,231.4,233.3,237.3,240.8,238.1,234.4,187.4,184.4,184.9,189.3,191.2,190.7,190.2,186.6,186.7,190.2,192.6,192.4,248.6,248.6,249.6,251.4,249.7,249.5,249.8,258.7,262.3,263.7,262.7,258.7,250.0,253.7,254.7,253.2,251.3,255.1,256.9,256.2,-5.8,-6.9,-5.8,-1.3,10.3,26.7,43.1,60.3,78.0,95.6,110.4,123.1,132.3,138.7,142.6,145.4,146.7,25.9,38.9,52.6,64.9,75.9,102.6,113.1,123.4,133.7,140.6,89.2,89.0,89.1,89.2,69.6,77.4,85.3,93.0,99.4,41.3,49.8,58.4,64.6,57.0,48.5,103.2,111.7,120.1,126.0,119.9,111.9,48.0,63.2,75.0,81.7,89.6,97.8,106.1,96.5,87.7,79.9,72.4,61.5,52.1,74.3,81.3,89.1,102.1,88.7,80.9,73.8,-197.3,-176.1,-153.7,-130.4,-107.6,-88.4,-73.0,-62.5,-62.2,-69.0,-86.0,-104.4,-122.7,-140.0,-157.0,-174.4,-193.0,-190.6,-195.7,-196.5,-193.1,-187.3,-189.9,-196.2,-200.2,-202.4,-199.1,-176.7,-160.9,-145.3,-129.9,-130.3,-125.8,-122.3,-125.8,-130.6,-176.5,-179.5,-179.5,-175.7,-172.9,-172.8,-178.7,-183.0,-183.7,-181.5,-177.6,-176.9,-117.9,-116.6,-115.2,-113.6,-116.1,-117.8,-119.8,-107.7,-102.3,-100.1,-100.9,-105.5,-116.1,-110.9,-110.2,-112.6,-117.4,-110.3,-107.5,-108.0,685.6,692.7,699.5,702.6,700.6,697.2,690.1,682.2,685.7,696.3,711.6,719.8,719.7,715.1,710.3,706.8,706.0,641.0,637.6,637.3,637.5,637.7,646.6,653.3,660.1,668.3,677.3,644.6,641.1,637.6,635.1,646.5,645.0,645.4,649.3,654.0,643.2,642.8,644.9,647.3,643.8,641.8,662.0,663.6,666.7,672.0,667.3,663.7,665.4,657.9,655.9,657.6,661.9,670.5,683.7,668.7,658.9,653.7,652.2,654.9,664.2,656.2,658.1,663.0,679.7,661.1,655.8,654.5,0.944,0.302,-0.242,0.091,401.23,225.359,-29.155,40.365,-3.859,-11.18,0.5489999999999999,26.191,1.124,-10.543,-8.441,-7.32,-0.465,2.962,-5.8660000000000005,-2.214,3.953,-3.753,-2.923,2.937,-1.952,-0.013,-0.7509999999999999,0.345,2.48,-2.395,1.105,0.621,1.258,-0.516,-0.284,-0.031,0.2019999999999999,0.067,0.03,-0.163,0.0,0.0,0.0,0.0,1.24,0.81,0.0,2.04,2.62,0.84,0.0,0.53,0.01,0.03,0.0,0.0,0.0,0.0,0.0,0.0,0.0,1.0,1.0,0.0,1.0,1.0,1.0,0.0,1.0,0.0,0.0,0.0,0.0,0.0,0.0
10,0,0.3,0.98,1,0.262886,0.515996,-0.815254,0.131488,0.522551,-0.842408,0.2339999999999999,0.56,373.9,375.6,379.5,383.2,384.6,383.0,379.0,375.3,365.9,369.1,373.4,378.2,382.4,385.0,386.5,384.1,380.8,376.8,372.7,368.8,377.3,378.9,380.5,381.2,380.6,379.1,377.4,376.7,428.8,430.8,435.1,439.1,440.6,438.5,434.2,429.7,422.8,425.9,429.9,434.8,439.1,441.9,443.6,441.5,438.5,434.7,430.4,426.1,432.1,434.1,436.2,437.2,436.5,434.5,432.4,431.4,186.8,182.7,180.9,182.5,186.6,191.0,192.5,190.9,187.6,186.0,185.2,184.9,185.6,187.1,189.2,190.6,191.2,191.4,190.8,189.6,188.4,189.1,188.3,186.6,184.8,184.1,184.9,186.7,188.8,184.3,182.2,183.9,188.3,192.9,194.9,193.5,190.6,188.3,186.9,186.3,186.6,187.3,188.7,190.7,192.1,192.8,192.6,191.9,190.6,191.5,190.5,188.3,186.1,185.3,186.3,188.5,49.8,51.6,55.6,59.6,61.1,59.6,55.3,51.4,41.9,45.0,49.3,54.2,58.6,61.5,63.3,60.7,57.1,52.9,48.7,44.8,53.5,55.2,56.9,57.7,57.0,55.3,53.6,52.8,99.2,101.1,105.4,109.7,111.4,109.5,105.1,100.5,93.7,96.4,100.1,104.9,109.4,112.9,115.2,112.7,109.3,105.3,100.9,96.8,102.9,105.0,107.1,108.0,107.2,105.1,103.0,102.1,-176.5,-180.8,-182.9,-181.8,-177.9,-173.5,-171.5,-172.7,-176.6,-177.6,-177.9,-178.3,-178.1,-177.4,-176.0,-173.9,-172.6,-172.1,-172.7,-174.2,-175.6,-175.1,-176.0,-177.8,-179.5,-180.0,-179.0,-177.2,-163.6,-167.9,-170.2,-169.2,-165.5,-161.2,-158.9,-159.7,-162.3,-164.0,-165.2,-166.0,-166.4,-166.8,-166.4,-163.8,-161.6,-160.4,-160.2,-160.9,-162.7,-162.2,-163.3,-165.4,-167.2,-167.7,-166.6,-164.5,641.1,641.1,642.3,644.1,645.3,645.7,644.0,642.3,644.2,641.8,640.3,640.3,642.3,645.1,647.8,645.8,643.4,642.1,641.9,642.8,643.5,644.3,644.8,644.8,644.3,643.6,643.0,643.0,601.2,600.8,602.2,604.4,606.3,606.6,605.3,603.3,602.5,600.9,600.1,600.8,603.4,607.1,610.9,608.3,605.4,603.2,602.2,602.2,604.2,605.3,605.9,605.7,604.8,603.7,603.1,603.3,81.3,-143.0,673.4,0.499,-0.135,0.043,319.7,318.7,319.8,323.8,334.2,349.0,364.2,380.5,396.4,411.2,422.5,432.5,440.5,446.8,451.1,454.3,455.6,350.3,363.3,376.9,388.9,399.8,424.5,433.6,442.3,450.7,455.4,411.9,412.2,412.7,413.2,392.5,400.3,407.9,414.9,420.4,365.3,373.6,381.8,387.7,380.6,372.5,422.9,430.7,438.2,442.8,437.9,430.9,370.0,385.1,396.7,403.0,410.0,416.7,422.5,415.6,408.5,401.6,394.5,383.7,374.0,396.0,402.5,409.4,419.4,409.1,402.3,395.6,178.9,200.1,221.7,243.2,263.4,280.4,293.6,302.5,303.0,297.8,283.9,268.6,252.7,236.7,220.9,204.8,188.1,173.0,167.0,166.1,169.5,175.3,175.3,171.2,169.3,169.5,175.1,187.6,202.1,216.7,231.4,233.3,237.3,240.8,238.1,234.4,187.4,184.4,185.0,189.3,191.2,190.7,190.2,186.6,186.7,190.2,192.6,192.4,248.6,248.6,249.5,251.4,249.7,249.5,249.9,258.9,262.6,263.9,262.9,258.9,250.1,253.7,254.8,253.3,251.4,255.3,257.1,256.4,-5.8,-6.9,-5.8,-1.3,10.2,26.6,43.0,60.2,77.9,95.5,110.4,123.1,132.2,138.5,142.4,145.2,146.5,25.8,38.8,52.6,64.8,75.9,102.4,112.9,123.1,133.6,140.5,89.1,88.9,89.0,89.1,69.4,77.2,85.2,92.9,99.3,41.2,49.7,58.3,64.6,56.9,48.5,103.1,111.6,120.1,125.9,119.8,111.8,47.7,62.9,74.8,81.6,89.5,97.8,106.0,96.4,87.6,79.7,72.1,61.2,51.8,74.1,81.2,89.0,102.1,88.5,80.7,73.5,-197.4,-176.2,-153.9,-130.5,-107.7,-88.3,-72.9,-62.4,-62.2,-69.0,-86.1,-104.6,-122.8,-140.1,-157.0,-174.4,-192.9,-190.6,-195.8,-196.5,-193.1,-187.4,-190.0,-196.2,-200.2,-202.5,-199.2,-176.7,-161.0,-145.4,-130.0,-130.4,-125.9,-122.4,-125.9,-130.7,-176.5,-179.5,-179.6,-175.7,-172.9,-172.8,-178.8,-183.1,-183.8,-181.5,-177.7,-176.9,-117.9,-116.6,-115.3,-113.6,-116.2,-117.9,-119.8,-107.6,-102.1,-99.9,-100.7,-105.4,-116.2,-111.0,-110.2,-112.6,-117.4,-110.2,-107.4,-107.9,685.8,693.0,699.9,703.0,701.1,697.7,690.7,682.8,686.2,696.8,711.9,719.9,719.7,715.0,710.1,706.6,705.7,641.1,637.8,637.5,637.7,637.9,646.8,653.5,660.2,668.4,677.4,644.8,641.4,637.9,635.5,647.0,645.4,645.9,649.7,654.5,643.4,643.0,645.1,647.5,644.1,642.0,662.2,663.8,666.8,672.2,667.5,663.9,665.8,658.3,656.3,658.0,662.3,670.9,684.1,669.2,659.5,654.2,652.8,655.4,664.7,656.7,658.5,663.4,680.2,661.6,656.3,655.0,0.943,0.305,-0.24,0.091,401.083,225.389,-30.421,40.782,-3.681,-10.970999999999998,0.391,25.895,0.97,-10.678,-8.455,-7.15,-0.355,2.971,-5.992999999999999,-1.952,3.701,-3.658,-2.881,3.0,-1.919,-0.032,-0.762,0.109,2.442,-2.388,1.036,0.591,1.223,-0.516,-0.286,-0.031,0.183,0.063,0.022,-0.165,0.0,0.0,0.0,0.04,1.26,0.66,0.0,2.12,2.63,0.87,0.0,0.51,0.08,0.01,0.0,0.0,0.0,0.0,0.0,0.0,0.0,1.0,1.0,0.0,1.0,1.0,1.0,0.0,1.0,0.0,0.0,0.0,0.0,0.0,0.0
11,0,0.3339999999999999,0.98,1,0.262125,0.513351,-0.817167,0.12478,0.526696,-0.8408459999999999,0.2289999999999999,0.56,373.8,375.5,379.4,383.1,384.5,382.9,378.9,375.1,365.7,369.0,373.3,378.1,382.3,384.9,386.4,384.0,380.7,376.7,372.6,368.7,377.1,378.7,380.4,381.1,380.5,378.9,377.3,376.5,428.4,430.5,434.9,439.0,440.4,438.3,433.9,429.3,422.4,425.6,429.7,434.7,439.0,441.8,443.4,441.3,438.4,434.6,430.1,425.8,431.7,433.7,435.9,437.0,436.3,434.2,432.0,431.0,186.8,182.7,180.9,182.5,186.6,191.0,192.5,190.9,187.5,186.0,185.3,184.9,185.6,187.1,189.2,190.7,191.4,191.5,191.0,189.6,188.4,189.1,188.3,186.6,184.8,184.1,184.9,186.7,189.0,184.3,182.2,183.9,188.4,193.0,195.1,193.7,190.7,188.3,186.9,186.3,186.6,187.2,188.6,190.7,192.2,193.0,192.8,192.1,190.8,191.7,190.6,188.3,186.1,185.2,186.3,188.6,49.4,51.1,55.2,59.1,60.6,59.1,54.8,50.9,41.4,44.6,48.8,53.7,58.1,61.1,62.8,60.2,56.6,52.5,48.3,44.4,53.0,54.7,56.4,57.2,56.5,54.8,53.1,52.3,96.7,98.6,102.9,107.1,108.8,106.9,102.6,97.9,91.3,94.0,97.7,102.5,107.0,110.4,112.6,110.1,106.8,102.8,98.4,94.4,100.3,102.4,104.6,105.5,104.7,102.6,100.4,99.5,-175.4,-179.6,-181.7,-180.6,-176.8,-172.4,-170.4,-171.6,-175.5,-176.4,-176.7,-177.1,-176.9,-176.2,-174.8,-172.8,-171.4,-170.9,-171.4,-173.0,-174.4,-173.9,-174.9,-176.7,-178.3,-178.8,-177.9,-176.1,-159.9,-164.1,-166.5,-165.6,-161.9,-157.6,-155.3,-156.1,-158.6,-160.4,-161.6,-162.4,-162.8,-163.2,-162.9,-160.2,-158.1,-156.7,-156.6,-157.3,-159.0,-158.5,-159.7,-161.8,-163.7,-164.1,-163.0,-160.9,636.8,636.8,638.1,639.8,641.1,641.5,639.9,638.1,639.9,637.5,636.0,636.0,638.1,640.9,643.7,641.7,639.3,637.9,637.8,638.6,639.3,640.1,640.6,640.6,640.1,639.3,638.8,638.8,588.1,587.6,589.0,591.3,593.3,593.7,592.4,590.2,589.2,587.7,587.0,587.7,590.4,594.2,598.0,595.4,592.5,590.2,589.1,589.1,591.1,592.3,592.9,592.7,591.7,590.6,589.9,590.2,81.1,-142.9,673.3,0.502,-0.133,0.043,319.7,318.7,319.8,323.8,334.2,348.9,364.1,380.3,396.3,411.0,422.4,432.4,440.4,446.7,451.0,454.0,455.3,350.1,363.1,376.7,388.8,399.7,424.3,433.4,442.1,450.5,455.2,411.7,412.1,412.6,413.0,392.3,400.0,407.7,414.7,420.2,365.1,373.5,381.7,387.6,380.5,372.3,422.7,430.5,438.0,442.6,437.7,430.7,369.6,384.7,396.4,402.8,409.9,416.6,422.4,415.5,408.3,401.2,394.1,383.2,373.6,395.7,402.3,409.2,419.3,408.9,402.0,395.2,178.9,200.0,221.8,243.3,263.5,280.5,293.8,302.7,303.1,297.8,283.9,268.6,252.6,236.7,220.9,204.8,188.1,173.0,167.0,166.1,169.5,175.3,175.4,171.2,169.3,169.5,175.1,187.7,202.2,216.7,231.3,233.3,237.4,240.9,238.2,234.5,187.5,184.4,185.0,189.4,191.3,190.8,190.3,186.6,186.7,190.2,192.7,192.5,248.6,248.5,249.5,251.4,249.7,249.5,249.9,259.1,262.9,264.3,263.3,259.1,250.1,253.7,254.8,253.3,251.4,255.6,257.4,256.7,-5.8,-6.9,-5.8,-1.4,10.2,26.6,42.9,60.1,77.8,95.3,110.2,122.9,131.9,138.2,142.1,144.9,146.2,25.6,38.7,52.4,64.7,75.7,102.1,112.6,122.9,133.3,140.2,88.9,88.7,88.8,88.9,69.2,77.0,84.9,92.7,99.1,41.0,49.6,58.2,64.4,56.8,48.3,102.8,111.3,119.8,125.7,119.6,111.5,47.3,62.5,74.4,81.4,89.3,97.7,105.9,96.3,87.4,79.3,71.7,60.6,51.3,73.8,80.9,88.9,102.0,88.3,80.4,73.1,-197.5,-176.3,-153.8,-130.5,-107.5,-88.2,-72.8,-62.3,-62.1,-68.9,-86.1,-104.6,-122.8,-140.1,-156.9,-174.3,-192.8,-190.6,-195.7,-196.5,-193.0,-187.2,-189.8,-196.1,-200.2,-202.5,-199.1,-176.6,-160.9,-145.3,-129.9,-130.3,-125.8,-122.3,-125.8,-130.6,-176.5,-179.5,-179.5,-175.6,-172.8,-172.7,-178.6,-183.0,-183.7,-181.4,-177.5,-176.8,-118.0,-116.7,-115.3,-113.6,-116.1,-117.8,-119.8,-107.4,-101.8,-99.6,-100.4,-105.2,-116.2,-111.0,-110.2,-112.6,-117.4,-109.9,-107.1,-107.6,685.8,693.0,700.0,703.2,701.2,698.0,691.1,683.1,686.5,696.9,711.7,719.6,719.2,714.4,709.6,706.3,705.5,641.0,637.6,637.2,637.4,637.6,646.5,653.2,660.0,668.3,677.3,644.6,641.1,637.6,635.2,646.9,645.3,645.7,649.6,654.3,643.3,642.8,644.9,647.3,643.9,641.9,662.0,663.6,666.6,671.9,667.3,663.7,666.0,658.3,656.1,657.9,662.1,670.8,684.1,669.4,659.7,654.4,653.0,655.6,664.9,656.6,658.4,663.3,680.3,661.8,656.5,655.2,0.944,0.307,-0.237,0.091,400.896,225.447,-31.142,41.327,-2.6660000000000004,-10.305,0.693,25.419,1.032,-10.817,-8.585,-6.848,-0.2319999999999999,2.9930000000000003,-6.105,-1.644,3.635,-3.5010000000000003,-2.8560000000000003,3.0860000000000003,-1.93,-0.162,-0.88,0.008,2.25,-2.397,1.074,0.515,1.212,-0.51,-0.278,-0.0139999999999999,0.157,0.067,0.017,-0.17,0.0,0.0,0.0,0.04,1.27,0.71,0.0,2.15,2.65,0.89,0.0,0.5,0.1,0.0,0.0,0.0,0.0,0.0,0.0,0.0,1.0,1.0,1.0,0.0,1.0,1.0,1.0,0.0,1.0,0.0,0.0,0.0,0.0,0.0,0.0
12,0,0.367,0.98,1,0.264592,0.5174270000000001,-0.8137939999999999,0.131141,0.523804,-0.841684,0.235,0.561,373.6,375.4,379.2,382.9,384.3,382.7,378.7,375.0,365.5,368.8,373.1,377.9,382.1,384.7,386.1,383.8,380.5,376.5,372.4,368.5,377.0,378.6,380.2,380.9,380.3,378.8,377.2,376.4,428.4,430.4,434.7,438.8,440.2,438.2,433.9,429.4,422.4,425.6,429.6,434.5,438.7,441.6,443.2,441.1,438.2,434.4,430.0,425.7,431.7,433.7,435.8,436.8,436.1,434.1,432.0,431.0,186.9,182.8,181.0,182.6,186.7,191.0,192.6,191.0,187.5,186.0,185.2,184.9,185.6,187.1,189.2,190.7,191.4,191.6,191.0,189.7,188.4,189.1,188.4,186.6,184.9,184.2,185.0,186.7,188.9,184.3,182.3,183.9,188.3,192.9,195.0,193.6,190.5,188.3,186.9,186.3,186.6,187.2,188.6,190.7,192.2,192.9,192.7,192.0,190.7,191.5,190.5,188.3,186.1,185.3,186.3,188.5,49.3,51.1,55.1,59.0,60.6,59.0,54.7,50.8,41.3,44.5,48.7,53.6,58.0,60.9,62.7,60.1,56.5,52.3,48.1,44.2,52.9,54.6,56.3,57.1,56.4,54.8,53.1,52.3,98.6,100.4,104.7,109.0,110.7,108.8,104.5,99.8,93.0,95.8,99.5,104.3,108.8,112.2,114.4,112.0,108.6,104.6,100.2,96.2,102.2,104.3,106.4,107.4,106.5,104.4,102.3,101.4,-175.6,-179.8,-181.9,-180.8,-177.0,-172.7,-170.6,-171.8,-175.8,-176.7,-177.0,-177.4,-177.2,-176.5,-175.1,-173.0,-171.6,-171.1,-171.7,-173.3,-174.7,-174.2,-175.1,-176.9,-178.5,-179.0,-178.1,-176.3,-163.0,-167.3,-169.6,-168.7,-165.0,-160.7,-158.4,-159.1,-161.8,-163.5,-164.7,-165.4,-165.8,-166.3,-166.0,-163.2,-161.1,-159.8,-159.6,-160.4,-162.1,-161.6,-162.8,-164.9,-166.7,-167.2,-166.0,-164.0,637.9,637.9,639.1,640.9,642.2,642.6,641.0,639.2,641.0,638.6,637.1,637.1,639.1,641.9,644.8,642.8,640.4,639.0,638.9,639.7,640.4,641.2,641.7,641.7,641.1,640.4,639.9,639.9,599.3,598.9,600.3,602.5,604.4,604.8,603.5,601.4,600.5,598.9,598.2,598.9,601.6,605.3,609.1,606.4,603.6,601.3,600.2,600.3,602.3,603.4,604.0,603.9,602.9,601.8,601.2,601.4,81.0,-142.9,673.7,0.503,-0.132,0.043,319.7,318.8,319.8,323.8,334.1,348.9,364.0,380.3,396.3,411.0,422.3,432.3,440.3,446.5,450.8,453.9,455.1,350.0,363.0,376.6,388.8,399.7,424.0,433.1,441.9,450.3,455.0,411.6,411.9,412.5,412.9,392.1,399.9,407.6,414.6,420.1,364.9,373.3,381.5,387.4,380.3,372.1,422.5,430.4,437.9,442.5,437.5,430.5,369.4,384.5,396.2,402.6,409.7,416.5,422.3,415.3,408.0,401.0,393.8,382.9,373.4,395.5,402.1,409.1,419.1,408.7,401.8,395.0,178.9,200.0,221.8,243.3,263.5,280.5,293.7,302.6,303.1,297.8,283.8,268.5,252.6,236.7,221.0,204.9,188.2,173.1,167.0,166.1,169.6,175.4,175.4,171.2,169.3,169.5,175.1,187.7,202.2,216.7,231.4,233.3,237.4,240.9,238.2,234.5,187.5,184.4,185.0,189.4,191.3,190.8,190.3,186.6,186.7,190.2,192.6,192.4,248.7,248.5,249.5,251.4,249.7,249.6,250.1,259.4,263.2,264.6,263.6,259.3,250.2,253.7,254.8,253.3,251.6,255.8,257.7,256.9,-5.8,-6.9,-5.8,-1.3,10.2,26.5,42.9,60.1,77.9,95.4,110.2,122.9,131.9,138.1,141.9,144.7,145.9,25.5,38.6,52.4,64.7,75.8,101.8,112.3,122.7,133.2,140.1,88.8,88.7,88.7,88.9,69.1,76.9,84.8,92.6,99.0,40.8,49.4,58.0,64.3,56.6,48.1,102.7,111.2,119.7,125.6,119.5,111.4,47.1,62.3,74.3,81.2,89.2,97.6,105.9,96.2,87.2,79.1,71.5,60.4,51.2,73.6,80.8,88.7,101.9,88.2,80.2,72.9,-197.6,-176.4,-154.0,-130.6,-107.7,-88.3,-72.9,-62.4,-62.1,-69.0,-86.2,-104.7,-122.9,-140.1,-156.8,-174.1,-192.6,-190.6,-195.8,-196.5,-193.1,-187.2,-189.9,-196.2,-200.2,-202.5,-199.2,-176.7,-161.0,-145.4,-130.0,-130.4,-125.9,-122.4,-125.9,-130.6,-176.5,-179.5,-179.6,-175.7,-172.8,-172.8,-178.7,-183.1,-183.8,-181.5,-177.7,-177.0,-117.9,-116.7,-115.3,-113.7,-116.2,-117.9,-119.6,-107.2,-101.6,-99.4,-100.2,-105.1,-116.2,-111.0,-110.2,-112.6,-117.3,-109.8,-106.9,-107.5,686.1,693.5,700.6,703.9,701.9,698.6,691.6,683.5,686.8,697.3,712.1,719.9,719.5,714.6,709.5,706.2,705.2,641.3,637.9,637.5,637.7,638.0,646.9,653.6,660.3,668.5,677.6,644.9,641.5,638.1,635.7,647.3,645.8,646.1,650.0,654.7,643.5,643.2,645.2,647.6,644.2,642.2,662.3,663.9,667.0,672.3,667.6,664.1,666.4,658.7,656.5,658.3,662.5,671.2,684.5,670.0,660.4,655.1,653.6,656.3,665.3,657.0,658.8,663.8,680.7,662.4,657.1,655.8,0.943,0.308,-0.235,0.091,400.7480000000001,225.493,-32.026,41.906000000000006,-2.66,-9.993,0.552,25.134,0.978,-10.46,-8.217,-6.641,0.104,2.787,-5.921,-1.3769999999999998,3.329,-3.209,-2.695,2.949,-2.04,0.011,-0.967,0.088,2.416,-2.32,0.866,0.521,1.2009999999999998,-0.5579999999999999,-0.258,-0.0279999999999999,0.1669999999999999,0.07,0.021,-0.159,0.0,0.0,0.0,0.04,1.28,0.57,0.0,2.17,2.69,0.92,0.0,0.47,0.14,0.0,0.01,0.0,0.0,0.0,0.0,0.0,1.0,1.0,1.0,0.0,1.0,1.0,1.0,0.0,1.0,0.0,0.0,0.0,0.0,0.0,0.0
13,0,0.4,0.98,1,0.266059,0.512572,-0.816384,0.131684,0.526837,-0.8397040000000001,0.236,0.56,373.6,375.3,379.1,382.8,384.2,382.6,378.6,374.9,365.4,368.7,373.0,377.8,382.0,384.6,386.0,383.7,380.4,376.4,372.3,368.4,376.9,378.5,380.1,380.9,380.3,378.7,377.1,376.3,428.4,430.4,434.7,438.8,440.2,438.2,433.9,429.4,422.4,425.5,429.6,434.5,438.7,441.6,443.1,441.1,438.2,434.5,430.0,425.7,431.7,433.7,435.8,436.8,436.1,434.1,432.0,431.0,186.9,182.7,180.9,182.5,186.6,191.0,192.5,190.9,187.6,186.1,185.3,184.9,185.6,187.1,189.2,190.7,191.5,191.6,191.1,189.7,188.4,189.1,188.3,186.6,184.8,184.1,184.9,186.7,189.0,184.3,182.2,183.9,188.3,193.0,195.1,193.7,190.7,188.4,186.9,186.3,186.6,187.2,188.7,190.7,192.1,192.8,192.7,192.0,190.8,191.6,190.6,188.3,186.1,185.3,186.3,188.6,49.2,50.9,54.9,58.8,60.4,58.8,54.6,50.7,41.1,44.3,48.5,53.4,57.8,60.7,62.5,59.9,56.3,52.2,48.0,44.1,52.8,54.4,56.2,56.9,56.3,54.6,52.9,52.1,97.6,99.5,103.8,108.0,109.7,107.9,103.5,98.9,92.1,94.8,98.5,103.4,107.8,111.2,113.4,111.0,107.7,103.7,99.3,95.2,101.3,103.4,105.5,106.4,105.6,103.5,101.4,100.5,-175.3,-179.5,-181.7,-180.6,-176.8,-172.4,-170.4,-171.5,-175.4,-176.3,-176.7,-177.1,-176.9,-176.2,-174.9,-172.8,-171.4,-170.8,-171.3,-172.9,-174.4,-174.0,-174.9,-176.7,-178.3,-178.8,-177.8,-176.0,-161.5,-165.8,-168.2,-167.2,-163.5,-159.2,-156.8,-157.6,-160.2,-162.0,-163.2,-164.0,-164.4,-164.8,-164.5,-161.8,-159.7,-158.4,-158.2,-158.9,-160.6,-160.1,-161.3,-163.4,-165.2,-165.7,-164.5,-162.4,636.8,636.8,638.1,639.9,641.2,641.6,639.9,638.1,639.9,637.5,636.0,636.0,638.1,640.9,643.8,641.8,639.4,638.0,637.8,638.6,639.4,640.2,640.7,640.7,640.1,639.4,638.8,638.8,593.8,593.5,594.9,597.3,599.1,599.5,598.1,595.9,594.9,593.4,592.8,593.5,596.3,600.0,603.9,601.1,598.2,595.9,594.8,594.7,596.9,598.0,598.7,598.5,597.6,596.5,595.8,596.0,80.8,-142.7,673.0,0.506,-0.134,0.044,319.6,318.7,319.7,323.7,334.1,348.8,363.8,380.0,395.9,410.6,422.0,432.0,440.1,446.4,450.7,453.8,455.1,350.0,363.0,376.6,388.7,399.6,424.0,433.1,441.9,450.3,455.0,411.6,411.9,412.4,412.9,392.1,399.9,407.5,414.6,420.1,364.8,373.2,381.4,387.3,380.2,372.0,422.5,430.3,437.9,442.5,437.5,430.5,369.3,384.4,396.1,402.5,409.6,416.4,422.2,415.2,407.9,400.8,393.6,382.6,373.2,395.4,402.0,409.0,419.0,408.6,401.6,394.8,179.0,200.1,221.8,243.3,263.5,280.5,293.7,302.7,303.2,298.0,284.0,268.7,252.7,236.8,221.1,204.9,188.2,173.1,167.0,166.2,169.6,175.4,175.4,171.1,169.2,169.5,175.2,187.7,202.2,216.8,231.4,233.4,237.4,240.9,238.2,234.6,187.5,184.5,185.0,189.4,191.3,190.8,190.3,186.6,186.7,190.2,192.6,192.4,248.8,248.6,249.5,251.4,249.7,249.6,250.1,259.7,263.7,265.0,264.0,259.6,250.2,253.8,254.9,253.4,251.7,256.2,258.0,257.2,-5.8,-6.9,-5.9,-1.5,10.1,26.4,42.7,59.7,77.4,94.9,109.7,122.4,131.5,137.8,141.7,144.5,145.7,25.4,38.5,52.2,64.5,75.6,101.7,112.2,122.6,133.0,139.9,88.7,88.5,88.6,88.7,69.0,76.8,84.7,92.4,98.8,40.7,49.2,57.8,64.1,56.4,47.9,102.5,111.1,119.5,125.4,119.3,111.2,46.8,62.1,74.1,81.1,89.0,97.5,105.7,96.0,86.9,78.9,71.3,60.1,50.9,73.4,80.6,88.5,101.7,87.9,80.0,72.7,-197.1,-175.9,-153.6,-130.3,-107.5,-88.2,-72.8,-62.2,-61.9,-68.7,-85.9,-104.4,-122.6,-139.8,-156.5,-173.9,-192.4,-190.2,-195.4,-196.2,-192.8,-187.0,-189.7,-196.0,-200.0,-202.3,-198.9,-176.4,-160.7,-145.1,-129.8,-130.2,-125.7,-122.2,-125.7,-130.4,-176.2,-179.3,-179.3,-175.4,-172.6,-172.5,-178.5,-182.9,-183.6,-181.3,-177.4,-176.7,-117.8,-116.6,-115.2,-113.5,-116.1,-117.7,-119.5,-106.8,-101.1,-98.9,-99.7,-104.7,-116.0,-110.8,-110.0,-112.4,-117.2,-109.3,-106.5,-107.1,684.7,692.1,699.3,702.7,700.9,697.7,690.8,683.0,686.3,696.7,711.4,719.2,718.7,713.8,708.8,705.4,704.4,640.2,636.9,636.6,636.8,637.1,646.1,652.7,659.5,667.7,676.7,644.0,640.6,637.2,634.9,646.4,644.9,645.3,649.2,653.9,642.6,642.2,644.3,646.7,643.3,641.3,661.4,663.0,666.1,671.4,666.7,663.2,665.8,658.0,655.7,657.5,661.7,670.6,683.9,669.6,660.0,654.7,653.2,655.8,664.7,656.3,658.1,663.0,680.2,661.9,656.6,655.3,0.944,0.311,-0.238,0.092,400.655,225.576,-33.055,41.305,-1.979,-9.595,0.847,24.65,1.112,-10.363,-8.017000000000001,-6.632999999999999,0.17,2.8110000000000004,-5.715,-1.594,3.159,-3.242,-2.545,2.744,-1.964,-0.071,-0.946,0.14,2.585,-2.15,0.957,0.531,1.195,-0.529,-0.275,-0.023,0.162,0.072,0.019,-0.154,0.0,0.0,0.0,0.0,1.28,0.66,0.0,2.13,2.72,0.93,0.0,0.38,0.06,0.0,0.07,0.0,0.0,0.0,0.0,0.0,1.0,1.0,1.0,0.0,1.0,1.0,1.0,0.0,1.0,0.0,0.0,0.0,0.0,0.0,0.0
14,0,0.434,0.98,1,0.2633,0.52076,-0.8120850000000001,0.137479,0.517183,-0.8447610000000001,0.237,0.56,373.5,375.2,379.0,382.7,384.1,382.5,378.5,374.9,365.3,368.6,372.9,377.8,381.9,384.5,385.9,383.6,380.4,376.4,372.2,368.3,376.8,378.4,380.0,380.7,380.1,378.6,377.0,376.2,428.5,430.4,434.6,438.6,440.0,438.1,434.0,429.6,422.6,425.6,429.5,434.2,438.4,441.3,443.0,440.9,438.0,434.2,429.9,425.8,431.9,433.8,435.7,436.6,436.0,434.1,432.1,431.2,187.0,182.8,181.0,182.6,186.6,191.0,192.6,191.0,187.6,186.0,185.3,184.9,185.6,187.1,189.2,190.7,191.4,191.6,191.0,189.7,188.5,189.1,188.4,186.6,184.9,184.3,185.0,186.8,188.7,184.2,182.2,183.9,188.2,192.7,194.7,193.3,190.5,188.2,186.8,186.2,186.6,187.3,188.7,190.7,192.1,192.8,192.6,191.9,190.4,191.2,190.3,188.2,186.1,185.3,186.3,188.4,49.1,50.8,54.8,58.7,60.3,58.7,54.5,50.6,41.0,44.2,48.5,53.4,57.8,60.7,62.4,59.9,56.3,52.1,47.9,44.0,52.7,54.4,56.0,56.8,56.1,54.5,52.8,52.1,101.8,103.6,108.0,112.2,114.0,112.1,107.8,103.1,96.2,98.8,102.5,107.3,111.9,115.4,117.7,115.2,111.8,107.7,103.3,99.2,105.6,107.6,109.7,110.5,109.7,107.7,105.6,104.8,-175.3,-179.5,-181.7,-180.6,-176.8,-172.5,-170.4,-171.5,-175.5,-176.4,-176.8,-177.2,-177.0,-176.3,-175.0,-172.9,-171.5,-170.9,-171.4,-173.0,-174.5,-174.0,-174.9,-176.7,-178.3,-178.7,-177.8,-176.0,-168.4,-172.8,-175.1,-174.1,-170.2,-165.9,-163.5,-164.4,-167.0,-168.8,-170.0,-170.7,-171.1,-171.4,-171.0,-168.3,-166.1,-164.9,-164.8,-165.6,-167.5,-167.0,-168.1,-170.1,-171.9,-172.4,-171.3,-169.3,637.1,637.1,638.4,640.2,641.5,641.9,640.2,638.4,640.1,637.8,636.3,636.3,638.5,641.3,644.1,642.1,639.7,638.2,638.0,638.8,639.7,640.4,641.0,641.0,640.4,639.7,639.1,639.1,618.3,618.1,619.4,621.6,623.2,623.5,622.1,620.2,619.6,618.1,617.3,617.9,620.4,624.0,627.7,625.1,622.2,620.1,619.1,619.3,621.2,622.2,622.8,622.7,621.9,620.9,620.3,620.4,80.7,-142.6,672.6,0.511,-0.135,0.044,319.7,318.7,319.7,323.7,334.1,348.8,363.7,379.8,395.7,410.4,421.7,431.8,440.0,446.4,450.8,453.8,455.0,349.9,362.9,376.4,388.6,399.4,423.9,433.0,441.8,450.2,454.9,411.5,411.8,412.4,412.8,392.0,399.8,407.5,414.5,420.0,364.8,373.1,381.3,387.2,380.1,372.0,422.4,430.2,437.7,442.4,437.4,430.4,369.0,384.1,396.0,402.5,409.6,416.5,422.3,415.2,407.8,400.7,393.4,382.3,372.9,395.3,402.0,409.0,419.1,408.5,401.5,394.6,179.1,200.2,221.9,243.3,263.4,280.4,293.7,302.8,303.4,298.2,284.2,268.8,252.8,236.9,221.2,204.9,188.1,173.2,167.1,166.2,169.6,175.4,175.4,171.1,169.2,169.5,175.1,187.8,202.3,216.7,231.4,233.3,237.4,240.9,238.2,234.5,187.6,184.5,185.0,189.4,191.2,190.8,190.2,186.5,186.7,190.2,192.6,192.3,248.6,248.5,249.5,251.4,249.6,249.5,250.0,260.0,264.2,265.6,264.5,259.9,250.1,253.7,254.8,253.3,251.5,256.7,258.6,257.7,-5.8,-6.9,-5.9,-1.5,10.1,26.4,42.5,59.5,77.1,94.6,109.4,122.1,131.3,137.7,141.6,144.3,145.5,25.3,38.3,52.0,64.3,75.3,101.4,112.0,122.4,132.8,139.6,88.5,88.4,88.4,88.6,68.8,76.6,84.6,92.3,98.7,40.6,49.1,57.6,63.9,56.3,47.8,102.3,110.8,119.3,125.2,119.0,111.0,46.5,61.8,74.0,81.0,89.0,97.6,105.8,96.1,86.9,78.8,71.0,59.8,50.6,73.3,80.5,88.5,101.8,87.9,79.8,72.5,-196.6,-175.6,-153.4,-130.3,-107.5,-88.3,-72.8,-62.1,-61.7,-68.4,-85.7,-104.2,-122.4,-139.5,-156.3,-173.7,-192.3,-189.9,-195.1,-195.9,-192.6,-186.8,-189.4,-195.9,-199.9,-202.1,-198.7,-176.1,-160.5,-145.0,-129.7,-130.1,-125.6,-122.1,-125.6,-130.4,-176.0,-179.0,-179.1,-175.2,-172.5,-172.4,-178.3,-182.7,-183.4,-181.1,-177.3,-176.6,-117.8,-116.6,-115.2,-113.5,-116.0,-117.8,-119.6,-106.5,-100.5,-98.3,-99.2,-104.4,-116.1,-110.9,-110.0,-112.4,-117.3,-108.7,-105.9,-106.6,683.6,691.1,698.4,702.0,700.2,697.1,690.3,682.7,686.1,696.4,711.1,718.7,718.1,713.2,708.0,704.5,703.5,639.3,636.0,635.7,635.9,636.3,645.4,652.0,658.8,667.0,676.0,643.2,639.9,636.6,634.3,645.8,644.3,644.8,648.7,653.3,641.8,641.5,643.6,646.0,642.7,640.6,660.7,662.3,665.3,670.6,666.0,662.5,665.6,657.7,655.3,657.1,661.3,670.3,683.8,669.8,660.2,654.9,653.4,655.9,664.6,655.9,657.7,662.7,680.1,662.0,656.7,655.4,0.945,0.316,-0.238,0.093,400.566,225.622,-34.861999999999995,40.912,-0.612,-9.247,0.959,24.194000000000003,1.287,-9.883,-7.338999999999999,-6.332000000000001,0.107,2.417,-5.532,-1.8,2.923,-3.222,-2.423,2.334,-2.064,-0.151,-0.96,0.099,2.602,-2.017,0.977,0.631,1.127,-0.552,-0.251,-0.05,0.143,0.071,0.032,-0.139,0.0,0.0,0.0,0.02,1.3,0.59,0.0,2.12,2.72,0.99,0.0,0.22,0.12,0.0,0.09,0.0,0.0,0.0,0.0,0.0,1.0,1.0,1.0,0.0,1.0,1.0,1.0,0.0,1.0,0.0,0.0,0.0,0.0,0.0,0.0
15,0,0.467,0.98,1,0.2677989999999999,0.514378,-0.8146770000000001,0.139345,0.5163369999999999,-0.844973,0.241,0.556,373.3,375.0,378.8,382.6,384.0,382.4,378.4,374.7,365.0,368.4,372.7,377.6,381.7,384.3,385.7,383.4,380.1,376.1,372.0,368.0,376.6,378.2,379.9,380.6,380.0,378.4,376.7,376.0,428.5,430.4,434.6,438.6,440.1,438.1,434.0,429.6,422.5,425.5,429.4,434.3,438.4,441.3,443.0,441.0,438.0,434.3,429.9,425.7,431.9,433.8,435.7,436.6,435.9,434.1,432.1,431.2,186.9,182.7,180.9,182.5,186.6,191.0,192.6,191.0,187.6,186.1,185.3,184.9,185.7,187.1,189.2,190.8,191.6,191.7,191.1,189.8,188.5,189.2,188.4,186.6,184.8,184.1,184.9,186.7,188.6,184.1,182.1,183.8,188.2,192.7,194.7,193.3,190.6,188.3,186.8,186.2,186.6,187.3,188.7,190.7,192.0,192.7,192.5,191.9,190.4,191.2,190.3,188.1,186.1,185.3,186.2,188.3,48.5,50.2,54.2,58.1,59.6,58.1,53.9,50.0,40.4,43.6,47.9,52.7,57.1,60.0,61.6,59.1,55.6,51.4,47.3,43.3,52.0,53.7,55.4,56.2,55.5,53.8,52.1,51.4,101.1,103.0,107.3,111.6,113.3,111.5,107.1,102.5,95.5,98.2,101.9,106.7,111.2,114.7,117.1,114.6,111.2,107.1,102.7,98.6,105.0,107.0,109.0,109.9,109.1,107.1,105.0,104.2,-173.8,-178.0,-180.2,-179.2,-175.4,-171.0,-168.9,-170.0,-173.9,-174.8,-175.2,-175.6,-175.5,-174.8,-173.4,-171.3,-169.9,-169.3,-169.8,-171.4,-172.9,-172.5,-173.4,-175.2,-176.9,-177.3,-176.4,-174.6,-167.5,-171.8,-174.2,-173.1,-169.3,-164.9,-162.5,-163.4,-165.9,-167.7,-168.9,-169.7,-170.0,-170.4,-169.9,-167.3,-165.2,-164.0,-163.9,-164.5,-166.5,-166.0,-167.1,-169.1,-170.9,-171.4,-170.4,-168.3,631.4,631.5,632.8,634.7,636.0,636.4,634.6,632.7,634.3,632.1,630.6,630.8,632.9,635.8,638.6,636.6,634.1,632.7,632.4,633.2,634.0,634.8,635.4,635.4,634.9,634.1,633.5,633.5,614.5,614.4,615.7,617.9,619.5,619.7,618.3,616.4,615.9,614.3,613.6,614.2,616.7,620.3,624.0,621.4,618.5,616.3,615.3,615.5,617.4,618.4,619.0,619.0,618.2,617.2,616.6,616.7,80.4,-142.2,671.0,0.516,-0.1369999999999999,0.044,319.3,318.3,319.3,323.3,333.7,348.5,363.6,379.8,395.8,410.5,421.8,431.9,440.0,446.4,450.7,453.7,454.8,349.7,362.6,376.2,388.5,399.4,424.0,433.1,441.9,450.3,454.9,411.5,411.9,412.4,412.9,392.0,399.8,407.5,414.5,420.0,364.5,372.9,381.1,387.1,379.9,371.7,422.4,430.2,437.8,442.4,437.4,430.3,368.8,384.0,396.0,402.5,409.5,416.5,422.2,415.1,407.6,400.6,393.3,382.2,372.8,395.3,402.0,408.9,419.0,408.3,401.4,394.5,179.0,200.1,221.7,243.1,263.3,280.3,293.6,302.7,303.4,297.9,283.8,268.3,252.4,236.6,221.0,204.9,188.2,173.1,166.9,166.0,169.5,175.4,175.4,171.0,169.1,169.3,174.9,187.9,202.3,216.8,231.4,233.4,237.4,240.9,238.2,234.5,187.6,184.5,185.1,189.5,191.3,190.8,190.3,186.5,186.6,190.1,192.6,192.4,248.8,248.5,249.5,251.4,249.6,249.4,250.0,260.3,264.7,266.1,265.0,260.3,250.2,253.8,254.8,253.3,251.5,257.0,258.9,258.2,-6.2,-7.3,-6.3,-1.9,9.7,26.0,42.3,59.4,77.1,94.5,109.3,121.9,131.0,137.3,141.1,143.7,144.9,25.0,37.9,51.6,64.0,75.0,101.3,111.7,122.1,132.5,139.2,88.2,88.1,88.2,88.4,68.6,76.4,84.3,92.1,98.4,40.2,48.7,57.3,63.6,55.9,47.5,102.1,110.5,119.0,124.9,118.8,110.7,46.3,61.6,73.8,80.7,88.7,97.3,105.4,95.8,86.6,78.5,70.8,59.5,50.4,73.1,80.3,88.2,101.4,87.5,79.6,72.3,-196.1,-175.2,-153.2,-130.1,-107.4,-88.2,-72.7,-62.0,-61.7,-68.6,-86.1,-104.6,-122.6,-139.6,-156.1,-173.3,-191.7,-189.4,-194.6,-195.4,-192.0,-186.1,-188.9,-195.4,-199.5,-201.7,-198.4,-175.5,-160.0,-144.6,-129.4,-129.7,-125.3,-121.8,-125.3,-130.1,-175.4,-178.4,-178.5,-174.7,-171.9,-171.8,-177.9,-182.2,-183.0,-180.8,-176.9,-176.2,-117.4,-116.3,-114.8,-113.2,-115.8,-117.5,-119.4,-106.0,-99.9,-97.6,-98.5,-103.8,-115.7,-110.5,-109.7,-112.2,-117.1,-108.2,-105.3,-105.9,681.6,689.3,696.7,700.4,698.7,695.7,689.0,681.5,684.9,695.3,709.9,717.4,716.6,711.4,706.1,702.7,701.7,637.2,633.9,633.5,633.7,634.2,643.5,650.2,657.0,665.3,674.4,641.4,638.1,634.8,632.4,644.0,642.7,643.2,647.0,651.7,639.9,639.5,641.7,644.2,640.8,638.7,659.0,660.7,663.8,669.2,664.5,660.9,663.9,655.9,653.5,655.3,659.6,668.7,682.4,668.5,658.9,653.7,652.1,654.5,663.0,654.2,656.1,661.0,678.7,660.7,655.4,654.0,0.947,0.321,-0.24,0.093,400.476,225.61900000000003,-34.805,41.846,-0.291,-9.061,1.43,22.884,0.87,-9.335,-7.2010000000000005,-6.049,0.395,2.11,-5.443,-2.094,2.859,-3.276,-2.356,2.329,-2.1830000000000003,0.107,-0.82,0.096,2.529,-2.1,0.962,0.6809999999999999,1.149,-0.536,-0.262,-0.049,0.132,0.071,0.032,-0.139,0.01,0.0,0.0,0.04,1.3,0.55,0.0,2.08,2.72,1.03,0.0,0.1,0.16,0.0,0.11,0.0,0.0,0.0,0.0,0.0,1.0,1.0,1.0,0.0,1.0,1.0,1.0,0.0,1.0,0.0,0.0,0.0,0.0,0.0,0.0
16,0,0.501,0.98,1,0.278415,0.51076,-0.813394,0.138481,0.5136649999999999,-0.846741,0.246,0.5529999999999999,373.3,375.0,378.9,382.6,384.0,382.4,378.4,374.7,364.7,368.1,372.6,377.5,381.7,384.3,385.7,383.4,380.1,376.0,371.8,367.8,376.6,378.2,379.9,380.6,380.0,378.4,376.7,376.0,428.5,430.5,434.6,438.6,440.1,438.1,433.9,429.5,422.6,425.5,429.4,434.2,438.4,441.3,443.0,441.0,438.0,434.2,429.9,425.8,431.9,433.8,435.7,436.7,436.0,434.1,432.1,431.2,187.0,182.7,180.8,182.4,186.5,191.0,192.6,191.1,187.6,186.1,185.3,185.0,185.7,187.1,189.2,190.8,191.6,191.8,191.2,189.9,188.5,189.2,188.3,186.5,184.8,184.1,184.9,186.7,188.6,184.1,182.1,183.8,188.2,192.6,194.6,193.2,190.5,188.3,186.8,186.3,186.6,187.3,188.7,190.7,192.1,192.8,192.6,191.9,190.3,191.1,190.2,188.1,186.1,185.3,186.2,188.3,47.8,49.5,53.4,57.3,58.8,57.3,53.1,49.3,39.5,42.7,47.0,51.9,56.3,59.1,60.8,58.3,54.8,50.6,46.4,42.5,51.3,53.0,54.7,55.4,54.7,53.1,51.4,50.7,101.5,103.3,107.6,111.9,113.7,111.8,107.4,102.8,95.9,98.5,102.2,107.0,111.5,115.1,117.4,114.9,111.4,107.4,103.0,98.9,105.3,107.3,109.3,110.2,109.4,107.4,105.3,104.5,-171.3,-175.5,-177.7,-176.7,-173.0,-168.7,-166.6,-167.6,-171.4,-172.3,-172.7,-173.1,-173.0,-172.4,-171.1,-168.9,-167.5,-166.9,-167.4,-168.9,-170.5,-170.1,-171.0,-172.8,-174.4,-174.9,-173.9,-172.1,-168.0,-172.3,-174.6,-173.6,-169.7,-165.4,-163.1,-164.0,-166.5,-168.3,-169.4,-170.2,-170.5,-170.8,-170.4,-167.7,-165.6,-164.4,-164.3,-165.0,-167.0,-166.5,-167.6,-169.6,-171.5,-172.0,-170.9,-168.8,622.6,622.5,623.9,625.8,627.2,627.7,625.9,624.0,625.5,623.2,621.8,621.9,624.1,627.0,629.9,627.9,625.4,623.9,623.7,624.4,625.2,626.1,626.7,626.6,626.0,625.2,624.6,624.6,616.4,616.2,617.5,619.6,621.3,621.5,620.1,618.2,617.8,616.2,615.4,615.9,618.4,622.0,625.7,623.1,620.3,618.2,617.3,617.5,619.2,620.2,620.8,620.7,620.0,619.0,618.4,618.5,80.3,-142.2,670.8,0.517,-0.136,0.043,319.1,318.2,319.2,323.3,333.7,348.5,363.6,379.8,395.8,410.7,422.0,432.1,440.2,446.5,450.7,453.6,454.8,349.6,362.6,376.2,388.4,399.3,424.2,433.3,442.0,450.3,454.8,411.6,411.9,412.4,412.9,392.0,399.8,407.5,414.5,420.0,364.4,372.8,381.0,387.0,379.8,371.6,422.4,430.2,437.8,442.4,437.4,430.3,368.8,384.0,396.0,402.5,409.5,416.5,422.1,415.1,407.6,400.5,393.2,382.1,372.7,395.2,401.9,408.9,418.9,408.3,401.3,394.5,178.9,200.0,221.7,243.1,263.3,280.2,293.6,302.7,303.3,297.8,283.5,268.0,252.1,236.3,220.8,204.8,188.3,173.0,166.9,166.0,169.4,175.2,175.2,170.9,169.0,169.3,174.9,187.9,202.3,216.7,231.3,233.3,237.4,240.9,238.2,234.5,187.7,184.6,185.1,189.5,191.4,190.9,190.3,186.5,186.6,190.2,192.6,192.4,248.7,248.4,249.4,251.2,249.5,249.3,249.9,260.2,264.6,266.0,265.0,260.2,250.2,253.7,254.7,253.2,251.5,257.0,258.9,258.1,-6.3,-7.5,-6.4,-1.9,9.6,26.0,42.3,59.4,77.1,94.7,109.5,122.2,131.2,137.3,141.1,143.7,144.7,24.9,37.9,51.6,63.9,74.9,101.5,111.9,122.3,132.6,139.2,88.2,88.1,88.2,88.4,68.6,76.4,84.3,92.1,98.4,40.0,48.6,57.1,63.5,55.8,47.3,102.0,110.5,119.0,124.9,118.8,110.7,46.3,61.5,73.7,80.7,88.6,97.2,105.4,95.7,86.5,78.4,70.7,59.4,50.3,73.1,80.2,88.1,101.3,87.5,79.5,72.2,-196.3,-175.4,-153.3,-130.2,-107.5,-88.3,-72.8,-62.1,-61.8,-68.8,-86.3,-104.9,-122.9,-139.8,-156.2,-173.3,-191.5,-189.4,-194.6,-195.4,-192.0,-186.2,-189.0,-195.5,-199.5,-201.7,-198.5,-175.5,-160.0,-144.6,-129.4,-129.7,-125.3,-121.8,-125.3,-130.0,-175.3,-178.4,-178.4,-174.6,-171.8,-171.7,-177.8,-182.2,-183.0,-180.7,-176.9,-176.1,-117.4,-116.4,-114.9,-113.3,-115.9,-117.6,-119.4,-106.1,-100.0,-97.7,-98.5,-103.8,-115.8,-110.6,-109.8,-112.2,-117.1,-108.2,-105.3,-105.9,681.8,689.5,696.9,700.5,698.8,695.7,689.1,681.5,685.0,695.4,709.9,717.2,716.2,710.8,705.6,702.3,701.4,637.0,633.7,633.4,633.5,633.9,643.3,650.2,657.0,665.3,674.3,641.2,638.0,634.7,632.3,644.0,642.6,643.1,646.9,651.4,639.7,639.4,641.5,644.0,640.7,638.6,659.0,660.7,663.8,669.2,664.5,660.9,663.7,655.8,653.3,655.2,659.4,668.5,682.2,668.4,658.8,653.6,651.9,654.3,662.8,654.1,655.9,660.9,678.5,660.6,655.3,653.9,0.947,0.322,-0.239,0.092,400.47,225.55900000000003,-34.683,42.765,-0.336,-9.292,1.6030000000000002,22.339,0.441,-9.494,-7.395,-6.015,0.349,2.206,-5.393,-2.042,3.176,-3.411,-2.41,2.542,-2.25,-0.03,-0.872,0.504,2.624,-2.043,0.915,0.501,1.167,-0.537,-0.2769999999999999,-0.0559999999999999,0.114,0.074,0.025,-0.133,0.01,0.0,0.0,0.04,1.29,0.49,0.0,2.09,2.7,0.96,0.0,0.02,0.24,0.0,0.11,0.0,0.0,0.0,0.0,0.0,1.0,1.0,1.0,0.0,1.0,1.0,1.0,0.0,1.0,0.0,0.0,0.0,0.0,0.0,0.0
17,0,0.534,0.98,1,0.272732,0.510393,-0.815547,0.137659,0.514714,-0.8462379999999999,0.242,0.5529999999999999,373.4,375.1,378.9,382.6,384.0,382.4,378.5,374.8,365.0,368.4,372.7,377.6,381.7,384.3,385.7,383.4,380.1,376.1,372.0,368.0,376.7,378.3,379.9,380.6,380.0,378.5,376.8,376.1,428.6,430.5,434.6,438.6,440.1,438.1,434.0,429.6,422.7,425.6,429.5,434.2,438.4,441.3,443.0,441.0,438.0,434.3,430.0,425.8,432.0,433.8,435.8,436.7,436.0,434.1,432.2,431.3,186.8,182.6,180.8,182.3,186.3,190.7,192.4,190.8,187.5,186.0,185.2,184.8,185.5,186.9,189.0,190.6,191.4,191.6,191.1,189.7,188.3,188.9,188.1,186.4,184.6,184.0,184.8,186.6,188.5,184.0,182.1,183.8,188.2,192.6,194.5,193.1,190.4,188.2,186.8,186.2,186.6,187.3,188.7,190.7,192.0,192.7,192.5,191.8,190.3,191.1,190.2,188.1,186.1,185.2,186.1,188.2,48.6,50.4,54.3,58.2,59.7,58.2,54.0,50.2,40.4,43.7,47.9,52.8,57.2,60.0,61.7,59.2,55.7,51.5,47.3,43.4,52.2,53.9,55.5,56.3,55.6,54.0,52.3,51.5,102.2,104.1,108.4,112.7,114.5,112.6,108.2,103.6,96.6,99.3,103.0,107.8,112.3,115.9,118.3,115.7,112.3,108.2,103.8,99.7,106.1,108.1,110.1,111.0,110.2,108.2,106.1,105.3,-174.1,-178.3,-180.6,-179.6,-175.9,-171.5,-169.4,-170.5,-174.3,-175.2,-175.5,-176.0,-175.9,-175.2,-173.9,-171.7,-170.3,-169.6,-170.2,-171.7,-173.4,-172.9,-173.9,-175.7,-177.3,-177.7,-176.7,-175.0,-169.3,-173.7,-176.0,-174.9,-171.0,-166.6,-164.3,-165.2,-167.8,-169.5,-170.7,-171.5,-171.8,-172.0,-171.6,-168.9,-166.8,-165.6,-165.6,-166.3,-168.3,-167.8,-168.8,-170.9,-172.7,-173.2,-172.2,-170.1,632.3,632.3,633.6,635.5,636.9,637.4,635.7,633.8,635.3,633.0,631.5,631.6,633.8,636.7,639.6,637.6,635.2,633.7,633.5,634.2,635.0,635.8,636.4,636.4,635.8,634.9,634.4,634.4,620.8,620.7,622.1,624.1,625.7,625.8,624.4,622.6,622.2,620.7,619.9,620.5,622.9,626.5,630.1,627.5,624.7,622.5,621.6,621.8,623.6,624.6,625.2,625.2,624.4,623.5,622.9,622.9,80.3,-142.2,670.7,0.519,-0.1369999999999999,0.044,319.1,318.2,319.2,323.2,333.6,348.5,363.6,379.7,395.8,410.7,422.0,432.1,440.1,446.4,450.7,453.6,454.8,349.7,362.7,376.2,388.5,399.4,424.2,433.3,442.1,450.4,454.8,411.6,411.9,412.5,412.9,392.0,399.8,407.5,414.5,420.0,364.5,372.9,381.1,387.0,379.9,371.7,422.5,430.3,437.8,442.4,437.4,430.4,368.9,384.0,396.0,402.4,409.5,416.5,422.1,415.1,407.5,400.4,393.2,382.1,372.7,395.2,401.9,408.9,418.9,408.3,401.3,394.4,178.9,200.0,221.6,243.0,263.2,280.2,293.6,302.7,303.3,297.9,283.6,268.0,252.1,236.3,220.9,204.9,188.3,173.0,166.8,165.8,169.2,175.2,175.2,170.9,169.0,169.3,174.9,187.8,202.3,216.7,231.4,233.3,237.4,240.9,238.2,234.5,187.5,184.4,184.9,189.3,191.2,190.7,190.2,186.5,186.6,190.1,192.5,192.3,248.7,248.4,249.4,251.3,249.5,249.3,249.9,260.3,264.7,266.1,265.1,260.3,250.1,253.7,254.7,253.2,251.5,257.1,259.0,258.2,-6.3,-7.5,-6.5,-2.0,9.6,25.9,42.2,59.3,77.1,94.7,109.5,122.1,131.1,137.2,141.0,143.6,144.7,25.0,37.9,51.6,63.9,74.9,101.5,111.9,122.3,132.6,139.1,88.3,88.1,88.2,88.4,68.6,76.4,84.3,92.0,98.4,40.2,48.7,57.2,63.5,55.9,47.4,102.1,110.5,119.0,124.9,118.7,110.7,46.3,61.5,73.7,80.7,88.6,97.2,105.3,95.7,86.5,78.4,70.7,59.4,50.3,73.0,80.2,88.1,101.3,87.5,79.5,72.2,-196.3,-175.4,-153.3,-130.3,-107.5,-88.3,-72.8,-62.1,-61.7,-68.7,-86.3,-104.9,-122.9,-139.7,-156.0,-173.1,-191.3,-189.4,-194.5,-195.4,-192.1,-186.2,-189.1,-195.5,-199.5,-201.6,-198.3,-175.5,-160.0,-144.5,-129.3,-129.7,-125.3,-121.8,-125.3,-130.0,-175.3,-178.4,-178.5,-174.7,-171.9,-171.8,-177.9,-182.2,-182.9,-180.7,-176.9,-176.2,-117.4,-116.4,-114.9,-113.3,-115.8,-117.6,-119.4,-106.0,-99.9,-97.6,-98.4,-103.8,-115.8,-110.6,-109.8,-112.2,-117.1,-108.1,-105.2,-105.8,681.3,689.2,696.7,700.3,698.6,695.4,688.7,681.2,684.7,695.2,709.7,717.1,716.1,710.7,705.3,701.9,701.0,636.7,633.4,633.0,633.2,633.7,643.3,650.1,656.8,665.0,673.9,641.0,637.8,634.5,632.2,643.8,642.4,643.0,646.7,651.3,639.3,639.0,641.2,643.7,640.4,638.2,658.7,660.4,663.5,668.9,664.2,660.6,663.6,655.6,653.3,655.1,659.4,668.5,682.1,668.4,658.9,653.6,652.0,654.2,662.7,654.0,655.9,660.9,678.5,660.7,655.3,653.9,0.948,0.3229999999999999,-0.239,0.093,400.479,225.541,-35.517,42.942,-0.363,-9.306,1.519,22.587,0.674,-9.229,-7.022,-5.772,0.321,1.938,-5.082,-2.143,3.0610000000000004,-3.474,-2.285,2.43,-2.198,0.008,-0.785,0.479,2.574,-2.105,1.002,0.63,1.11,-0.516,-0.259,-0.064,0.133,0.064,0.031,-0.122,0.05,0.0,0.0,0.02,1.27,0.48,0.0,2.12,2.73,0.89,0.0,0.02,0.23,0.0,0.11,0.0,0.0,0.0,0.0,0.0,1.0,1.0,1.0,0.0,1.0,1.0,1.0,0.0,1.0,0.0,0.0,0.0,0.0,0.0,0.0
18,0,0.5670000000000001,0.98,1,0.26952,0.512796,-0.815107,0.134432,0.518636,-0.84436,0.239,0.556,373.4,375.1,379.0,382.7,384.0,382.5,378.5,374.8,365.2,368.5,372.8,377.7,381.9,384.4,385.8,383.5,380.2,376.2,372.1,368.2,376.8,378.3,380.0,380.7,380.1,378.5,376.9,376.2,428.5,430.4,434.6,438.6,440.0,438.1,434.0,429.6,422.6,425.5,429.5,434.4,438.5,441.4,442.9,441.0,438.1,434.4,430.1,425.8,431.9,433.7,435.7,436.6,435.9,434.0,432.1,431.2,186.8,182.7,180.8,182.4,186.4,190.8,192.4,190.8,187.5,185.9,185.1,184.8,185.4,186.9,189.0,190.6,191.4,191.6,191.0,189.7,188.3,188.9,188.1,186.4,184.7,184.0,184.8,186.6,188.6,184.0,182.0,183.6,188.0,192.5,194.6,193.2,190.7,188.3,186.8,186.1,186.4,187.0,188.4,190.5,191.9,192.7,192.6,192.0,190.3,191.1,190.1,188.0,185.9,185.1,186.1,188.3,48.8,50.6,54.5,58.4,60.0,58.4,54.2,50.3,40.7,43.9,48.2,53.1,57.5,60.3,62.0,59.5,55.9,51.8,47.6,43.6,52.4,54.1,55.8,56.5,55.8,54.2,52.5,51.8,99.7,101.5,105.7,110.0,111.7,109.9,105.6,101.0,94.1,96.8,100.5,105.3,109.8,113.2,115.4,113.0,109.7,105.8,101.4,97.3,103.4,105.4,107.5,108.3,107.5,105.5,103.4,102.6,-174.6,-178.8,-181.0,-180.0,-176.3,-172.0,-169.9,-171.0,-174.8,-175.7,-176.1,-176.5,-176.4,-175.7,-174.4,-172.2,-170.8,-170.2,-170.7,-172.3,-173.9,-173.4,-174.4,-176.1,-177.7,-178.1,-177.2,-175.4,-165.0,-169.4,-171.8,-170.9,-167.1,-162.7,-160.3,-161.1,-163.4,-165.3,-166.5,-167.4,-167.9,-168.3,-167.9,-165.2,-163.0,-161.7,-161.4,-162.1,-164.2,-163.7,-164.9,-166.9,-168.7,-169.2,-168.0,-166.0,634.2,634.1,635.3,637.2,638.6,639.1,637.4,635.5,637.3,634.8,633.3,633.3,635.5,638.4,641.2,639.3,636.9,635.5,635.3,636.0,636.8,637.5,638.1,638.0,637.5,636.7,636.1,636.2,605.6,605.4,606.9,609.1,610.9,611.1,609.6,607.6,606.8,605.3,604.6,605.4,608.1,611.8,615.6,612.9,610.0,607.7,606.6,606.6,608.6,609.7,610.4,610.3,609.4,608.4,607.7,607.8,80.3,-142.2,670.4,0.518,-0.139,0.045,319.2,318.1,319.1,323.1,333.6,348.4,363.5,379.7,395.7,410.4,421.7,431.8,439.9,446.3,450.7,453.7,454.9,349.9,362.7,376.2,388.4,399.2,424.5,433.6,442.3,450.5,454.9,411.6,411.9,412.4,412.9,392.0,399.8,407.4,414.4,419.9,364.6,373.0,381.3,387.2,380.0,371.8,422.5,430.3,437.8,442.4,437.5,430.4,368.8,383.9,395.9,402.4,409.6,416.5,422.1,415.1,407.6,400.5,393.1,382.1,372.7,395.2,401.9,408.9,418.9,408.3,401.3,394.3,178.8,199.9,221.5,242.9,263.2,280.2,293.6,302.8,303.4,297.9,283.7,268.3,252.3,236.6,220.9,204.8,188.1,172.8,166.7,165.7,169.0,174.9,174.8,170.5,168.7,169.0,174.6,187.7,202.2,216.7,231.3,233.3,237.3,240.8,238.1,234.4,187.5,184.3,184.9,189.3,191.2,190.7,190.2,186.4,186.4,190.0,192.5,192.3,248.6,248.4,249.4,251.2,249.5,249.3,249.9,260.1,264.6,266.0,264.9,260.1,250.1,253.6,254.7,253.1,251.4,257.0,258.9,258.1,-6.3,-7.5,-6.5,-2.1,9.5,25.8,42.1,59.2,76.9,94.4,109.1,121.7,130.8,137.1,140.9,143.6,144.8,25.1,38.0,51.5,63.8,74.7,101.7,112.1,122.4,132.6,139.1,88.2,88.1,88.2,88.3,68.6,76.4,84.3,92.0,98.3,40.3,48.8,57.3,63.6,56.0,47.5,102.0,110.4,118.9,124.8,118.7,110.6,46.2,61.4,73.6,80.6,88.6,97.2,105.2,95.7,86.5,78.4,70.6,59.3,50.3,72.9,80.1,88.1,101.3,87.5,79.4,72.1,-196.1,-175.2,-153.2,-130.1,-107.4,-88.2,-72.6,-62.0,-61.6,-68.6,-86.0,-104.5,-122.5,-139.4,-155.9,-173.2,-191.6,-189.3,-194.6,-195.5,-192.2,-186.4,-189.2,-195.7,-199.7,-201.8,-198.5,-175.5,-160.0,-144.6,-129.4,-129.7,-125.3,-121.8,-125.3,-130.0,-175.2,-178.4,-178.4,-174.6,-171.7,-171.7,-177.8,-182.2,-183.0,-180.7,-176.8,-176.0,-117.4,-116.3,-114.9,-113.2,-115.8,-117.6,-119.4,-106.1,-99.9,-97.6,-98.5,-103.8,-115.7,-110.6,-109.8,-112.2,-117.1,-108.1,-105.3,-105.9,680.5,688.2,695.5,699.2,697.5,694.6,688.1,680.8,684.4,694.8,709.2,716.6,715.7,710.4,705.2,701.9,701.0,636.1,632.9,632.6,632.8,633.3,642.7,649.5,656.3,664.6,673.6,640.7,637.5,634.3,632.0,643.6,642.2,642.8,646.5,651.1,638.9,638.6,640.8,643.3,640.0,637.8,658.2,659.9,663.0,668.4,663.7,660.1,663.2,655.3,653.0,654.8,659.1,668.1,681.7,668.0,658.5,653.2,651.6,653.8,662.2,653.7,655.6,660.5,678.0,660.3,655.0,653.6,0.948,0.3229999999999999,-0.242,0.095,400.472,225.475,-36.17,41.687,-0.522,-9.268,1.931,22.74,0.945,-9.333,-7.497000000000001,-5.87,-0.344,2.015,-5.212000000000001,-2.137,3.445,-3.302,-2.434,2.767,-2.2,-0.1989999999999999,-0.931,0.375,2.375,-2.097,1.167,0.5489999999999999,1.167,-0.467,-0.283,-0.039,0.136,0.059,0.035,-0.139,0.04,0.0,0.0,0.0,1.26,0.58,0.0,2.15,2.74,0.96,0.0,0.02,0.15,0.0,0.18,0.0,0.0,0.0,0.0,0.0,1.0,1.0,1.0,0.0,1.0,1.0,1.0,0.0,1.0,0.0,0.0,0.0,0.0,0.0,0.0
19,0,0.601,0.98,1,0.261311,0.5280279999999999,-0.808024,0.142876,0.530003,-0.835873,0.241,0.5720000000000001,373.3,375.0,378.9,382.5,383.9,382.3,378.3,374.6,365.0,368.3,372.7,377.6,381.7,384.3,385.7,383.4,380.1,376.1,372.0,368.0,376.6,378.2,379.7,380.5,379.9,378.4,376.8,376.1,428.4,430.4,434.6,438.6,440.0,438.0,433.8,429.4,422.2,425.3,429.2,434.1,438.4,441.3,443.0,440.9,437.8,434.0,429.6,425.4,431.8,433.7,435.7,436.6,435.9,434.0,432.0,431.1,186.6,182.5,180.6,182.1,186.2,190.5,192.2,190.6,187.1,185.6,184.8,184.4,185.0,186.4,188.4,190.1,190.9,191.2,190.6,189.3,188.0,188.7,187.9,186.2,184.5,183.8,184.6,186.4,188.4,183.9,181.9,183.6,187.9,192.4,194.4,193.0,190.2,187.9,186.5,185.9,186.2,186.9,188.4,190.4,191.8,192.5,192.3,191.6,190.1,190.9,190.0,187.9,185.8,185.0,186.0,188.1,48.7,50.5,54.4,58.3,59.8,58.2,54.0,50.2,40.5,43.8,48.1,53.0,57.4,60.2,61.9,59.4,55.9,51.7,47.5,43.5,52.3,53.9,55.6,56.3,55.7,54.1,52.4,51.7,99.9,101.8,106.1,110.4,112.1,110.2,105.9,101.2,94.2,96.9,100.6,105.4,110.0,113.5,115.8,113.3,109.8,105.7,101.3,97.3,103.7,105.7,107.8,108.7,107.9,105.9,103.8,102.9,-174.9,-179.0,-181.2,-180.2,-176.6,-172.3,-170.2,-171.2,-175.2,-176.1,-176.4,-176.9,-176.9,-176.3,-175.1,-172.8,-171.3,-170.6,-171.1,-172.7,-174.2,-173.8,-174.7,-176.4,-178.0,-178.4,-177.4,-175.7,-165.9,-170.1,-172.4,-171.4,-167.7,-163.4,-161.1,-162.0,-164.5,-166.3,-167.5,-168.2,-168.6,-168.9,-168.5,-165.8,-163.7,-162.4,-162.4,-163.1,-165.0,-164.5,-165.6,-167.6,-169.4,-169.9,-168.8,-166.8,634.3,634.1,635.4,637.4,638.9,639.5,637.8,635.8,637.3,634.9,633.4,633.5,635.7,638.6,641.6,639.6,637.1,635.7,635.4,636.1,637.0,637.8,638.4,638.3,637.7,636.8,636.3,636.4,608.0,607.7,609.0,611.1,613.0,613.3,612.0,610.1,609.6,607.9,607.0,607.5,610.0,613.7,617.5,614.9,612.1,610.0,609.1,609.2,611.0,612.0,612.6,612.4,611.6,610.5,609.9,610.1,79.7,-141.1,666.5,0.523,-0.1369999999999999,0.046,319.3,318.2,319.2,323.3,333.8,348.5,363.4,379.3,395.2,410.0,421.3,431.4,439.6,446.1,450.5,453.6,454.9,349.9,362.6,376.2,388.5,399.3,424.1,433.2,442.1,450.4,454.7,411.5,411.8,412.4,412.9,392.1,399.8,407.4,414.4,419.8,364.5,372.9,381.1,387.1,379.9,371.7,422.3,430.1,437.7,442.3,437.3,430.2,369.2,384.0,396.1,402.4,409.4,416.3,421.7,414.7,407.1,400.1,392.9,381.9,373.1,395.3,401.8,408.6,418.5,407.8,401.0,394.2,178.6,199.8,221.5,243.0,263.4,280.5,294.1,303.4,304.2,298.8,284.5,268.9,252.8,236.9,221.1,204.8,188.0,172.5,166.2,165.2,168.6,174.6,174.7,170.3,168.4,168.9,174.7,187.4,202.0,216.5,231.2,233.2,237.3,240.8,238.1,234.4,187.1,184.0,184.5,189.0,190.8,190.3,189.9,186.1,186.3,189.8,192.3,192.0,249.3,248.6,249.4,251.3,249.6,249.7,250.7,261.7,266.3,267.7,266.5,261.4,250.7,253.8,254.9,253.4,252.1,258.4,260.3,259.4,-6.2,-7.4,-6.4,-1.9,9.7,25.8,41.8,58.5,76.0,93.4,108.0,120.6,129.7,136.0,139.9,142.6,143.7,25.0,37.6,51.1,63.4,74.3,100.6,111.0,121.4,131.7,138.0,87.5,87.4,87.5,87.7,68.2,75.8,83.6,91.2,97.5,39.9,48.3,56.8,63.1,55.5,47.1,101.1,109.5,118.0,123.8,117.7,109.6,46.3,61.1,73.3,80.1,87.8,96.4,104.1,94.7,85.5,77.6,70.0,58.9,50.3,72.6,79.6,87.3,100.1,86.5,78.7,71.6,-195.0,-174.3,-152.3,-129.4,-106.7,-87.4,-71.8,-61.0,-60.5,-67.3,-84.7,-103.3,-121.4,-138.3,-154.8,-172.1,-190.4,-188.4,-193.7,-194.6,-191.2,-185.4,-188.0,-194.6,-198.6,-200.7,-197.2,-174.6,-159.0,-143.7,-128.5,-128.8,-124.4,-121.0,-124.5,-129.2,-174.5,-177.6,-177.6,-173.8,-171.1,-171.0,-176.8,-181.2,-181.9,-179.7,-175.8,-175.1,-116.1,-115.3,-114.0,-112.3,-114.8,-116.4,-117.7,-103.9,-97.7,-95.5,-96.4,-102.0,-114.4,-109.7,-108.9,-111.2,-115.5,-106.1,-103.4,-104.0,676.1,684.1,691.7,695.6,694.0,691.1,684.7,677.7,681.3,691.5,705.6,712.7,711.6,706.2,700.8,697.3,696.0,631.9,628.7,628.3,628.5,629.0,638.3,645.1,652.0,660.4,669.4,636.3,633.0,629.8,627.4,639.1,637.7,638.3,642.1,646.7,634.8,634.5,636.6,639.1,635.9,633.8,653.8,655.4,658.5,664.0,659.3,655.7,659.3,651.0,648.4,650.2,654.4,663.5,677.2,664.4,655.4,650.3,648.6,650.5,658.4,649.5,651.3,656.1,673.7,656.8,651.7,650.2,0.954,0.3279999999999999,-0.239,0.096,400.341,225.68400000000003,-37.736,42.076,0.575,-5.202000000000001,1.499,20.545,2.9730000000000003,-8.772,-6.598,-6.376,0.303,1.28,-4.7,-2.696,3.123,-3.4610000000000003,-1.6969999999999998,1.886,-2.217,-0.1119999999999999,-0.916,0.345,2.71,-1.803,0.985,0.917,1.088,-0.493,-0.276,-0.034,0.127,0.048,0.012,-0.093,0.07,0.0,0.0,0.0,1.24,0.66,0.0,2.23,2.73,1.0,0.02,0.0,0.07,0.0,0.33,0.06,0.0,0.0,0.0,0.0,0.0,1.0,1.0,0.0,1.0,1.0,1.0,0.0,1.0,0.0,0.0,0.0,0.0,0.0,0.0
20,0,0.634,0.98,1,0.266335,0.516315,-0.813932,0.137773,0.535151,-0.8334459999999999,0.241,0.568,373.5,375.2,379.0,382.6,384.0,382.4,378.5,374.8,365.1,368.4,372.8,377.7,381.9,384.4,385.7,383.5,380.2,376.2,372.1,368.1,376.8,378.3,379.9,380.6,380.1,378.5,376.9,376.2,428.2,430.3,434.6,438.6,440.0,437.9,433.6,429.1,422.0,425.2,429.3,434.3,438.5,441.3,442.8,440.8,437.9,434.1,429.7,425.3,431.4,433.4,435.6,436.6,435.9,433.9,431.8,430.8,186.3,182.1,180.2,181.8,185.8,190.2,191.9,190.3,187.0,185.4,184.6,184.2,184.8,186.2,188.2,189.9,190.8,191.1,190.6,189.2,187.7,188.4,187.6,185.8,184.1,183.5,184.3,186.0,188.3,183.7,181.5,183.2,187.6,192.3,194.4,193.0,190.1,187.6,186.1,185.5,185.8,186.4,187.9,190.1,191.6,192.4,192.3,191.5,190.1,190.9,189.9,187.6,185.4,184.5,185.6,187.9,48.5,50.2,54.2,58.0,59.5,58.0,53.9,50.0,40.3,43.5,47.8,52.7,57.1,59.9,61.5,59.1,55.6,51.4,47.2,43.3,52.0,53.7,55.3,56.1,55.4,53.8,52.1,51.4,96.0,97.8,102.1,106.3,108.0,106.1,101.8,97.2,90.4,93.1,96.9,101.6,106.1,109.4,111.5,109.1,105.8,101.9,97.5,93.5,99.5,101.6,103.7,104.7,103.9,101.8,99.7,98.7,-173.9,-178.1,-180.4,-179.4,-175.7,-171.4,-169.3,-170.3,-174.0,-174.9,-175.4,-175.9,-175.9,-175.3,-174.0,-171.7,-170.2,-169.5,-169.9,-171.5,-173.2,-172.8,-173.8,-175.5,-177.1,-177.5,-176.5,-174.8,-159.7,-163.9,-166.3,-165.5,-161.9,-157.6,-155.2,-155.9,-158.4,-160.2,-161.4,-162.3,-162.7,-163.2,-162.9,-160.1,-157.9,-156.5,-156.3,-157.0,-158.9,-158.4,-159.6,-161.7,-163.5,-163.9,-162.8,-160.7,629.7,629.6,631.0,633.0,634.4,634.9,633.1,631.1,632.5,630.2,628.8,629.0,631.3,634.2,637.1,635.1,632.6,631.1,630.8,631.4,632.4,633.2,633.8,633.8,633.2,632.3,631.7,631.8,585.0,584.6,586.0,588.5,590.5,590.9,589.4,587.2,586.1,584.5,583.9,584.7,587.5,591.3,595.2,592.5,589.6,587.3,586.1,586.0,588.1,589.3,590.0,589.8,588.8,587.6,586.9,587.1,79.4,-140.4,663.8,0.525,-0.141,0.046,319.1,318.0,319.1,323.3,333.9,348.5,363.3,379.2,395.1,409.8,421.1,431.1,439.3,445.8,450.4,453.6,454.9,350.0,362.7,376.2,388.5,399.2,424.2,433.3,442.1,450.4,454.6,411.5,411.9,412.5,413.0,392.2,399.9,407.5,414.4,419.9,364.6,373.0,381.3,387.2,380.0,371.8,422.2,430.0,437.7,442.2,437.3,430.1,369.5,384.2,396.1,402.5,409.5,416.3,421.4,414.6,407.0,400.0,392.8,382.0,373.5,395.3,401.9,408.7,418.2,407.8,400.9,394.1,178.4,199.7,221.5,243.1,263.6,280.9,294.7,304.1,304.9,299.5,285.1,269.3,253.0,237.0,221.1,204.6,187.6,172.3,165.9,164.9,168.3,174.2,174.3,169.9,168.0,168.5,174.4,187.2,201.7,216.3,230.9,233.2,237.2,240.7,238.0,234.3,187.0,183.7,184.2,188.8,190.7,190.2,189.7,185.8,185.9,189.5,192.1,191.8,250.0,248.9,249.5,251.4,249.7,249.9,251.3,262.5,267.2,268.6,267.5,262.3,251.3,253.9,255.0,253.5,252.7,259.2,261.1,260.2,-6.3,-7.6,-6.5,-1.9,9.8,25.7,41.6,58.2,75.7,93.0,107.4,119.8,128.8,135.1,139.1,141.9,143.1,25.0,37.5,50.9,63.1,73.9,100.2,110.6,120.9,131.1,137.3,87.1,87.1,87.2,87.4,68.0,75.6,83.3,90.9,97.1,39.7,48.1,56.7,63.0,55.4,46.9,100.6,109.0,117.5,123.3,117.2,109.1,46.5,61.0,73.0,79.8,87.5,95.9,103.3,94.3,85.2,77.3,69.7,58.7,50.5,72.3,79.3,86.9,99.3,86.2,78.4,71.2,-194.2,-173.5,-151.6,-128.7,-105.9,-86.6,-70.9,-60.0,-59.5,-66.3,-83.7,-102.4,-120.5,-137.5,-154.1,-171.5,-189.9,-187.6,-193.0,-193.9,-190.6,-185.0,-187.7,-194.2,-198.2,-200.2,-196.7,-174.1,-158.6,-143.3,-128.2,-128.3,-124.0,-120.6,-124.0,-128.7,-173.8,-177.0,-177.1,-173.1,-170.4,-170.3,-176.3,-180.8,-181.5,-179.2,-175.3,-174.6,-114.8,-114.5,-113.4,-111.8,-114.3,-115.6,-116.5,-102.6,-96.4,-94.2,-95.1,-100.7,-113.3,-109.1,-108.3,-110.6,-114.4,-104.9,-102.1,-102.8,672.4,680.6,688.2,692.2,690.7,688.0,682.0,675.4,679.1,689.2,703.0,709.8,708.5,703.1,697.7,694.1,692.8,628.5,625.3,625.0,625.3,626.1,635.5,642.4,649.3,657.6,666.5,633.5,630.2,627.0,624.7,636.3,635.0,635.7,639.4,643.9,631.6,631.3,633.5,636.1,632.9,630.8,650.9,652.5,655.7,661.3,656.6,652.9,656.3,648.0,645.6,647.4,651.5,660.7,674.1,661.9,653.3,648.3,646.5,648.0,655.4,646.7,648.5,653.3,670.7,654.6,649.5,648.0,0.958,0.331,-0.244,0.096,400.342,225.783,-40.166,42.389,0.384,-3.123,1.419,18.984,4.083,-8.562000000000001,-5.941,-6.777,0.051,1.044,-4.5760000000000005,-2.728,3.105,-3.632,-1.3630000000000002,1.865,-2.214,-0.324,-1.146,0.5529999999999999,2.351,-1.936,1.003,0.985,1.218,-0.501,-0.251,-0.016,0.109,0.064,0.016,-0.124,0.11,0.0,0.0,0.0,1.22,0.7,0.0,2.25,2.67,1.01,0.02,0.04,0.01,0.0,0.43,0.44,0.0,0.0,0.0,0.0,0.0,1.0,1.0,0.0,1.0,1.0,1.0,0.0,0.0,0.0,0.0,1.0,0.0,0.0,0.0
21,0,0.667,0.98,1,0.26749,0.5059819999999999,-0.820019,0.141764,0.5234979999999999,-0.840151,0.242,0.555,373.2,375.0,378.9,382.6,384.0,382.4,378.4,374.7,364.7,368.1,372.6,377.5,381.8,384.4,385.8,383.5,380.1,376.1,371.8,367.8,376.6,378.2,379.9,380.6,380.0,378.4,376.7,376.0,428.2,430.3,434.5,438.6,440.0,437.9,433.7,429.2,422.1,425.2,429.3,434.2,438.4,441.3,442.9,440.8,437.9,434.1,429.6,425.4,431.6,433.5,435.6,436.5,435.9,433.9,431.9,430.9,185.7,181.4,179.5,181.1,185.2,189.7,191.3,189.8,186.4,184.9,184.1,183.7,184.3,185.7,187.7,189.4,190.3,190.5,190.0,188.6,187.2,187.8,187.0,185.2,183.5,182.8,183.6,185.4,187.8,183.2,181.1,182.8,187.2,191.8,193.9,192.5,189.7,187.3,185.7,185.1,185.5,186.2,187.7,189.8,191.2,192.0,191.8,191.1,189.6,190.4,189.4,187.2,185.0,184.2,185.2,187.4,47.6,49.3,53.3,57.2,58.7,57.2,53.0,49.1,39.4,42.6,46.9,51.8,56.2,59.1,60.7,58.2,54.7,50.5,46.3,42.4,51.2,52.8,54.5,55.3,54.6,53.0,51.3,50.5,97.6,99.5,103.8,108.0,109.7,107.8,103.5,98.9,92.0,94.7,98.4,103.2,107.7,111.1,113.3,110.8,107.5,103.5,99.1,95.1,101.3,103.3,105.4,106.3,105.5,103.4,101.4,100.5,-172.1,-176.3,-178.6,-177.6,-173.9,-169.6,-167.4,-168.5,-172.2,-173.1,-173.5,-173.9,-173.9,-173.3,-172.1,-169.9,-168.4,-167.7,-168.2,-169.7,-171.4,-170.9,-171.9,-173.7,-175.3,-175.7,-174.7,-173.0,-162.9,-167.1,-169.5,-168.6,-164.8,-160.5,-158.2,-159.0,-161.4,-163.2,-164.5,-165.3,-165.7,-166.1,-165.7,-162.9,-160.8,-159.5,-159.3,-160.0,-162.0,-161.5,-162.6,-164.7,-166.5,-167.0,-165.8,-163.8,621.0,620.9,622.2,624.2,625.6,626.1,624.3,622.4,624.0,621.7,620.2,620.3,622.5,625.4,628.3,626.3,623.9,622.4,622.2,622.9,623.6,624.5,625.0,625.0,624.4,623.6,623.0,623.0,594.7,594.3,595.8,598.1,599.9,600.2,598.8,596.7,595.9,594.3,593.6,594.3,597.0,600.8,604.6,601.9,599.1,596.8,595.7,595.7,597.7,598.8,599.4,599.3,598.4,597.3,596.6,596.8,78.6,-138.9,658.6,0.514,-0.146,0.049,319.1,317.9,319.0,323.4,334.1,348.7,363.3,378.9,394.5,408.9,419.8,429.8,438.1,444.9,449.9,453.4,454.9,350.0,362.6,376.2,388.4,399.0,424.0,433.1,441.9,450.2,454.5,411.4,411.8,412.5,413.0,392.2,399.9,407.5,414.4,419.8,364.3,372.7,381.1,387.2,379.9,371.6,422.2,430.0,437.7,442.2,437.3,430.1,370.2,384.4,396.2,402.6,409.4,416.1,420.8,414.3,406.7,399.7,392.5,382.0,374.3,395.3,401.9,408.6,417.5,407.5,400.7,393.9,178.0,199.6,221.8,243.7,264.6,282.2,296.3,305.8,306.6,301.5,287.3,271.3,254.8,238.4,222.0,204.9,187.3,171.9,165.4,164.3,167.7,173.5,173.6,169.4,167.5,168.2,174.2,186.5,201.3,215.9,230.8,233.1,237.2,240.6,238.0,234.3,186.5,183.1,183.7,188.3,190.1,189.7,189.2,185.4,185.6,189.2,191.8,191.5,251.4,249.6,249.8,251.8,250.1,250.8,252.9,264.2,268.8,270.1,268.9,263.7,252.7,254.4,255.5,254.2,254.3,260.4,262.2,261.3,-6.2,-7.6,-6.5,-1.8,9.9,25.7,41.1,57.4,74.4,91.2,105.2,117.3,126.5,133.1,137.5,140.6,141.9,24.7,37.1,50.5,62.5,73.2,99.4,109.6,119.9,130.0,136.3,86.3,86.3,86.5,86.7,67.4,75.0,82.6,90.1,96.3,39.2,47.5,56.0,62.4,54.8,46.3,99.8,108.1,116.6,122.3,116.3,108.2,46.7,60.6,72.4,79.1,86.7,94.8,101.7,93.1,84.2,76.4,68.9,58.3,50.8,71.6,78.5,86.0,97.7,85.2,77.5,70.4,-192.7,-171.9,-149.9,-126.8,-103.8,-84.4,-68.5,-57.8,-57.2,-63.6,-80.6,-99.3,-117.6,-135.0,-152.0,-169.9,-188.7,-186.4,-192.0,-192.9,-189.8,-184.3,-187.0,-193.4,-197.3,-199.2,-195.5,-173.4,-157.8,-142.4,-127.2,-127.3,-123.0,-119.6,-123.0,-127.6,-172.9,-176.1,-176.2,-172.2,-169.6,-169.4,-175.4,-179.8,-180.4,-178.2,-174.3,-173.6,-112.3,-112.7,-112.1,-110.4,-112.8,-113.6,-113.7,-99.9,-94.0,-91.9,-92.9,-98.4,-110.8,-107.6,-106.8,-108.9,-111.7,-102.8,-100.2,-100.9,665.8,674.0,682.0,686.2,684.5,681.9,676.2,670.0,673.9,684.0,697.6,704.4,703.3,698.1,692.6,688.8,687.2,623.3,620.3,620.1,620.7,621.5,631.1,637.9,644.7,652.9,661.6,628.6,625.2,621.8,619.4,630.8,629.5,630.1,633.9,638.5,626.5,626.3,628.5,630.8,627.9,625.7,645.7,647.5,650.7,656.2,651.5,647.8,650.3,641.9,639.6,641.4,645.5,654.5,667.5,656.2,648.2,643.3,641.5,642.5,649.3,640.9,642.7,647.4,664.2,649.3,644.3,642.8,0.966,0.3229999999999999,-0.25,0.099,400.173,226.189,-42.56,41.373000000000005,-0.345,1.681,0.235,17.793,6.374,-8.088,-5.105,-9.302,0.104,0.76,-3.556,-2.443,2.766,-3.655,-1.46,1.803,-2.283,-0.795,-1.354,0.645,2.504,-1.976,0.8759999999999999,1.159,1.324,-0.482,-0.273,-0.013,0.113,0.049,0.0289999999999999,-0.114,0.11,0.0,0.0,0.05,1.18,0.86,0.0,2.23,2.47,0.83,0.2,0.12,0.01,0.0,0.52,0.93,0.0,0.0,0.0,0.0,0.0,1.0,1.0,0.0,1.0,1.0,1.0,1.0,0.0,0.0,0.0,1.0,1.0,0.0,0.0
22,0,0.701,0.98,1,0.272284,0.5032770000000001,-0.820106,0.152271,0.521313,-0.83967,0.25,0.5529999999999999,372.9,374.6,378.6,382.4,383.9,382.2,378.2,374.3,364.3,367.7,372.2,377.1,381.4,384.1,385.6,383.2,379.8,375.7,371.4,367.4,376.3,378.0,379.6,380.4,379.8,378.1,376.5,375.7,428.1,430.1,434.3,438.2,439.6,437.6,433.4,429.0,421.9,425.0,429.0,433.9,438.0,440.8,442.3,440.3,437.4,433.7,429.4,425.2,431.4,433.2,435.2,436.2,435.5,433.6,431.7,430.7,184.9,180.6,178.7,180.2,184.4,188.9,190.6,189.1,185.5,184.0,183.3,182.9,183.6,184.9,186.9,188.6,189.5,189.7,189.1,187.8,186.4,187.1,186.2,184.4,182.6,182.0,182.8,184.6,186.9,182.4,180.4,182.1,186.5,191.0,193.0,191.6,188.8,186.5,185.0,184.4,184.8,185.4,186.9,189.0,190.5,191.2,191.0,190.2,188.7,189.5,188.5,186.4,184.3,183.5,184.5,186.6,46.9,48.6,52.5,56.5,58.0,56.5,52.3,48.4,38.6,41.8,46.1,51.0,55.4,58.3,60.0,57.5,53.9,49.7,45.5,41.6,50.5,52.1,53.8,54.6,53.9,52.2,50.5,49.8,99.1,101.0,105.3,109.5,111.2,109.3,104.9,100.3,93.4,96.1,99.9,104.7,109.1,112.5,114.7,112.3,108.9,104.9,100.5,96.5,102.8,104.8,106.8,107.7,107.0,105.0,102.9,102.0,-171.3,-175.5,-177.8,-176.8,-173.2,-168.8,-166.7,-167.7,-171.6,-172.4,-172.7,-173.1,-173.1,-172.5,-171.4,-169.2,-167.7,-167.0,-167.5,-169.1,-170.6,-170.2,-171.2,-173.0,-174.5,-175.0,-174.0,-172.2,-166.4,-170.7,-173.1,-172.2,-168.4,-164.1,-161.7,-162.5,-165.0,-166.8,-168.0,-168.8,-169.2,-169.6,-169.2,-166.4,-164.2,-162.9,-162.8,-163.5,-165.6,-165.1,-166.2,-168.3,-170.0,-170.5,-169.4,-167.4,615.5,615.4,616.7,618.6,620.1,620.6,618.9,617.0,618.6,616.2,614.7,614.8,617.0,619.8,622.7,620.8,618.3,616.9,616.7,617.4,618.2,619.0,619.6,619.5,618.9,618.1,617.5,617.6,604.8,604.6,606.1,608.4,610.3,610.5,609.0,606.9,606.0,604.5,603.8,604.6,607.2,611.0,614.8,612.2,609.3,607.0,605.8,605.8,607.9,609.0,609.7,609.6,608.7,607.6,606.9,607.0,77.5,-136.6,650.1,0.493,-0.159,0.05,319.0,317.6,318.8,323.4,334.3,348.7,362.7,378.1,393.4,407.6,418.4,428.3,436.8,444.0,449.3,453.3,455.1,349.8,362.5,375.9,387.9,398.3,424.0,433.0,441.8,450.0,454.4,410.9,411.6,412.4,413.1,392.5,400.1,407.6,414.4,419.7,363.9,372.3,380.8,387.1,379.6,371.2,421.8,429.7,437.4,442.0,437.0,429.7,371.6,385.4,396.9,403.1,409.8,416.2,420.3,414.3,407.0,400.1,393.0,383.0,375.9,395.8,402.3,408.8,417.0,407.7,401.1,394.4,177.9,199.9,222.5,244.8,266.1,284.2,298.9,308.9,310.1,305.2,291.0,274.3,257.1,239.9,222.6,204.7,186.5,170.8,164.2,163.4,166.8,172.5,172.7,168.4,166.6,167.1,173.2,185.5,200.4,215.1,230.2,232.9,236.9,240.3,237.7,234.0,185.7,182.4,182.9,187.3,189.3,188.9,188.3,184.6,185.0,188.4,191.0,190.7,253.5,250.5,250.0,252.0,250.3,251.7,254.9,266.5,271.0,272.2,271.1,265.9,254.7,255.2,256.2,255.0,256.1,261.8,263.5,262.5,-6.3,-7.9,-6.7,-1.7,10.0,25.3,39.9,55.8,72.4,88.7,102.4,114.4,123.6,130.5,135.2,138.7,140.2,24.2,36.4,49.6,61.3,71.6,98.1,108.3,118.4,128.4,134.6,84.8,85.0,85.3,85.6,66.8,74.2,81.6,88.9,94.9,38.3,46.5,55.0,61.5,53.8,45.4,98.2,106.5,114.9,120.6,114.7,106.6,47.4,60.7,72.0,78.5,85.7,93.5,99.6,91.8,83.3,75.8,68.5,58.3,51.7,71.1,77.8,85.0,95.6,84.1,76.8,69.9,-189.6,-168.9,-146.8,-123.8,-100.6,-80.9,-64.7,-53.7,-52.8,-58.9,-75.6,-94.8,-113.7,-131.7,-149.4,-167.8,-186.8,-184.9,-190.5,-191.3,-188.3,-183.1,-185.7,-192.1,-196.0,-198.0,-194.3,-172.3,-156.7,-141.4,-126.2,-125.7,-121.5,-118.3,-121.7,-126.3,-171.4,-174.6,-174.8,-171.0,-168.3,-168.0,-174.2,-178.4,-179.0,-176.9,-173.0,-172.3,-108.5,-110.0,-110.2,-108.5,-110.8,-111.0,-109.8,-96.1,-90.5,-88.6,-89.5,-94.7,-107.1,-105.3,-104.6,-106.5,-108.0,-100.0,-97.5,-98.2,654.9,663.3,671.5,675.7,674.1,671.6,666.6,661.2,665.5,675.6,689.1,696.0,695.0,689.6,684.0,679.6,677.4,614.3,611.8,612.0,613.0,614.1,623.6,630.6,637.4,645.6,654.2,620.9,617.4,613.9,611.3,622.2,620.9,621.6,625.5,630.4,618.3,618.3,620.6,622.8,620.0,617.8,638.0,639.9,643.1,648.5,643.9,640.1,640.4,631.8,630.0,631.8,635.7,644.4,657.0,646.4,639.4,634.6,632.8,633.0,639.3,631.8,633.4,638.0,653.6,640.1,635.2,633.6,0.979,0.308,-0.264,0.098,400.073,226.653,-46.335,39.764,-2.576,7.92,-3.398,15.17,8.147,-7.311,-4.19,-14.095999999999998,-0.22,0.009,-4.042,-2.482,3.954,-4.5760000000000005,-1.378,0.914,-2.003,-1.7180000000000002,-1.301,0.322,2.914,-1.767,0.652,1.6269999999999998,1.536,-0.481,-0.317,-0.035,0.1159999999999999,-0.008,0.027,-0.102,0.07,0.0,0.0,0.11,1.18,1.12,0.0,2.05,2.28,0.79,0.46,0.23,0.0,0.0,0.43,1.57,0.0,0.0,0.0,0.0,0.0,1.0,1.0,0.0,1.0,1.0,0.0,1.0,0.0,0.0,0.0,1.0,1.0,0.0,0.0
23,0,0.7340000000000001,0.98,1,0.261829,0.488838,-0.8321559999999999,0.138449,0.512984,-0.84716,0.2339999999999999,0.5379999999999999,372.8,374.4,378.2,382.0,383.5,382.1,378.1,374.3,364.6,367.8,372.2,377.0,381.2,383.9,385.4,383.1,379.8,375.8,371.6,367.6,376.2,377.8,379.5,380.1,379.5,377.9,376.3,375.6,427.7,429.8,434.2,438.2,439.6,437.4,433.1,428.6,421.8,425.0,429.0,434.0,438.2,441.1,442.7,440.6,437.5,433.7,429.3,425.1,431.0,433.0,435.2,436.2,435.6,433.5,431.4,430.3,184.2,179.9,178.0,179.6,183.6,188.1,189.8,188.3,185.2,183.5,182.6,182.2,182.8,184.2,186.3,187.8,188.6,188.8,188.4,187.2,185.7,186.3,185.5,183.7,182.0,181.3,182.1,183.9,186.1,181.6,179.6,181.4,185.9,190.4,192.4,190.8,188.2,185.8,184.3,183.7,184.1,184.8,186.2,188.3,189.7,190.4,190.2,189.5,188.1,188.9,188.0,185.7,183.5,182.6,183.6,185.9,48.0,49.7,53.6,57.6,59.2,57.8,53.6,49.7,39.9,43.1,47.3,52.2,56.6,59.6,61.3,58.8,55.3,51.1,46.9,42.9,51.7,53.4,55.0,55.7,55.0,53.4,51.7,51.0,97.2,99.1,103.5,107.7,109.3,107.4,103.0,98.3,91.8,94.6,98.3,103.1,107.5,110.9,113.2,110.7,107.3,103.2,98.9,94.9,100.8,102.9,105.1,106.0,105.2,103.1,101.0,100.0,-176.7,-180.9,-183.2,-182.2,-178.4,-174.0,-171.8,-172.9,-176.5,-177.5,-178.0,-178.5,-178.5,-177.8,-176.5,-174.3,-172.9,-172.3,-172.7,-174.1,-175.8,-175.4,-176.4,-178.2,-179.8,-180.3,-179.3,-177.5,-164.5,-168.7,-170.9,-169.9,-166.1,-161.9,-159.7,-160.6,-163.0,-164.8,-166.0,-166.7,-167.1,-167.5,-167.1,-164.4,-162.3,-161.0,-161.0,-161.7,-163.5,-163.0,-164.0,-166.1,-168.0,-168.5,-167.4,-165.4,631.9,632.0,633.3,635.1,636.3,636.6,634.9,633.1,634.9,632.6,631.1,631.2,633.3,636.1,638.9,636.9,634.4,633.0,632.8,633.6,634.4,635.2,635.8,635.8,635.3,634.5,633.9,633.9,595.1,594.8,596.1,598.3,600.1,600.5,599.2,597.2,596.6,594.9,594.2,594.8,597.4,601.1,604.9,602.3,599.5,597.3,596.3,596.3,598.1,599.1,599.8,599.6,598.7,597.6,597.0,597.2,77.4,-136.2,648.7,0.469,-0.168,0.049,319.3,317.7,318.8,323.6,334.7,349.0,362.8,377.9,393.0,406.9,417.7,427.5,436.2,443.5,449.1,453.3,455.4,349.9,362.5,375.8,387.7,398.0,423.5,432.6,441.4,449.8,454.5,410.5,411.2,412.1,412.8,392.7,400.2,407.6,414.2,419.4,363.9,372.3,380.7,387.2,379.7,371.2,421.8,429.7,437.4,442.1,437.1,429.8,372.4,386.1,397.6,403.6,410.0,416.4,420.2,414.5,407.2,400.6,393.7,383.6,376.9,396.5,402.7,408.9,416.9,407.8,401.5,395.0,178.4,200.7,223.7,246.2,267.6,285.7,300.3,310.0,311.2,306.5,292.7,276.0,258.5,240.9,223.1,204.9,186.2,170.5,163.7,162.9,166.1,171.6,171.8,167.7,165.8,166.5,172.9,184.5,199.1,213.7,228.6,232.2,236.0,239.3,236.6,233.0,185.1,181.7,182.2,186.6,188.6,188.2,187.5,183.9,184.3,187.8,190.4,190.0,254.5,250.6,249.5,251.5,249.8,251.6,255.6,267.6,272.1,273.3,272.3,267.2,255.5,255.1,255.9,254.9,256.8,262.4,264.0,263.1,-5.9,-7.7,-6.5,-1.5,10.3,25.5,39.8,55.4,71.7,87.7,101.1,113.1,122.5,129.6,134.6,138.4,140.1,24.3,36.4,49.5,61.1,71.3,97.7,107.9,118.0,128.1,134.5,84.4,84.6,84.9,85.2,66.8,74.0,81.4,88.6,94.5,38.2,46.4,55.0,61.5,53.8,45.3,98.0,106.3,114.8,120.5,114.6,106.5,48.1,61.2,72.5,78.7,85.5,93.2,99.0,91.7,83.3,76.1,68.9,58.9,52.6,71.6,78.0,84.8,95.1,84.0,77.0,70.4,-188.2,-167.1,-144.7,-121.6,-98.5,-78.9,-62.9,-52.3,-51.4,-57.3,-73.5,-92.7,-111.8,-130.3,-148.5,-167.3,-186.8,-184.9,-190.7,-191.7,-189.0,-184.1,-186.7,-192.9,-196.8,-198.5,-194.4,-173.2,-157.7,-142.6,-127.5,-126.0,-122.0,-119.0,-122.5,-127.1,-171.7,-175.1,-175.3,-171.5,-168.8,-168.5,-174.8,-178.9,-179.5,-177.3,-173.5,-172.8,-107.1,-109.5,-110.3,-108.6,-110.9,-110.6,-108.6,-94.7,-89.1,-87.2,-88.1,-93.2,-105.8,-105.1,-104.5,-106.3,-106.8,-99.0,-96.7,-97.3,651.6,659.7,667.9,672.1,670.5,668.1,663.2,658.5,663.0,673.2,686.4,693.6,692.9,687.8,682.5,678.2,676.0,613.4,611.2,611.7,613.1,614.4,623.9,630.9,637.5,645.3,653.4,620.5,616.7,613.1,610.2,620.2,619.1,620.0,624.2,629.3,617.5,617.7,620.0,622.1,619.4,617.1,637.2,639.0,642.4,647.6,643.0,639.2,638.2,629.5,627.7,629.4,633.2,641.9,654.3,644.4,637.7,633.2,631.3,631.2,637.1,629.8,631.4,635.8,651.0,638.1,633.4,631.8,0.982,0.288,-0.276,0.095,400.107,226.691,-50.639,37.4,-3.162,10.532,-4.722,12.617,9.608,-7.773,-3.278,-16.503,0.272,-0.14,-3.3680000000000003,-3.1210000000000004,3.38,-4.204,-1.2009999999999998,0.605,-0.956,-1.375,0.073,-0.437,2.835,-1.729,0.7609999999999999,1.889,1.642,-0.562,-0.351,-0.051,0.147,0.005,0.021,-0.09,0.0,0.0,0.0,0.11,1.3,1.7,0.06,1.85,2.05,0.77,0.58,0.22,0.0,0.0,0.46,1.99,0.0,0.0,0.0,0.0,0.0,1.0,1.0,0.0,1.0,1.0,0.0,1.0,0.0,0.0,0.0,1.0,1.0,0.0,0.0
24,0,0.767,0.98,1,0.249993,0.456017,-0.854138,0.1346099999999999,0.50343,-0.8534860000000001,0.222,0.512,372.5,374.1,377.8,381.5,383.0,381.6,377.7,374.0,365.0,367.8,371.8,376.5,380.8,383.5,385.1,382.7,379.4,375.5,371.5,367.8,376.0,377.5,379.1,379.8,379.1,377.6,376.0,375.3,427.5,429.3,433.3,437.1,438.5,436.7,432.7,428.5,422.3,424.9,428.4,432.8,436.9,440.0,442.0,439.8,436.7,432.9,428.8,425.1,430.8,432.6,434.6,435.4,434.8,432.9,431.0,430.1,183.2,179.3,177.5,179.0,182.8,187.0,188.5,187.0,184.6,183.2,182.5,182.0,182.6,183.8,185.7,187.1,187.8,188.1,187.7,186.6,184.6,185.2,184.5,182.8,181.2,180.6,181.3,183.0,185.3,181.2,179.6,181.3,185.4,189.5,191.1,189.6,187.3,185.4,184.2,183.7,184.2,184.9,186.2,187.8,188.7,189.1,188.9,188.3,187.2,188.0,187.2,185.3,183.3,182.5,183.3,185.2,50.0,51.7,55.7,59.7,61.4,59.9,55.7,51.7,42.4,45.2,49.2,54.2,58.8,61.9,63.9,61.2,57.5,53.3,49.1,45.3,53.9,55.5,57.2,57.9,57.2,55.5,53.9,53.1,109.6,111.6,116.0,120.3,122.0,120.1,115.6,111.0,104.4,106.9,110.5,115.2,119.9,123.9,126.6,123.7,119.9,115.6,111.2,107.3,113.6,115.6,117.8,118.7,117.9,115.8,113.7,112.8,-186.2,-190.3,-192.4,-191.3,-187.5,-183.3,-181.3,-182.5,-185.9,-186.6,-186.8,-187.2,-187.1,-186.5,-185.3,-183.3,-181.9,-181.4,-181.9,-183.4,-185.3,-184.9,-185.7,-187.5,-189.1,-189.6,-188.7,-186.9,-187.0,-191.2,-193.2,-191.7,-187.6,-183.3,-181.4,-182.7,-185.4,-186.9,-187.9,-188.3,-188.4,-188.5,-188.1,-185.7,-183.9,-183.1,-183.2,-184.0,-185.5,-184.8,-185.7,-187.8,-189.8,-190.5,-189.5,-187.5,662.5,662.2,663.1,664.5,665.6,666.3,665.0,663.6,666.6,663.8,661.8,661.3,663.1,665.7,668.4,666.7,664.6,663.7,663.9,665.1,664.6,665.2,665.6,665.5,665.0,664.4,664.0,664.1,672.8,672.7,673.6,675.0,676.1,676.2,675.3,674.2,675.1,673.3,672.0,672.0,674.0,677.2,680.6,678.0,675.4,673.7,673.3,674.1,675.0,675.7,676.1,676.0,675.5,674.8,674.4,674.5,77.4,-137.0,650.9,0.452,-0.175,0.046,319.3,317.6,318.5,323.2,334.4,349.0,362.9,378.0,393.0,406.8,417.5,427.2,435.9,443.3,448.9,453.2,455.3,350.1,362.6,375.9,387.5,397.7,422.5,431.7,440.5,449.0,453.8,410.0,410.8,411.6,412.4,392.5,400.0,407.4,414.0,419.2,363.9,372.1,380.3,386.7,379.4,371.3,421.5,429.2,436.7,441.3,436.3,429.3,372.6,386.1,397.5,403.6,409.9,416.3,420.0,414.5,407.2,400.6,393.7,383.7,377.1,396.4,402.7,408.8,416.7,407.7,401.4,395.0,179.1,201.5,224.7,247.1,268.5,286.6,301.0,310.6,311.8,307.2,293.5,276.7,259.1,241.1,223.1,204.5,185.7,170.2,163.6,162.8,166.0,171.3,171.5,167.4,165.6,166.3,172.5,183.7,198.2,212.7,227.4,231.2,235.0,238.3,235.5,231.9,184.9,181.7,182.0,185.8,187.8,187.5,186.7,183.7,184.1,187.3,189.6,189.1,254.5,250.1,248.9,250.8,249.2,251.1,255.5,267.4,271.9,273.1,272.1,267.0,255.5,254.5,255.3,254.3,256.6,262.1,263.6,262.8,-5.9,-7.8,-6.9,-1.9,10.1,25.5,39.9,55.5,71.8,87.7,101.2,113.0,122.5,129.8,134.8,138.6,140.4,24.6,36.8,49.8,61.3,71.4,97.4,107.6,117.7,127.8,134.4,84.3,84.6,84.9,85.3,66.8,74.1,81.5,88.7,94.7,38.4,46.5,54.8,61.3,53.8,45.6,98.2,106.4,114.6,120.3,114.3,106.5,48.4,61.4,72.7,79.0,85.8,93.5,99.1,92.0,83.6,76.4,69.2,59.1,52.9,71.7,78.2,85.0,95.2,84.2,77.3,70.6,-187.7,-166.5,-144.0,-120.9,-97.7,-78.1,-62.2,-51.7,-50.8,-56.7,-72.7,-92.1,-111.5,-130.4,-149.0,-168.1,-187.8,-185.9,-191.8,-192.8,-190.3,-185.5,-188.2,-194.3,-198.1,-199.8,-195.6,-174.8,-159.4,-144.4,-129.3,-127.5,-123.5,-120.5,-124.1,-128.7,-172.6,-175.9,-176.3,-173.1,-170.4,-170.0,-176.4,-180.0,-180.4,-178.5,-175.0,-174.5,-107.4,-110.3,-111.3,-109.7,-112.0,-111.6,-109.0,-95.2,-89.7,-87.8,-88.6,-93.6,-106.2,-106.0,-105.4,-107.2,-107.3,-99.7,-97.4,-98.0,652.7,660.8,669.2,673.5,671.5,668.7,663.2,658.5,663.5,674.3,687.9,695.4,695.1,690.1,684.4,679.8,677.6,616.0,614.1,615.0,616.9,618.2,627.8,634.7,641.1,648.6,656.3,623.6,619.8,616.2,613.4,622.4,621.3,622.4,626.9,632.1,619.9,620.6,623.0,625.0,622.1,619.8,640.2,642.0,645.3,650.1,645.8,642.1,639.9,631.5,630.0,631.8,635.7,644.3,656.1,646.6,640.1,635.5,633.6,633.2,638.8,632.0,633.6,638.1,652.9,640.4,635.7,634.0,0.978,0.272,-0.284,0.091,399.894,226.462,-54.784,36.827,-3.609,9.496,-6.734,12.889,10.595999999999998,-8.67,-2.071,-17.46,1.215,-1.152,-3.24,-3.442,2.962,-3.669,-1.881,-0.294,-1.208,-1.705,0.738,-0.5539999999999999,3.215,-2.03,0.455,2.207,1.589,-0.633,-0.35,-0.062,0.195,0.0,0.022,-0.025,0.0,0.0,0.14,0.05,1.53,2.23,0.3,1.7,1.98,0.87,0.48,0.2,0.0,0.0,0.37,2.34,0.0,0.0,0.0,0.0,0.0,1.0,1.0,0.0,1.0,1.0,0.0,1.0,0.0,0.0,0.0,1.0,1.0,0.0,0.0
25,0,0.8009999999999999,0.98,1,0.176663,0.585851,-0.790929,0.033852,0.538858,-0.841716,0.128,0.603,370.7,372.4,376.5,380.6,382.3,380.9,376.5,372.4,365.2,367.9,371.4,375.7,380.0,383.3,385.8,383.1,379.4,375.1,371.2,367.8,374.6,376.5,378.3,379.1,378.3,376.5,374.6,373.9,425.6,427.5,431.2,434.5,435.4,433.4,429.7,426.2,422.1,424.4,427.4,431.1,434.9,438.0,440.4,437.8,434.6,431.0,427.3,424.2,428.8,430.2,431.8,432.6,432.2,430.8,429.2,428.4,185.9,181.8,180.0,181.7,185.9,190.3,191.8,190.1,185.8,184.9,184.5,184.2,184.4,185.1,186.3,187.9,188.6,188.9,188.4,187.4,187.7,188.5,187.7,185.8,183.9,183.2,183.9,185.8,186.5,183.2,182.2,184.2,188.0,191.3,192.3,190.5,186.9,186.4,186.2,186.4,187.3,188.2,189.3,190.0,190.1,189.7,189.0,188.3,188.6,189.4,189.0,187.6,185.9,185.1,185.5,186.9,49.3,51.1,55.5,59.9,61.8,60.3,55.6,51.1,43.6,46.4,50.0,54.5,59.1,62.9,65.7,62.7,58.5,53.9,49.8,46.3,53.6,55.6,57.6,58.4,57.6,55.6,53.6,52.8,123.9,126.3,130.8,134.7,135.9,133.5,129.1,124.8,120.1,122.5,125.9,130.4,135.2,139.4,142.9,139.2,134.8,130.3,125.9,122.3,128.0,129.7,131.7,132.7,132.2,130.5,128.5,127.5,-187.6,-192.0,-193.8,-192.0,-187.7,-183.2,-181.6,-183.3,-188.8,-188.9,-188.8,-188.8,-188.8,-188.5,-187.8,-185.6,-184.4,-184.0,-184.8,-186.4,-186.1,-185.3,-186.1,-188.0,-190.0,-190.8,-189.9,-188.0,-213.8,-217.8,-218.9,-216.4,-211.8,-207.7,-206.6,-209.0,-214.0,-214.0,-213.8,-213.2,-212.5,-211.9,-211.3,-209.7,-209.1,-209.3,-210.3,-211.8,-211.4,-210.3,-210.8,-212.6,-214.6,-215.7,-215.2,-213.4,677.9,677.3,677.1,677.5,678.2,679.1,678.9,678.6,681.7,678.8,676.6,675.5,676.1,677.8,679.9,678.3,676.6,676.3,677.4,679.4,679.1,679.3,679.2,678.9,678.6,678.5,678.5,678.8,775.0,774.7,774.4,774.2,774.3,774.5,774.9,775.4,777.6,775.4,773.4,772.6,773.5,775.7,778.5,775.9,773.8,772.9,773.6,775.5,775.7,775.6,775.4,775.3,775.3,775.4,775.5,775.7,77.9,-138.5,658.3,0.418,-0.174,0.04,318.8,317.4,318.2,322.9,334.4,349.3,363.3,378.3,392.9,406.8,417.7,427.5,436.0,443.2,448.6,452.7,454.6,349.6,362.0,375.4,387.2,397.7,420.6,429.6,438.3,447.0,452.3,409.3,410.2,411.2,412.1,392.1,399.7,407.2,413.9,419.1,364.1,372.2,379.7,386.0,379.1,371.7,420.5,428.1,435.0,439.8,434.5,428.0,372.6,386.1,397.4,403.5,409.8,416.1,419.9,414.3,407.2,400.7,393.8,383.8,377.0,396.4,402.6,408.7,416.6,407.7,401.5,395.1,180.3,202.8,226.0,248.4,269.6,287.3,301.4,310.7,312.0,307.4,293.9,277.2,259.4,241.2,223.0,204.6,186.0,171.4,164.5,163.5,166.7,172.0,172.3,168.6,166.9,167.4,173.5,184.2,198.1,211.8,226.0,230.0,233.9,237.2,234.4,230.9,186.0,183.9,184.0,186.3,188.3,188.2,187.4,186.0,186.7,189.0,190.6,189.9,253.6,249.2,248.1,250.1,248.5,250.5,255.0,266.4,270.7,271.9,270.8,266.0,254.6,253.6,254.5,253.6,255.9,260.9,262.4,261.6,-6.6,-8.1,-7.3,-2.3,10.2,26.1,40.7,56.3,72.4,88.6,102.5,114.6,124.1,131.2,136.1,139.9,141.8,24.6,36.8,50.2,62.1,72.7,96.9,107.3,117.4,127.9,134.9,84.9,85.2,85.6,86.1,67.3,74.7,82.3,89.7,95.8,39.2,47.3,55.0,61.6,54.3,46.7,98.8,107.0,114.7,120.4,114.1,106.8,48.9,62.0,73.4,79.8,86.7,94.4,100.1,92.8,84.5,77.3,70.0,59.8,53.4,72.5,79.1,85.9,96.2,85.2,78.2,71.4,-189.5,-167.6,-144.6,-121.1,-97.7,-78.1,-62.4,-52.1,-51.2,-57.0,-73.1,-92.6,-112.4,-131.9,-150.9,-170.3,-190.4,-188.1,-194.3,-195.5,-192.9,-187.9,-190.4,-196.4,-200.1,-201.9,-197.8,-177.0,-162.0,-147.2,-132.4,-130.3,-126.2,-123.0,-126.8,-131.5,-174.1,-176.5,-177.2,-175.2,-172.4,-171.8,-178.4,-180.5,-180.6,-179.4,-176.5,-176.3,-109.4,-112.5,-113.4,-111.7,-114.0,-113.4,-110.8,-97.2,-91.8,-89.9,-90.7,-95.7,-108.2,-108.1,-107.5,-109.2,-109.3,-102.0,-99.7,-100.2,663.3,670.7,678.8,682.6,679.4,675.8,669.3,664.2,670.1,681.3,695.5,703.1,702.9,698.1,692.8,689.1,688.2,627.3,625.2,625.8,627.6,628.5,637.8,645.2,651.7,659.3,666.8,633.3,629.0,625.0,621.7,630.2,629.1,630.1,634.9,640.3,629.5,630.6,633.0,634.5,631.4,629.1,650.1,652.3,655.3,659.7,655.3,651.8,646.9,638.8,637.5,639.2,643.3,651.6,663.6,653.4,646.8,641.8,639.9,639.8,645.8,639.1,640.8,645.5,660.5,647.3,642.3,640.7,0.966,0.238,-0.284,0.081,399.513,226.597,-50.93,38.736,-2.2880000000000003,6.716,-9.25,11.582,10.855,-11.550999999999998,-2.935,-18.25,0.371,-1.362,-3.921,-3.404,1.8,-4.787,-4.151,-1.5719999999999998,-2.9560000000000004,-2.774,1.601,-1.336,4.603,-2.926,-0.682,2.8710000000000004,0.938,-0.777,-0.198,-0.195,0.123,0.066,-0.026,-0.006,0.0,0.0,0.31,0.0,1.68,2.45,0.52,1.64,1.93,0.85,0.36,0.1,0.0,0.0,0.38,2.28,0.08,0.0,0.0,0.0,0.0,1.0,1.0,0.0,1.0,1.0,0.0,1.0,0.0,0.0,0.0,1.0,1.0,0.0,1.0
26,0,0.8340000000000001,0.98,1,0.171253,0.574492,-0.8003939999999999,-0.036342,0.544916,-0.8377030000000001,0.0819999999999999,0.599,369.1,371.0,375.4,379.8,381.6,379.9,375.3,370.9,362.1,365.9,370.3,375.1,379.5,382.8,385.0,382.7,379.1,374.7,370.1,365.7,373.0,375.1,377.1,378.0,377.2,375.1,373.0,372.2,423.4,425.6,429.4,432.6,433.3,431.1,427.3,423.8,420.7,423.2,426.4,430.1,433.7,436.5,438.5,436.1,433.0,429.6,426.0,422.8,426.5,427.9,429.6,430.5,430.2,428.8,427.2,426.2,187.5,182.8,180.7,182.6,187.2,192.2,193.9,192.1,187.5,186.4,185.8,185.4,185.5,186.1,187.2,189.3,190.3,190.8,190.5,189.4,189.5,190.3,189.4,187.2,185.0,184.2,185.1,187.3,188.0,184.7,184.0,186.2,190.1,193.4,194.1,192.1,187.4,187.3,187.5,188.3,189.4,190.4,191.5,192.3,192.3,191.8,190.7,189.3,190.2,191.2,190.9,189.4,187.7,186.8,187.1,188.6,42.2,44.0,48.3,52.6,54.4,52.9,48.3,44.0,35.6,39.2,43.3,47.9,52.2,55.6,58.0,55.5,51.9,47.5,43.1,39.0,46.1,48.1,50.2,51.0,50.2,48.1,46.1,45.3,119.9,122.5,127.1,131.0,132.0,129.4,124.8,120.6,116.9,119.6,123.3,127.8,132.3,136.2,139.2,135.8,131.6,127.2,122.8,119.1,123.9,125.6,127.6,128.8,128.3,126.6,124.6,123.5,-165.0,-169.5,-171.8,-170.4,-166.3,-161.6,-159.5,-160.9,-165.7,-166.1,-166.4,-166.9,-167.2,-167.3,-167.1,-164.4,-162.7,-161.8,-162.1,-163.4,-163.7,-163.1,-164.1,-166.3,-168.2,-168.8,-167.8,-165.7,-209.6,-213.5,-214.3,-211.7,-207.1,-203.2,-202.4,-204.9,-210.7,-210.4,-209.7,-208.7,-207.7,-207.2,-206.7,-205.0,-204.3,-204.5,-205.9,-208.0,-207.2,-206.1,-206.4,-208.1,-210.1,-211.2,-210.9,-209.2,601.6,601.6,602.7,604.1,605.1,605.5,604.1,602.6,604.0,602.0,600.9,601.0,602.8,605.4,608.1,605.7,603.0,601.5,601.4,602.4,603.9,604.5,605.0,605.0,604.5,603.9,603.4,603.4,766.6,766.0,765.7,765.9,766.4,767.0,767.3,767.5,767.9,766.0,764.6,764.3,765.8,768.3,771.4,768.7,766.3,764.8,764.8,766.3,767.6,767.7,767.6,767.3,767.1,767.0,767.1,767.4,77.8,-139.2,662.6,0.3979999999999999,-0.1669999999999999,0.034,318.1,316.9,317.8,322.7,334.4,349.5,363.5,378.5,393.0,406.8,417.6,427.7,436.3,443.3,448.3,451.8,453.3,349.1,361.6,375.0,386.8,397.4,419.3,428.3,436.9,445.5,450.8,408.4,409.4,410.5,411.6,391.7,399.2,406.6,413.3,418.5,362.9,371.1,378.5,385.1,378.0,370.6,419.2,426.9,433.7,438.6,433.3,426.7,372.1,385.8,397.3,403.2,409.3,415.8,419.6,413.9,406.7,400.4,393.6,383.4,376.4,396.2,402.3,408.3,416.3,407.3,401.2,394.9,181.2,203.6,226.8,249.2,270.1,287.5,301.1,310.2,311.5,306.8,293.6,277.1,259.4,241.2,223.0,204.8,186.6,172.1,165.3,164.2,167.1,172.2,172.5,169.1,167.7,168.7,174.9,185.1,198.2,211.2,224.7,229.7,233.3,236.4,233.9,230.6,187.5,185.5,185.5,187.8,189.8,189.7,188.9,187.6,188.4,190.6,192.2,191.5,253.2,248.6,247.2,249.2,247.7,250.0,254.5,266.2,270.5,271.6,270.6,265.6,254.1,252.9,253.8,253.0,255.4,260.7,262.1,261.4,-7.3,-8.7,-7.8,-2.5,10.3,26.6,41.4,57.0,73.1,89.4,103.2,115.5,125.1,132.2,136.8,140.3,141.9,24.3,36.9,50.3,62.4,73.0,96.4,106.9,117.2,127.7,134.9,84.7,85.1,85.6,86.2,67.3,74.7,82.4,89.7,95.8,38.3,46.7,54.4,61.2,53.7,46.1,98.2,106.7,114.4,120.3,113.9,106.4,48.8,62.1,73.7,79.9,86.7,94.6,100.5,92.9,84.5,77.4,70.2,59.8,53.2,72.8,79.2,86.0,96.6,85.2,78.3,71.7,-191.0,-168.7,-145.1,-121.3,-97.9,-78.6,-63.2,-53.0,-52.1,-58.1,-74.0,-93.3,-113.1,-132.7,-152.0,-171.7,-191.9,-189.5,-195.8,-197.0,-194.5,-189.5,-191.7,-197.6,-201.3,-202.8,-198.4,-177.7,-163.2,-149.0,-134.7,-131.5,-127.7,-124.7,-128.2,-132.7,-174.6,-176.8,-177.4,-175.4,-172.6,-172.0,-178.4,-180.6,-180.6,-179.4,-176.4,-176.3,-110.7,-113.9,-114.9,-113.2,-115.5,-114.7,-112.1,-98.1,-92.6,-90.8,-91.5,-96.7,-109.6,-109.5,-108.9,-110.5,-110.6,-102.8,-100.6,-101.1,671.7,678.3,685.5,688.4,684.9,681.5,675.3,670.1,676.2,687.1,700.7,707.6,706.9,702.4,698.0,695.7,695.7,634.2,632.5,632.8,634.2,634.8,642.9,651.1,658.4,666.6,674.3,639.2,634.4,629.8,626.0,634.8,633.8,634.6,639.3,644.6,636.3,637.1,639.4,640.6,637.6,635.4,656.1,658.6,661.6,666.0,661.3,657.7,651.7,643.0,641.1,642.7,646.9,655.3,668.3,657.4,650.5,645.7,643.8,644.2,650.7,642.8,644.4,649.0,665.2,651.2,646.2,644.6,0.958,0.218,-0.276,0.072,398.942,226.819,-45.097,40.61,0.672,6.742999999999999,-9.159,6.571000000000001,10.455,-13.133,-5.518,-19.265,-0.5870000000000001,-0.409,-5.38,-4.169,1.047,-4.86,-5.525,-1.644,-3.037,-3.29,1.056,-0.435,4.9030000000000005,-2.21,-1.547,2.398,0.498,-0.821,-0.221,-0.363,-0.088,0.119,-0.0559999999999999,0.062,0.0,0.0,0.53,0.0,1.7,2.43,0.67,1.61,1.94,0.72,0.37,0.09,0.0,0.0,0.36,2.09,0.08,0.0,0.0,0.0,0.0,1.0,1.0,0.0,1.0,1.0,0.0,1.0,0.0,0.0,0.0,1.0,1.0,0.0,1.0
27,0,0.868,0.98,1,0.156614,0.574745,-0.8032060000000001,-0.022703,0.548913,-0.835571,0.0819999999999999,0.601,367.1,369.1,374.0,378.9,381.0,379.4,374.2,369.2,360.5,364.2,368.5,373.5,378.5,382.4,385.3,382.4,378.1,373.2,368.4,364.1,371.6,374.0,376.4,377.4,376.4,374.0,371.6,370.6,422.3,424.2,428.1,431.8,433.0,431.1,427.2,423.2,418.9,422.1,425.8,429.8,433.0,435.3,436.7,435.1,432.7,429.6,425.7,421.7,425.6,427.2,428.9,429.7,429.1,427.6,425.9,425.1,187.3,182.2,180.1,182.1,187.1,192.5,194.3,192.3,187.4,186.0,185.2,184.6,184.7,185.6,187.0,188.8,189.6,190.1,189.8,189.0,189.7,190.7,189.6,187.2,184.7,183.7,184.8,187.3,188.1,184.2,183.0,185.2,189.5,193.4,194.6,192.7,187.4,186.8,186.7,187.3,188.6,189.8,191.4,192.2,192.2,191.7,190.6,189.4,190.5,191.5,190.9,189.3,187.4,186.4,187.0,188.6,38.1,39.9,44.4,48.9,50.8,49.3,44.5,40.0,32.3,35.5,39.3,43.8,48.3,52.0,54.9,52.0,48.0,43.5,39.2,35.4,42.3,44.5,46.7,47.5,46.6,44.4,42.2,41.3,106.6,108.9,113.5,117.7,119.0,116.7,112.1,107.6,102.9,106.3,110.4,114.9,119.0,122.0,124.2,121.7,118.5,114.7,110.2,105.8,110.5,112.4,114.3,115.3,114.8,112.9,111.0,110.0,-156.2,-160.8,-162.9,-161.2,-156.7,-151.9,-150.1,-151.8,-157.0,-157.6,-157.9,-158.3,-158.4,-158.1,-157.5,-155.2,-153.9,-153.3,-153.7,-155.0,-154.4,-153.6,-154.6,-156.8,-159.0,-159.8,-158.8,-156.6,-188.3,-193.0,-194.8,-192.7,-187.9,-183.3,-181.5,-183.3,-189.2,-189.7,-189.8,-189.5,-188.8,-188.3,-187.4,-185.6,-184.6,-184.4,-185.2,-186.7,-186.3,-185.4,-186.1,-188.1,-190.2,-191.1,-190.3,-188.3,568.9,569.0,569.3,569.8,570.0,570.3,569.6,569.2,572.2,569.7,568.0,567.4,568.3,570.2,572.3,570.2,568.1,567.3,568.0,569.9,570.2,570.4,570.6,570.6,570.5,570.3,570.1,570.1,689.1,690.4,692.2,693.4,693.4,692.1,690.3,689.2,689.2,688.7,688.8,690.1,692.6,695.7,699.2,695.5,692.0,689.2,687.9,688.2,691.1,691.6,692.4,693.0,693.0,692.5,691.7,691.1,77.3,-139.3,661.1,0.386,-0.161,0.024,317.4,316.4,317.8,323.0,334.8,349.8,364.0,379.0,393.5,407.2,417.9,427.8,436.4,443.3,448.0,451.3,452.5,347.6,360.4,374.1,386.2,396.9,417.7,426.9,435.9,444.7,450.0,407.4,408.6,409.9,411.2,391.2,398.8,406.4,413.0,418.2,361.5,369.8,377.6,384.3,377.1,369.3,418.1,426.0,433.0,437.9,432.7,425.9,372.0,385.8,397.4,403.2,409.2,415.7,419.6,414.0,406.9,400.6,394.0,383.6,376.3,396.4,402.3,408.2,416.3,407.3,401.3,395.2,182.0,204.4,227.7,250.0,270.6,287.6,301.0,309.9,311.1,306.3,293.1,276.6,258.9,240.5,222.3,204.1,186.0,172.5,165.7,164.6,167.5,172.6,172.8,169.4,167.9,168.9,175.5,184.9,197.9,210.7,224.1,229.5,233.0,236.0,233.4,230.2,187.1,184.9,185.0,187.8,189.6,189.6,188.8,186.8,187.5,190.0,191.8,191.2,252.8,248.2,246.7,248.6,247.1,249.3,253.8,265.3,269.6,270.7,269.8,265.0,253.7,252.3,253.1,252.3,254.6,260.0,261.4,260.6,-8.2,-9.3,-7.9,-2.2,10.6,26.9,41.9,57.6,73.6,89.7,103.3,115.5,125.0,132.1,136.7,139.9,141.3,22.9,35.7,49.4,61.7,72.5,94.6,105.3,116.0,126.9,134.2,83.6,84.1,84.8,85.5,66.7,74.1,81.8,89.2,95.2,37.0,45.4,53.5,60.4,52.8,44.8,97.0,105.6,113.5,119.5,113.2,105.5,48.7,62.0,73.6,79.7,86.3,94.2,100.3,92.7,84.4,77.4,70.5,60.0,53.1,72.8,79.0,85.7,96.4,85.0,78.2,71.8,-190.6,-168.1,-144.3,-120.4,-97.3,-78.5,-63.4,-53.4,-52.6,-58.6,-74.4,-93.7,-113.5,-133.4,-153.0,-172.8,-192.9,-189.5,-195.7,-196.7,-194.1,-189.0,-191.0,-197.0,-201.0,-202.6,-198.1,-177.7,-163.2,-149.0,-134.7,-131.4,-127.6,-124.7,-128.3,-132.7,-175.1,-177.5,-178.0,-175.4,-172.8,-172.3,-178.4,-181.2,-181.3,-179.9,-176.7,-176.4,-111.0,-114.1,-115.2,-113.5,-115.8,-115.0,-112.6,-98.7,-93.2,-91.4,-92.1,-97.1,-109.9,-109.8,-109.2,-110.9,-111.2,-103.3,-101.1,-101.6,673.7,679.7,686.1,688.4,685.0,681.8,676.0,670.5,675.9,686.4,699.6,706.4,706.1,702.3,698.8,697.1,697.3,635.5,633.4,633.2,634.1,634.5,641.7,650.0,657.9,666.8,675.2,638.4,633.1,627.9,623.5,633.3,632.0,632.6,637.3,642.8,637.1,637.5,639.6,640.6,637.8,635.7,655.5,658.0,661.1,665.7,660.7,657.0,651.1,641.7,639.4,640.9,644.9,653.4,666.9,655.6,648.5,644.0,642.3,643.0,650.0,641.2,642.6,647.2,663.8,649.3,644.5,643.0,0.959,0.205,-0.27,0.06,398.579,226.536,-37.726,39.84,3.27,8.666,-8.567,6.086,11.050999999999998,-14.316,-5.671,-19.962,0.777,0.591,-6.077000000000001,-4.215,1.327,-5.204,-5.504,-1.465,-1.789,-2.7310000000000003,0.67,-0.236,4.115,-1.557,-1.485,2.23,0.225,-0.485,-0.249,-0.379,-0.061,0.128,-0.087,0.105,0.0,0.0,0.63,0.0,1.64,2.23,0.68,1.62,1.98,0.54,0.46,0.03,0.0,0.0,0.44,1.89,0.08,0.0,0.0,0.0,0.0,1.0,1.0,0.0,1.0,1.0,0.0,1.0,0.0,0.0,0.0,1.0,1.0,0.0,1.0
28,0,0.901,0.98,1,0.145174,0.578159,-0.802905,-0.025624,0.553916,-0.8321780000000001,0.073,0.606,366.2,368.1,372.8,377.6,379.7,378.1,373.1,368.3,359.5,363.3,367.8,372.7,377.5,381.2,383.9,381.3,377.3,372.5,367.7,363.2,370.6,372.9,375.1,376.0,375.0,372.7,370.5,369.6,421.1,423.0,426.8,430.4,431.6,429.7,425.9,421.9,417.8,421.0,424.6,428.4,431.6,433.9,435.3,433.7,431.3,428.3,424.5,420.6,424.3,425.9,427.5,428.3,427.8,426.3,424.6,423.8,187.3,182.3,180.1,182.1,187.0,192.3,194.2,192.2,187.4,185.9,185.0,184.3,184.5,185.3,186.7,188.5,189.3,189.8,189.6,188.9,189.6,190.5,189.5,187.1,184.8,183.8,184.9,187.3,187.9,184.1,182.9,185.0,189.2,193.0,194.2,192.3,187.1,186.5,186.5,187.1,188.3,189.5,191.0,191.8,191.8,191.3,190.2,189.0,190.2,191.1,190.6,189.0,187.1,186.2,186.7,188.4,37.8,39.5,43.9,48.4,50.4,49.0,44.2,39.7,31.8,35.2,39.2,43.7,48.2,51.8,54.5,51.8,48.0,43.5,39.1,35.1,41.9,44.1,46.2,47.0,46.1,43.9,41.8,41.0,107.8,110.1,114.7,118.9,120.2,117.9,113.3,108.8,104.2,107.6,111.7,116.2,120.2,123.2,125.5,123.0,119.7,115.9,111.4,107.1,111.7,113.5,115.5,116.6,116.0,114.1,112.1,111.1,-158.4,-163.1,-165.3,-163.8,-159.3,-154.4,-152.4,-154.0,-159.0,-159.8,-160.4,-160.9,-161.1,-161.0,-160.3,-158.0,-156.6,-155.8,-156.1,-157.1,-156.8,-156.0,-157.1,-159.3,-161.4,-162.1,-161.1,-158.9,-193.1,-197.7,-199.5,-197.5,-192.7,-188.1,-186.3,-188.1,-194.0,-194.5,-194.5,-194.2,-193.6,-193.0,-192.3,-190.4,-189.4,-189.2,-190.1,-191.5,-191.0,-190.1,-190.9,-192.9,-195.0,-195.9,-195.1,-193.1,577.0,577.2,578.0,578.8,579.2,579.3,578.2,577.3,579.7,577.5,576.1,576.0,577.4,579.5,581.9,579.5,577.0,575.7,576.1,577.5,578.6,579.0,579.3,579.5,579.3,578.9,578.5,578.4,705.4,706.7,708.5,709.7,709.7,708.4,706.6,705.5,705.5,705.0,705.1,706.4,708.9,712.0,715.5,711.8,708.3,705.5,704.2,704.5,707.4,707.9,708.7,709.3,709.3,708.8,708.0,707.4,76.9,-141.0,666.7,0.379,-0.154,0.015,317.1,316.3,317.7,323.0,334.8,349.9,363.9,378.8,393.2,406.8,417.6,427.6,436.0,442.8,447.4,450.5,451.6,346.7,359.3,372.8,384.8,395.3,416.1,425.3,434.2,443.1,448.7,405.9,407.1,408.4,409.7,390.0,397.5,405.1,411.7,416.9,360.7,368.9,376.6,383.2,376.1,368.4,416.9,424.7,431.6,436.6,431.4,424.7,371.1,384.7,396.3,402.2,408.3,414.8,419.0,413.3,406.2,399.8,393.1,382.7,375.4,395.4,401.4,407.4,415.7,406.5,400.4,394.3,183.1,205.4,228.6,250.7,271.0,287.6,300.7,309.3,310.3,305.5,292.4,275.9,258.2,239.8,221.4,203.2,185.1,172.5,165.8,164.6,167.3,172.3,172.4,169.0,167.5,168.5,174.9,184.5,197.3,210.1,223.3,228.9,232.3,235.2,232.6,229.4,187.1,184.8,184.9,187.5,189.4,189.4,188.4,186.5,187.2,189.6,191.3,190.7,252.1,247.5,245.9,247.8,246.3,248.4,252.8,264.3,268.7,269.8,268.9,264.2,253.0,251.4,252.3,251.4,253.7,259.2,260.6,259.9,-8.6,-9.5,-8.0,-2.2,10.8,27.2,42.1,57.7,73.8,89.9,103.7,115.9,125.4,132.4,136.9,140.1,141.4,22.2,34.9,48.6,60.9,71.6,93.8,104.6,115.2,126.2,133.7,82.8,83.4,84.0,84.7,66.0,73.5,81.3,88.7,94.8,36.5,45.0,52.9,59.8,52.3,44.3,96.5,105.1,112.9,119.0,112.6,105.0,48.1,61.5,73.1,79.3,86.1,94.1,100.5,92.8,84.4,77.3,70.2,59.5,52.5,72.4,78.7,85.5,96.5,84.9,78.0,71.4,-191.2,-168.5,-144.5,-120.6,-97.7,-79.0,-64.2,-54.5,-53.8,-59.9,-75.7,-95.0,-115.0,-135.2,-155.0,-174.9,-195.2,-191.3,-197.6,-198.7,-196.2,-191.2,-193.2,-199.2,-203.0,-204.6,-200.1,-179.8,-165.3,-151.1,-136.8,-133.2,-129.5,-126.6,-130.3,-134.7,-176.8,-179.2,-179.7,-177.3,-174.6,-174.1,-180.3,-182.9,-183.0,-181.7,-178.5,-178.2,-112.7,-115.9,-117.0,-115.4,-117.6,-116.9,-114.6,-100.6,-94.9,-93.1,-93.8,-98.8,-111.6,-111.7,-111.1,-112.7,-113.2,-105.0,-102.8,-103.3,679.7,685.6,691.8,694.1,690.4,687.0,681.0,675.4,680.7,691.0,704.1,710.8,710.6,707.0,703.5,701.9,702.2,641.9,639.7,639.5,640.4,640.7,647.6,655.7,663.3,671.8,679.8,644.2,638.9,633.8,629.4,639.0,637.6,638.2,643.0,648.5,643.2,643.5,645.6,646.5,643.7,641.7,660.8,663.1,666.1,670.5,665.7,662.2,657.0,647.7,645.3,646.6,650.6,659.0,672.3,661.1,654.1,649.5,647.9,648.8,655.9,647.0,648.3,652.8,669.3,654.8,650.1,648.8,0.951,0.1969999999999999,-0.261,0.05,397.666,226.055,-40.59,38.811,3.644,7.36,-8.516,6.716,11.233,-15.672,-6.263999999999999,-19.602,1.009,0.5329999999999999,-6.013999999999999,-4.329,1.219,-5.3,-5.432,-2.0340000000000003,-1.695,-2.8310000000000004,0.99,-0.605,3.754,-1.769,-1.408,2.292,0.038,-0.408,-0.265,-0.416,-0.066,0.114,-0.078,0.132,0.0,0.0,0.64,0.0,1.57,2.36,0.63,1.61,2.05,0.4,0.48,0.03,0.0,0.0,0.41,1.89,0.0,0.0,0.0,0.0,0.0,1.0,1.0,0.0,1.0,1.0,0.0,1.0,0.0,0.0,0.0,1.0,1.0,0.0,1.0
29,0,0.934,0.98,1,0.156558,0.57804,-0.800849,-0.046693,0.555984,-0.82988,0.067,0.608,364.5,366.3,371.2,376.3,378.5,377.0,371.8,366.7,358.2,361.6,365.7,370.6,375.7,379.8,383.0,379.9,375.5,370.5,365.7,361.6,369.2,371.6,374.0,375.0,373.8,371.4,369.0,368.1,419.5,421.3,425.1,428.8,430.1,428.3,424.5,420.4,416.3,419.5,423.3,427.2,430.4,432.6,434.0,432.4,430.1,427.1,423.2,419.2,422.8,424.4,426.1,426.8,426.3,424.7,423.0,422.2,187.2,182.1,179.8,181.7,186.7,192.1,194.1,192.2,187.1,185.8,184.9,184.1,184.1,184.7,185.9,187.9,189.0,189.6,189.4,188.6,189.5,190.4,189.3,186.8,184.3,183.4,184.5,187.0,187.6,183.7,182.4,184.6,188.8,192.7,194.0,192.1,186.9,186.1,185.8,186.3,187.5,188.9,190.7,191.5,191.5,191.0,190.0,188.9,189.9,190.9,190.3,188.6,186.8,185.8,186.4,188.1,35.7,37.3,41.7,46.3,48.4,47.1,42.3,37.8,30.2,33.1,36.7,41.1,45.7,49.5,52.6,49.7,45.5,41.0,36.8,33.2,40.0,42.3,44.4,45.2,44.2,42.0,39.8,39.0,102.8,105.0,109.5,113.8,115.2,113.0,108.4,103.9,99.4,102.8,107.0,111.4,115.4,118.4,120.4,118.1,115.0,111.2,106.8,102.4,106.7,108.6,110.5,111.5,110.9,109.0,107.1,106.1,-156.2,-160.7,-162.7,-161.0,-156.7,-152.0,-150.1,-151.8,-157.3,-157.8,-158.0,-158.3,-158.5,-158.4,-157.9,-155.6,-154.2,-153.5,-154.0,-155.2,-154.4,-153.6,-154.6,-156.8,-159.0,-159.8,-158.8,-156.6,-187.7,-192.4,-194.2,-192.2,-187.5,-182.8,-181.0,-182.7,-188.4,-189.3,-189.6,-189.5,-188.8,-188.2,-187.1,-185.2,-184.2,-184.0,-184.7,-186.0,-185.7,-184.8,-185.6,-187.6,-189.7,-190.6,-189.7,-187.7,568.5,568.1,567.9,568.1,568.5,569.3,569.2,569.0,572.4,569.5,567.3,566.3,566.8,568.4,570.4,568.6,566.8,566.4,567.6,569.7,569.6,569.7,569.6,569.4,569.2,569.1,569.2,569.4,684.6,686.1,687.9,689.1,688.9,687.5,685.7,684.6,684.6,684.3,684.6,686.0,688.5,691.7,695.1,691.3,687.7,684.9,683.5,683.7,686.6,687.1,687.9,688.5,688.6,688.1,687.3,686.7,75.9,-141.5,667.2,0.371,-0.141,0.004,316.2,315.6,317.3,322.8,334.8,350.0,364.2,379.0,393.3,406.9,417.6,427.4,435.7,442.4,446.8,449.7,450.6,345.1,357.6,370.9,382.9,393.3,414.6,423.8,432.7,441.6,447.3,404.2,405.4,406.8,408.1,388.5,396.1,403.8,410.5,415.8,359.0,367.3,375.0,381.7,374.4,366.7,415.5,423.3,430.3,435.4,430.2,423.4,370.0,383.6,395.2,401.1,407.2,413.9,418.2,412.5,405.4,399.0,392.3,381.8,374.3,394.4,400.4,406.4,415.0,405.6,399.5,393.4,183.6,206.1,229.4,251.6,271.8,288.1,300.8,309.0,309.7,304.8,291.7,275.3,257.7,239.3,221.0,202.8,184.9,172.2,165.4,164.1,166.8,171.7,171.8,168.4,166.9,167.9,174.2,184.1,196.9,209.6,222.9,228.5,231.9,234.8,232.1,228.8,186.8,184.5,184.6,187.3,189.1,189.2,188.1,186.0,186.6,189.1,190.9,190.3,251.6,246.9,245.4,247.1,245.6,247.7,251.9,263.5,268.0,269.2,268.4,263.7,252.4,250.8,251.5,250.6,252.8,258.6,260.1,259.4,-9.6,-10.3,-8.5,-2.4,10.8,27.4,42.5,58.1,74.1,90.1,103.7,115.7,125.1,131.9,136.3,139.2,140.3,20.6,33.2,46.8,59.1,69.7,92.4,103.1,113.7,124.7,132.2,81.3,81.8,82.5,83.2,64.6,72.2,80.0,87.5,93.6,34.9,43.4,51.4,58.3,50.7,42.7,95.1,103.8,111.6,117.8,111.4,103.6,47.1,60.5,72.1,78.3,85.1,93.2,99.8,92.0,83.6,76.5,69.4,58.7,51.5,71.5,77.8,84.5,95.8,84.0,77.1,70.6,-191.4,-168.5,-144.2,-120.0,-97.2,-78.7,-64.2,-54.9,-54.5,-60.7,-76.5,-95.7,-115.6,-135.7,-155.5,-175.4,-195.6,-192.3,-198.5,-199.7,-197.2,-192.1,-194.0,-199.9,-203.8,-205.4,-200.9,-180.4,-165.9,-151.6,-137.3,-133.7,-130.0,-127.1,-130.8,-135.3,-177.6,-180.0,-180.4,-177.8,-175.2,-174.7,-180.7,-183.6,-183.8,-182.3,-179.1,-178.7,-113.5,-116.6,-117.7,-116.1,-118.4,-117.8,-115.7,-101.5,-95.7,-93.9,-94.5,-99.5,-112.4,-112.5,-111.9,-113.6,-114.2,-105.7,-103.4,-103.9,682.5,688.2,694.2,696.3,692.4,688.8,682.5,676.6,681.5,691.4,704.1,710.7,710.3,706.8,703.5,702.0,702.6,643.8,641.6,641.1,641.7,641.8,648.3,656.3,663.8,672.3,680.1,645.1,639.6,634.2,629.6,639.6,638.0,638.4,643.1,648.7,644.9,645.0,646.9,647.7,645.0,643.1,661.4,663.7,666.6,671.0,666.0,662.6,658.3,648.6,645.8,647.1,651.0,659.4,672.9,661.5,654.4,649.9,648.4,649.6,657.2,647.5,648.7,653.1,669.9,655.4,650.7,649.5,0.949,0.1889999999999999,-0.246,0.038,396.629,225.647,-39.972,39.667,4.892,7.818,-7.648,7.031000000000001,11.217,-15.384,-7.504,-19.881,1.467,1.165,-5.6,-4.828,1.4340000000000002,-5.397,-5.759,-2.053,-1.55,-2.366,0.908,-0.515,3.214,-1.812,-1.221,2.396,-0.0819999999999999,-0.268,-0.302,-0.435,-0.064,0.14,-0.061,0.166,0.05,0.0,0.56,0.0,1.52,2.36,0.54,1.68,2.2,0.33,0.5,0.0,0.0,0.0,0.36,1.87,0.0,0.0,0.0,0.0,0.0,1.0,1.0,0.0,1.0,1.0,0.0,1.0,0.0,0.0,0.0,1.0,1.0,0.0,1.0
30,0,0.968,0.98,1,0.15284,0.577078,-0.8022600000000001,-0.07265,0.552132,-0.830585,0.049,0.605,363.2,364.8,369.5,374.4,376.7,375.5,370.4,365.5,358.7,360.8,363.9,368.3,373.3,377.9,381.7,378.1,373.1,368.1,364.0,360.9,368.1,370.5,372.8,373.6,372.5,370.1,367.8,367.0,417.7,419.3,423.2,427.1,428.6,426.9,423.0,418.8,414.7,418.0,421.9,425.9,429.1,431.2,432.5,431.1,428.9,425.9,421.9,417.7,421.1,422.7,424.4,425.2,424.5,422.9,421.2,420.4,187.2,181.9,179.6,181.5,186.6,192.2,194.2,192.3,187.3,185.7,184.7,183.8,183.8,184.4,185.8,187.8,188.8,189.4,189.4,188.7,189.5,190.4,189.3,186.7,184.2,183.3,184.4,187.0,187.2,183.2,181.8,183.9,188.2,192.3,193.7,191.9,186.8,185.7,185.3,185.7,186.9,188.3,190.2,191.1,191.2,190.7,189.8,188.7,189.6,190.5,189.9,188.1,186.2,185.3,185.9,187.7,34.0,35.4,39.4,43.6,45.6,44.6,40.2,36.0,30.3,32.0,34.6,38.2,42.6,46.6,50.1,46.8,42.4,38.1,34.7,32.1,38.3,40.4,42.3,43.0,42.0,40.0,38.0,37.3,97.5,99.5,103.9,108.1,109.7,107.6,103.2,98.6,94.3,97.8,101.9,106.4,110.2,113.0,115.0,112.8,109.9,106.2,101.8,97.4,101.4,103.2,105.1,106.0,105.3,103.5,101.6,100.7,-153.7,-158.1,-159.7,-157.6,-153.0,-148.4,-147.0,-149.1,-155.1,-155.6,-155.6,-155.6,-155.4,-154.8,-153.9,-151.9,-150.9,-150.7,-151.5,-152.9,-151.5,-150.5,-151.3,-153.5,-155.7,-156.8,-156.0,-153.8,-181.7,-186.4,-188.4,-186.5,-181.9,-177.2,-175.2,-176.8,-182.1,-183.2,-183.8,-183.9,-183.3,-182.7,-181.6,-179.6,-178.5,-178.2,-178.8,-179.9,-179.8,-179.0,-179.9,-181.9,-183.9,-184.7,-183.8,-181.8,559.4,558.5,556.9,555.4,555.0,556.0,557.5,559.0,564.9,561.3,558.0,555.6,554.5,554.6,555.4,554.6,554.4,555.6,558.2,561.5,558.9,558.2,557.4,557.0,557.2,557.9,558.7,559.1,661.5,663.0,664.9,666.2,666.0,664.5,662.6,661.4,661.3,661.1,661.6,663.2,666.0,669.3,672.8,668.8,665.1,662.1,660.5,660.5,663.5,664.0,664.9,665.5,665.6,665.0,664.2,663.6,75.2,-143.2,672.1,0.369,-0.135,-0.006,314.9,314.7,316.7,322.3,334.4,349.9,364.1,378.9,393.4,407.1,417.9,427.6,435.6,442.0,446.2,448.7,449.4,343.3,355.5,368.7,380.5,391.0,413.4,422.4,431.2,440.0,445.6,402.7,403.8,405.2,406.5,387.0,394.7,402.4,409.2,414.6,357.7,365.8,373.5,379.9,372.8,365.2,414.2,421.8,428.9,433.9,428.7,422.0,368.8,382.3,393.7,399.7,405.9,412.6,417.2,411.5,404.4,398.0,391.3,380.8,372.9,393.1,399.2,405.3,414.0,404.7,398.4,392.2,184.1,206.6,229.8,251.9,271.8,287.8,300.0,307.7,308.2,303.2,290.1,274.0,256.5,238.3,220.3,202.4,184.7,172.0,164.9,163.4,165.9,170.8,170.8,167.5,166.0,166.8,172.9,183.8,196.7,209.5,222.7,228.3,231.6,234.6,231.8,228.3,186.8,184.3,184.4,187.2,189.1,189.1,187.8,185.5,186.0,188.6,190.4,189.9,251.1,246.7,245.3,247.0,245.4,247.1,250.9,261.9,266.3,267.5,266.7,262.4,251.9,250.4,251.1,250.1,251.9,257.5,259.0,258.5,-11.0,-11.4,-9.3,-3.0,10.4,27.4,42.7,58.3,74.5,90.7,104.5,116.5,125.5,132.0,136.1,138.7,139.6,18.9,31.3,44.8,57.1,67.8,91.8,102.4,112.9,123.6,131.1,80.3,80.8,81.5,82.3,63.6,71.3,79.2,86.8,93.1,33.7,42.1,50.2,57.0,49.4,41.4,94.4,102.9,110.8,116.9,110.5,102.8,46.2,59.6,71.2,77.5,84.5,92.6,99.5,91.6,83.2,76.0,68.8,58.0,50.4,70.7,77.1,84.1,95.6,83.6,76.6,69.9,-192.4,-169.3,-144.9,-120.6,-97.8,-79.5,-65.4,-56.6,-56.4,-62.7,-78.6,-97.7,-117.4,-137.3,-156.9,-176.6,-196.7,-193.9,-200.4,-201.8,-199.4,-194.4,-196.6,-202.4,-206.1,-207.7,-203.3,-182.1,-167.4,-153.0,-138.6,-135.0,-131.3,-128.4,-132.1,-136.7,-178.7,-181.4,-181.8,-179.2,-176.4,-175.9,-182.4,-185.3,-185.6,-184.0,-180.8,-180.4,-114.9,-117.9,-118.9,-117.3,-119.6,-119.4,-117.6,-103.9,-98.2,-96.3,-96.8,-101.5,-113.8,-113.8,-113.2,-115.1,-116.0,-107.6,-105.2,-105.6,687.9,693.8,699.7,701.5,697.2,693.0,686.3,680.0,684.5,694.4,707.2,714.1,713.6,709.8,706.3,704.9,705.6,648.4,646.2,645.7,646.2,646.1,653.3,661.1,668.0,675.9,683.4,650.0,644.6,639.3,634.9,645.0,643.2,643.5,647.9,653.3,649.2,649.3,651.2,652.1,649.3,647.4,665.9,668.1,670.9,675.2,670.4,667.0,663.1,654.1,651.5,652.8,656.7,665.1,678.2,666.4,658.9,654.2,652.8,654.2,662.1,652.6,653.9,658.4,675.1,660.3,655.6,654.3,0.943,0.185,-0.236,0.026,395.47,225.05,-43.359,41.098,2.71,4.335,-5.702999999999999,9.651,9.408,-14.665,-7.824,-17.866,0.157,2.0340000000000003,-5.347,-4.685,1.802,-5.489,-5.91,-2.442,-2.189,-1.879,0.6409999999999999,-0.178,2.767,-2.455,-0.83,2.355,-0.262,-0.121,-0.244,-0.41,0.003,0.156,-0.048,0.179,0.17,0.0,0.36,0.0,1.36,2.35,0.37,1.75,2.37,0.38,0.48,0.0,0.0,0.0,0.2,1.96,0.0,0.0,0.0,0.0,0.0,1.0,1.0,0.0,1.0,1.0,0.0,1.0,0.0,0.0,0.0,1.0,1.0,0.0,1.0
31,0,1.001,0.98,1,0.161684,0.579608,-0.798694,-0.098983,0.565188,-0.819002,0.039,0.616,361.3,363.0,367.6,372.5,374.7,373.5,368.4,363.5,357.0,358.9,361.9,366.1,371.1,375.7,379.6,375.9,370.9,366.0,362.0,359.0,366.2,368.6,370.8,371.7,370.6,368.2,366.0,365.1,415.6,417.4,421.4,425.4,427.0,425.3,421.2,416.9,412.8,416.2,420.2,424.3,427.7,430.0,431.4,429.9,427.6,424.4,420.3,416.0,419.3,421.0,422.7,423.5,422.8,421.1,419.3,418.6,187.1,181.8,179.5,181.5,186.6,192.2,194.2,192.2,187.3,185.5,184.2,183.3,183.4,184.2,185.8,187.8,188.8,189.5,189.4,188.7,189.5,190.4,189.3,186.7,184.2,183.2,184.4,187.0,187.0,182.9,181.4,183.4,187.8,192.0,193.5,191.8,186.5,185.4,184.9,185.1,186.2,187.7,189.5,190.5,190.6,190.3,189.4,188.4,189.3,190.2,189.6,187.8,185.9,185.0,185.6,187.4,32.0,33.4,37.4,41.5,43.4,42.5,38.1,33.9,28.5,30.0,32.4,35.9,40.3,44.3,47.7,44.4,40.1,35.8,32.5,30.1,36.3,38.3,40.2,40.9,40.0,38.0,36.0,35.3,92.9,94.9,99.3,103.6,105.2,103.2,98.8,94.1,90.0,93.4,97.6,102.0,105.9,108.8,110.9,108.8,105.7,102.0,97.5,93.1,96.9,98.7,100.6,101.5,100.8,99.0,97.1,96.2,-152.3,-156.7,-158.3,-156.1,-151.4,-146.8,-145.5,-147.6,-153.7,-154.3,-154.5,-154.5,-154.2,-153.4,-152.2,-150.3,-149.4,-149.2,-150.0,-151.5,-150.0,-149.0,-149.8,-151.9,-154.2,-155.2,-154.5,-152.3,-177.3,-181.9,-184.0,-182.2,-177.6,-172.9,-170.9,-172.4,-177.8,-178.9,-179.5,-179.7,-179.3,-178.7,-177.7,-175.7,-174.5,-174.1,-174.6,-175.6,-175.4,-174.6,-175.5,-177.5,-179.5,-180.3,-179.4,-177.4,554.0,553.1,551.4,549.8,549.2,550.2,551.8,553.4,559.7,556.1,552.7,550.1,548.9,548.8,549.5,548.8,548.7,550.1,552.9,556.3,553.3,552.5,551.7,551.3,551.6,552.4,553.2,553.6,644.6,645.9,647.7,648.8,648.6,647.2,645.5,644.5,644.4,644.2,644.6,646.2,648.9,652.2,655.8,651.8,648.0,645.1,643.5,643.6,646.4,646.9,647.7,648.3,648.3,647.9,647.1,646.5,73.6,-143.6,670.9,0.364,-0.121,-0.016,314.0,313.9,316.1,321.8,333.9,349.3,363.5,378.3,392.9,406.7,417.5,427.2,435.2,441.5,445.5,447.9,448.4,340.8,352.5,365.5,377.3,387.8,412.1,421.2,430.0,438.7,444.4,400.5,401.6,403.0,404.3,385.1,392.8,400.6,407.5,412.9,355.5,363.6,371.5,378.0,370.8,363.0,412.5,420.2,427.4,432.5,427.3,420.4,367.4,380.8,392.2,398.2,404.5,411.3,416.3,410.4,403.3,396.9,390.2,379.5,371.4,391.7,397.7,403.9,413.1,403.4,397.2,390.9,184.3,206.8,230.0,252.1,271.8,287.7,299.7,307.1,307.4,302.4,289.4,273.4,256.0,237.7,219.5,201.5,183.7,171.3,164.0,162.2,164.6,169.3,169.1,165.8,164.3,165.2,171.4,183.3,196.2,209.0,222.2,228.1,231.3,234.2,231.3,227.9,186.7,184.1,184.2,187.0,189.1,189.1,187.4,185.0,185.4,188.0,189.9,189.6,250.7,246.4,245.0,246.7,245.1,246.6,250.1,261.1,265.4,266.7,266.0,261.9,251.5,250.1,250.8,249.7,251.2,256.8,258.3,257.8,-12.1,-12.2,-9.9,-3.5,9.8,26.7,42.0,57.6,73.7,89.9,103.7,115.7,124.7,131.1,134.9,137.3,138.1,16.3,28.3,41.6,53.7,64.4,90.2,100.8,111.2,121.9,129.3,77.9,78.4,79.1,79.9,61.6,69.2,77.2,84.8,91.1,31.5,39.9,48.1,54.9,47.3,39.1,92.4,100.8,108.9,115.1,108.8,100.9,44.6,58.0,69.5,75.8,82.8,91.1,98.3,90.3,81.8,74.6,67.4,56.6,48.8,69.0,75.5,82.5,94.4,82.1,75.1,68.4,-192.2,-169.0,-144.6,-120.3,-97.6,-79.6,-65.8,-57.1,-57.1,-63.4,-79.1,-98.0,-117.6,-137.5,-157.2,-177.0,-197.2,-194.6,-201.4,-202.9,-200.5,-195.6,-197.7,-203.6,-207.3,-208.8,-204.3,-182.4,-167.6,-153.2,-138.8,-135.1,-131.4,-128.5,-132.3,-137.0,-178.8,-181.5,-181.9,-179.2,-176.3,-175.8,-182.3,-185.4,-185.8,-184.2,-180.8,-180.2,-115.1,-118.0,-118.9,-117.4,-119.7,-119.7,-118.3,-104.5,-98.8,-96.8,-97.3,-101.9,-114.1,-113.8,-113.3,-115.2,-116.6,-108.1,-105.7,-106.0,688.1,693.7,699.3,701.0,696.6,692.3,685.5,679.0,682.9,692.4,704.9,711.9,711.4,707.4,704.0,702.5,703.4,648.6,646.2,645.2,645.3,644.9,651.5,659.3,666.1,673.9,681.2,649.0,643.5,638.2,633.7,644.1,642.2,642.4,646.7,651.9,649.1,648.8,650.5,651.3,648.7,647.1,664.2,666.3,669.1,673.4,668.6,665.2,662.6,653.3,650.4,651.5,655.2,663.5,676.9,664.6,656.8,652.3,651.0,652.9,661.5,651.5,652.6,656.9,673.6,658.5,653.9,652.8,0.945,0.179,-0.2189999999999999,0.015,394.052,224.481,-43.847,39.531,1.582,4.435,-4.516,9.949,7.213999999999999,-13.929,-9.735,-17.582,-1.725,2.367,-5.021,-5.355,2.559,-5.357,-5.904,-2.827,-2.53,-1.568,0.519,-0.611,2.229,-2.614,-0.5489999999999999,2.391,-0.271,-0.074,-0.241,-0.409,0.024,0.138,-0.036,0.172,0.42,0.0,0.19,0.16,1.22,2.11,0.2,1.8,2.52,0.46,0.32,0.04,0.0,0.0,0.24,2.04,0.0,1.0,0.0,0.0,0.0,1.0,1.0,0.0,1.0,1.0,0.0,1.0,0.0,0.0,0.0,1.0,1.0,0.0,1.0
32,0,1.034,0.98,1,0.144813,0.585286,-0.79779,-0.096191,0.617967,-0.7802979999999999,0.031,0.6509999999999999,358.3,359.9,364.6,369.6,372.0,370.9,365.7,360.7,354.0,355.9,358.9,363.4,368.6,373.2,377.1,373.4,368.3,363.2,359.2,356.1,363.3,365.8,368.1,368.9,367.7,365.2,362.9,362.2,413.5,415.8,420.4,424.5,425.8,423.4,418.9,414.4,410.4,413.9,418.1,422.7,426.6,429.3,431.1,429.1,426.2,422.4,418.0,413.5,417.3,419.1,421.1,422.1,421.6,419.7,417.7,416.7,187.1,181.9,179.6,181.6,186.8,192.4,194.3,192.3,187.3,185.8,184.9,184.1,184.0,184.6,185.8,188.1,189.3,190.0,189.8,188.9,189.5,190.5,189.4,186.8,184.2,183.2,184.3,186.9,187.2,182.9,181.2,183.1,187.6,191.9,193.5,191.8,186.3,185.0,184.2,183.9,184.2,184.6,185.6,188.2,189.8,190.5,190.0,188.8,189.0,189.8,189.1,187.2,185.2,184.4,185.1,187.0,28.9,30.2,34.1,38.3,40.3,39.5,35.2,30.9,25.4,26.8,29.3,33.0,37.4,41.4,44.8,41.5,37.2,32.9,29.6,27.1,33.2,35.3,37.2,37.8,36.8,34.7,32.8,32.2,85.5,87.6,92.0,96.3,97.8,95.7,91.2,86.6,82.4,85.7,89.6,94.2,98.4,101.7,104.1,101.6,98.3,94.3,89.8,85.4,89.4,91.3,93.3,94.3,93.6,91.7,89.7,88.8,-149.8,-154.0,-155.4,-153.2,-148.8,-144.3,-143.1,-145.2,-151.2,-151.4,-151.3,-151.2,-151.0,-150.5,-149.7,-147.6,-146.5,-146.3,-147.2,-148.8,-147.6,-146.5,-147.3,-149.3,-151.6,-152.6,-151.9,-149.8,-166.9,-170.8,-172.5,-171.1,-167.3,-163.4,-161.6,-163.0,-167.6,-168.6,-169.2,-169.8,-170.3,-170.9,-171.0,-167.7,-165.3,-164.0,-164.0,-165.2,-165.8,-165.1,-165.9,-167.7,-169.4,-170.0,-169.2,-167.5,544.8,543.6,541.7,540.3,540.2,541.6,543.3,544.7,550.5,546.8,543.4,540.7,539.5,539.6,540.5,539.9,539.9,541.3,544.0,547.2,544.4,543.7,542.8,542.2,542.2,542.9,543.9,544.5,607.1,606.3,606.8,608.5,610.3,611.2,610.6,609.2,607.1,605.9,605.6,606.5,609.2,612.9,617.0,613.9,610.8,608.4,607.0,607.0,609.6,610.4,610.6,610.2,609.4,608.7,608.4,608.8,71.0,-142.5,663.4,0.363,-0.099,-0.031,312.7,313.0,315.7,321.7,333.7,349.0,363.3,378.1,392.8,406.5,417.3,427.1,434.9,441.0,444.7,446.9,447.2,337.3,348.6,361.6,373.6,384.2,410.5,419.6,428.5,437.3,443.0,397.9,399.0,400.4,401.9,382.9,390.6,398.5,405.4,411.0,352.2,360.6,368.9,375.8,368.2,359.9,410.3,418.2,425.8,431.3,426.0,418.6,365.9,379.2,390.6,396.6,402.8,409.9,415.3,409.3,402.1,395.6,389.0,378.1,369.9,390.2,396.2,402.4,412.0,402.1,395.8,389.6,184.3,206.9,230.2,252.5,272.1,287.8,299.5,306.6,306.6,301.4,288.4,272.5,255.3,237.2,218.9,200.7,182.7,170.0,162.3,160.2,162.5,167.3,166.7,163.1,161.3,162.2,168.8,182.6,195.7,208.7,222.0,228.3,231.3,234.0,231.1,227.7,186.7,183.9,184.0,187.1,189.3,189.4,187.0,184.0,184.2,186.8,189.2,189.1,251.0,246.7,245.0,246.5,244.8,246.2,249.4,260.9,265.5,266.9,266.4,262.3,251.7,250.2,250.8,249.6,250.7,256.7,258.3,258.0,-13.3,-13.1,-10.3,-3.6,9.6,26.2,41.5,56.8,72.8,88.7,102.3,114.2,122.9,128.9,132.5,134.6,135.2,12.6,24.0,37.1,49.2,59.9,87.2,97.7,108.0,118.7,126.2,74.3,74.8,75.5,76.4,58.6,66.2,74.1,81.7,88.0,27.9,36.4,44.9,52.0,44.1,35.6,88.9,97.5,105.9,112.4,106.0,97.7,42.6,55.6,67.0,73.2,80.0,88.3,96.0,87.8,79.4,72.3,65.4,54.5,46.7,66.7,73.0,79.8,92.0,79.6,72.7,66.2,-190.8,-167.5,-143.1,-118.8,-96.6,-78.9,-65.4,-57.2,-57.4,-63.8,-79.3,-97.9,-117.0,-136.5,-156.1,-175.9,-196.2,-194.2,-201.2,-202.7,-200.1,-194.9,-197.1,-203.3,-207.4,-209.0,-204.5,-180.8,-166.0,-151.6,-137.1,-133.3,-129.8,-127.1,-130.8,-135.4,-177.3,-179.9,-180.2,-177.1,-174.3,-173.8,-180.3,-184.1,-184.7,-183.2,-179.2,-178.4,-113.7,-116.4,-117.4,-116.0,-118.4,-118.4,-117.6,-103.3,-97.3,-95.3,-95.7,-100.2,-112.7,-112.4,-111.9,-113.8,-115.6,-106.7,-104.4,-104.6,683.0,688.4,693.6,695.2,691.4,687.1,679.9,672.9,675.9,684.7,696.7,703.7,703.0,698.9,695.7,694.5,695.7,643.0,640.2,638.1,637.2,636.1,641.3,649.3,656.5,664.8,672.5,641.1,635.4,629.8,625.0,636.5,634.6,634.5,638.6,643.8,643.5,642.4,643.7,644.3,642.2,640.9,655.5,657.8,660.5,665.1,660.0,656.6,655.8,645.8,642.0,643.0,646.4,654.7,668.6,655.6,647.8,643.8,642.7,645.2,654.5,643.6,644.4,648.4,665.1,649.8,645.5,644.7,0.956,0.178,-0.193,-0.002,392.441,223.94,-40.432,37.565,0.866,8.337,-1.806,8.541,5.39,-11.329,-13.794,-16.734,-3.218,2.525,-4.891,-5.501,3.585,-4.855,-5.504,-2.878,-3.54,-0.988,0.8079999999999999,-1.048,1.624,-2.607,-0.365,2.4090000000000003,0.496,-0.389,-0.312,-0.11,-0.036,0.178,0.068,0.017,0.93,0.0,0.04,0.26,1.06,1.75,0.08,1.78,2.68,0.39,0.19,0.09,0.0,0.0,0.24,2.29,0.11,1.0,1.0,0.0,0.0,1.0,1.0,0.0,1.0,1.0,0.0,1.0,0.0,0.0,0.0,1.0,1.0,0.0,1.0
33,0,1.068,0.93,1,0.240961,0.559077,-0.793329,-0.041687,0.590348,-0.806072,0.124,0.623,357.1,359.0,363.8,368.5,370.5,369.0,363.8,359.1,350.9,353.4,356.8,361.3,366.2,370.4,373.9,370.4,365.7,360.8,356.7,353.4,361.6,363.9,366.2,367.2,366.2,363.9,361.6,360.7,411.9,413.6,417.6,421.7,423.5,421.8,417.8,413.2,407.8,411.3,415.3,419.7,423.3,425.6,427.1,425.8,423.5,420.1,415.8,411.3,415.5,417.3,419.2,419.9,419.1,417.3,415.4,414.7,187.1,182.2,180.2,182.2,187.1,192.4,194.0,192.0,187.5,186.2,185.3,184.7,184.8,185.5,186.8,188.9,189.9,190.4,190.1,189.2,189.5,190.5,189.5,187.1,184.8,183.8,184.7,187.1,186.6,182.2,180.7,183.0,187.7,192.1,193.6,191.7,186.5,184.9,184.0,184.0,185.2,186.9,189.1,189.6,189.4,189.0,188.4,187.9,189.3,190.3,189.6,187.6,185.5,184.4,185.1,187.1,29.5,31.3,35.6,40.0,41.8,40.4,35.7,31.3,24.1,26.3,29.2,33.2,37.7,41.6,44.9,41.6,37.2,32.8,29.2,26.2,33.7,35.8,37.9,38.8,37.9,35.8,33.7,32.9,84.6,86.5,90.8,95.1,96.8,94.9,90.5,85.9,80.6,84.0,88.1,92.6,96.5,99.4,101.4,99.4,96.6,92.8,88.3,83.9,88.4,90.3,92.3,93.2,92.4,90.5,88.5,87.6,-159.1,-163.5,-165.2,-163.1,-158.6,-153.9,-152.5,-154.6,-160.3,-160.6,-160.6,-160.6,-160.4,-159.9,-159.1,-156.8,-155.7,-155.4,-156.2,-157.8,-157.0,-156.0,-156.8,-158.9,-161.2,-162.1,-161.3,-159.2,-168.8,-173.6,-175.7,-173.9,-169.3,-164.5,-162.4,-163.9,-168.9,-170.5,-171.5,-172.0,-171.7,-170.9,-169.7,-168.1,-167.2,-166.8,-167.0,-167.4,-166.9,-166.0,-167.0,-169.2,-171.3,-172.1,-171.2,-169.0,578.7,578.4,577.7,577.1,577.0,577.6,578.0,578.5,584.4,581.1,578.2,576.2,575.7,576.3,577.4,576.3,575.5,576.2,578.3,581.2,579.0,578.7,578.4,578.3,578.4,578.6,579.0,579.1,612.5,614.2,616.5,618.0,617.9,616.1,613.8,612.3,612.3,612.3,613.0,614.7,617.5,621.0,624.4,620.4,616.6,613.6,611.9,611.6,614.6,615.3,616.3,617.2,617.2,616.6,615.5,614.7,68.3,-143.0,665.4,0.364,-0.073,-0.031,311.3,311.4,313.9,319.8,331.7,346.9,360.7,374.9,389.6,404.0,415.6,425.9,434.0,440.2,443.7,445.8,446.3,335.3,345.7,357.9,369.5,379.8,408.6,417.7,426.4,434.8,440.3,394.5,395.4,396.5,397.7,379.5,387.0,394.7,401.8,407.5,350.0,358.2,366.1,372.7,365.4,357.5,407.7,415.4,422.9,428.4,423.1,415.8,362.8,375.6,386.8,393.0,399.6,407.1,413.0,406.3,398.7,391.9,385.0,374.4,366.7,386.3,392.6,399.2,409.8,398.8,392.1,385.6,184.1,206.9,230.3,252.6,272.3,287.8,299.3,306.4,306.7,301.9,289.2,273.5,256.2,238.0,219.6,201.2,182.9,169.3,161.2,158.5,160.3,164.6,163.7,160.2,158.8,160.2,166.7,182.0,195.4,208.7,222.2,228.5,231.6,234.4,231.5,228.0,187.4,184.7,184.8,187.3,189.7,189.8,187.0,184.6,184.7,187.1,189.4,189.3,250.7,246.7,245.4,247.0,245.4,246.6,249.4,260.9,265.4,266.8,266.1,261.9,251.5,250.6,251.3,250.1,250.7,257.0,258.6,258.2,-14.9,-14.9,-12.3,-5.7,7.4,24.0,38.6,53.4,69.5,86.0,100.3,112.7,121.5,127.6,130.9,132.9,133.8,10.6,21.2,33.5,45.2,55.6,85.3,95.7,105.7,115.8,122.8,71.1,71.4,72.0,72.6,55.4,62.9,70.7,78.3,84.6,25.7,34.0,42.2,49.0,41.4,33.2,86.2,94.5,102.6,109.0,102.7,94.7,39.5,52.1,63.3,69.8,77.0,85.7,93.6,85.0,76.2,68.7,61.5,50.8,43.5,63.0,69.6,76.8,89.8,76.5,69.2,62.4,-191.5,-167.9,-143.4,-119.1,-96.6,-78.9,-65.6,-57.4,-57.3,-63.2,-78.3,-96.6,-115.6,-135.2,-154.8,-174.8,-195.4,-195.7,-203.3,-205.4,-203.2,-198.2,-200.4,-206.3,-209.8,-210.8,-205.9,-182.0,-166.9,-152.3,-137.7,-133.8,-130.2,-127.2,-130.9,-135.5,-177.1,-179.5,-179.8,-177.3,-174.3,-173.8,-180.2,-183.3,-183.7,-182.3,-178.7,-178.0,-114.4,-116.9,-117.5,-116.0,-118.2,-118.4,-117.7,-103.6,-97.7,-95.7,-96.3,-101.0,-113.3,-112.4,-111.9,-113.7,-115.8,-106.8,-104.4,-104.8,684.6,689.8,695.3,697.2,692.5,687.4,679.8,673.1,676.3,684.6,696.0,702.4,701.0,696.7,693.4,692.2,693.8,645.5,643.2,640.9,639.7,638.0,642.2,649.5,656.0,663.3,670.0,643.0,637.8,632.8,628.6,639.8,637.7,637.2,640.8,645.6,645.2,644.0,645.1,645.5,643.6,642.4,655.3,657.1,659.0,663.1,658.6,655.9,658.1,648.7,645.0,645.6,648.7,656.3,669.4,657.1,649.9,645.9,645.1,647.6,656.7,646.1,646.9,650.4,666.2,652.0,648.0,647.3,0.954,0.179,-0.161,-0.003,389.627,223.837,-51.322,34.38,-2.393,5.478,-0.039,9.824,5.82,-11.578,-17.317,-13.694,-8.187000000000001,1.948,-3.466,-5.941,4.567,-4.65,-7.158,-2.8480000000000003,-5.2620000000000005,-2.151,1.324,-0.7390000000000001,2.82,-2.184,0.293,2.4290000000000003,-0.105,-0.289,-0.1639999999999999,-0.25,-0.135,0.096,0.006,0.0579999999999999,1.51,0.11,0.0,0.28,0.85,1.41,0.0,1.69,2.72,0.2,0.04,0.27,0.0,0.0,0.34,2.47,0.21,1.0,1.0,0.0,0.0,1.0,1.0,0.0,1.0,1.0,0.0,1.0,0.0,0.0,0.0,1.0,1.0,0.0,1.0
34,0,1.101,0.93,1,0.223863,0.605058,-0.764062,-0.036308,0.5641609999999999,-0.824866,0.1169999999999999,0.634,354.7,356.5,361.0,365.4,367.3,365.7,360.9,356.5,347.3,350.6,354.4,358.9,363.5,367.2,370.1,367.3,363.1,358.4,354.1,350.3,358.8,360.9,362.9,363.7,362.9,360.9,358.9,358.0,409.4,411.5,415.6,419.4,420.6,418.6,414.5,410.3,405.2,408.6,412.6,416.8,420.3,422.6,424.1,422.4,419.9,416.6,412.5,408.3,412.7,414.4,416.3,417.3,416.7,415.0,413.1,412.1,188.2,183.7,181.7,183.6,188.1,192.9,194.6,192.7,186.9,185.8,185.1,184.7,184.9,185.6,186.8,188.9,189.9,190.3,189.9,188.8,190.1,191.0,190.1,188.0,186.0,185.1,186.0,188.1,187.1,182.8,181.3,183.4,187.9,192.2,193.7,191.9,186.9,186.2,185.9,186.2,186.9,187.7,188.7,190.0,190.7,190.7,189.9,188.8,189.4,190.4,189.6,187.7,185.6,184.6,185.3,187.3,29.3,31.2,35.6,40.0,41.9,40.4,35.6,31.2,22.2,25.3,29.0,33.4,38.0,41.8,44.8,41.8,37.6,33.0,28.8,25.1,33.6,35.6,37.6,38.4,37.6,35.6,33.5,32.7,86.7,88.8,93.3,97.5,98.9,96.7,92.2,87.7,82.4,85.7,89.8,94.3,98.3,101.3,103.4,101.1,98.0,94.2,89.7,85.4,90.3,92.3,94.4,95.4,94.7,92.8,90.7,89.7,-169.9,-174.3,-176.2,-174.6,-170.4,-165.8,-164.0,-165.6,-172.3,-172.7,-172.8,-172.9,-172.8,-172.6,-171.9,-169.3,-167.9,-167.4,-168.2,-169.8,-168.4,-167.7,-168.6,-170.6,-172.5,-173.3,-172.4,-170.4,-177.4,-182.0,-184.0,-182.4,-178.0,-173.4,-171.4,-172.8,-177.7,-178.2,-178.5,-178.7,-178.7,-178.9,-178.8,-176.5,-174.9,-174.1,-174.5,-175.6,-175.8,-175.0,-176.0,-178.1,-180.1,-180.9,-180.0,-177.8,621.9,621.5,621.7,622.5,623.4,624.2,623.6,622.8,626.3,623.3,621.2,620.2,620.8,622.3,624.4,622.6,620.8,620.4,621.5,623.7,623.6,623.9,624.0,623.8,623.4,623.1,623.0,623.2,645.4,646.0,647.7,649.6,650.5,650.0,648.3,646.6,645.5,644.9,645.1,646.5,649.2,652.7,656.4,653.0,649.5,646.6,645.1,645.0,648.1,648.9,649.7,650.0,649.5,648.7,647.9,647.6,65.4,-143.0,665.8,0.3389999999999999,-0.039,-0.0279999999999999,311.2,311.2,313.4,319.1,330.3,344.9,358.3,372.2,387.0,401.3,413.1,423.5,431.9,438.4,442.1,444.4,445.2,332.8,342.1,353.7,365.2,375.4,405.5,414.9,423.7,432.2,437.8,390.7,391.4,392.4,393.3,375.8,383.2,391.0,398.2,404.1,347.4,355.3,363.1,369.8,362.5,354.8,404.7,412.4,419.9,425.5,420.1,412.8,360.4,372.7,383.4,389.8,396.6,404.3,410.8,403.7,395.9,388.8,381.9,371.6,364.3,383.0,389.4,396.2,407.6,395.8,389.0,382.3,184.5,207.0,229.9,251.9,271.3,286.9,298.5,305.9,306.7,302.6,291.1,276.3,259.4,241.0,221.9,202.6,183.6,169.3,160.6,157.4,159.0,163.1,162.3,158.9,157.6,159.6,166.6,182.0,195.4,208.6,222.2,228.4,231.5,234.4,231.4,228.0,187.7,185.3,185.3,187.5,189.8,190.0,187.5,185.4,185.5,187.7,189.9,189.8,250.6,246.9,245.8,247.4,245.9,247.1,249.7,260.7,264.9,266.1,265.4,261.2,251.5,250.7,251.5,250.4,251.0,256.9,258.4,257.8,-15.1,-15.2,-12.8,-6.5,5.9,21.7,35.9,50.5,66.5,82.9,97.2,109.8,119.1,125.7,129.3,131.5,132.7,8.1,17.6,29.4,41.1,51.3,82.2,92.8,102.9,113.0,119.9,67.3,67.5,67.9,68.3,51.8,59.1,66.9,74.6,81.2,23.1,31.2,39.2,46.2,38.6,30.6,83.0,91.2,99.3,105.8,99.4,91.5,37.1,49.2,59.9,66.5,73.8,82.7,91.1,82.1,73.1,65.4,58.3,48.0,41.1,59.6,66.2,73.6,87.3,73.3,65.9,59.0,-192.1,-168.5,-144.2,-120.1,-97.8,-79.9,-66.4,-57.8,-57.1,-62.3,-76.0,-93.3,-112.1,-132.0,-152.5,-173.3,-194.7,-197.4,-205.6,-207.8,-205.5,-200.5,-201.8,-207.6,-210.9,-211.1,-205.7,-182.4,-167.2,-152.5,-137.8,-134.2,-130.4,-127.3,-131.0,-135.5,-177.8,-179.9,-180.0,-177.8,-175.0,-174.5,-179.6,-182.3,-182.6,-181.3,-177.8,-177.3,-114.7,-116.7,-117.2,-115.5,-117.5,-117.6,-117.1,-103.5,-98.0,-96.3,-96.9,-101.7,-113.4,-112.3,-111.5,-113.1,-115.2,-106.7,-104.6,-105.2,688.1,692.3,697.1,698.7,693.4,687.7,679.2,672.1,674.8,682.6,694.2,701.3,700.6,697.2,694.1,692.6,694.3,651.0,648.4,645.2,643.0,640.4,642.2,649.0,655.4,662.5,668.8,644.4,638.9,633.5,628.8,641.1,638.6,637.4,640.9,645.7,649.1,647.5,648.2,648.0,646.6,645.8,655.1,656.7,658.2,661.8,657.6,655.3,659.0,649.2,645.2,645.4,648.0,655.2,668.2,655.5,648.4,644.7,644.3,647.5,657.3,646.2,646.6,649.6,664.9,651.0,647.4,647.2,0.954,0.156,-0.123,-0.003,386.865,223.96,-49.56100000000001,26.668000000000003,-3.853,7.851,-0.483,11.341,6.358,-8.825,-19.452,-13.267,-12.534,0.481,-2.41,-7.046,4.756,-4.189,-8.163,-3.05,-6.577000000000001,-2.563,1.119,-1.006,2.7910000000000004,-2.884,0.429,2.419,-0.5660000000000001,0.019,-0.237,-0.091,-0.052,-0.163,-0.048,0.1689999999999999,2.05,0.26,0.0,0.12,0.63,1.22,0.0,1.62,2.75,0.01,0.02,0.28,0.0,0.0,0.39,2.51,0.36,1.0,1.0,0.0,0.0,1.0,1.0,0.0,1.0,1.0,0.0,0.0,1.0,0.0,0.0,1.0,1.0,0.0,1.0
35,0,1.134,0.93,1,0.187216,0.608043,-0.771514,-0.068789,0.554747,-0.8291700000000001,0.074,0.628,350.7,352.6,357.1,361.6,363.4,361.7,357.0,352.5,343.0,346.7,350.8,355.4,360.0,363.6,366.3,363.7,359.7,355.0,350.5,346.4,354.8,356.8,358.9,359.8,358.9,356.9,354.8,354.0,405.5,407.5,411.8,415.9,417.4,415.4,411.1,406.6,401.2,404.7,408.9,413.4,417.0,419.5,421.0,419.3,416.8,413.4,409.0,404.5,409.1,410.9,412.8,413.7,413.1,411.2,409.3,408.4,189.2,184.5,182.4,184.1,188.7,193.6,195.4,193.7,187.7,186.8,186.3,185.9,186.0,186.3,187.2,189.4,190.6,191.1,190.7,189.6,190.9,191.7,190.8,188.6,186.6,185.8,186.7,188.9,187.0,182.4,180.7,182.9,187.7,192.3,194.0,192.2,187.1,186.2,185.7,185.9,186.7,187.5,188.7,190.1,190.6,190.6,190.0,189.0,189.4,190.4,189.6,187.6,185.4,184.4,185.2,187.2,25.0,26.8,31.2,35.7,37.5,36.0,31.3,26.9,17.6,21.1,25.0,29.6,34.0,37.7,40.5,37.8,33.8,29.2,24.8,20.9,29.1,31.1,33.1,34.0,33.1,31.1,29.1,28.2,77.8,79.8,84.3,88.5,90.0,88.0,83.5,78.9,73.6,77.0,81.1,85.6,89.5,92.5,94.5,92.3,89.3,85.6,81.1,76.8,81.6,83.5,85.5,86.4,85.7,83.8,81.8,80.9,-166.2,-170.6,-172.8,-171.5,-167.5,-162.9,-160.9,-162.2,-168.5,-168.7,-168.7,-169.0,-169.2,-169.4,-169.3,-166.5,-164.8,-164.1,-164.6,-166.1,-165.1,-164.5,-165.5,-167.5,-169.3,-169.9,-168.9,-166.9,-167.1,-171.8,-174.0,-172.4,-167.9,-163.2,-161.1,-162.4,-167.0,-167.9,-168.4,-168.6,-168.6,-168.8,-168.6,-166.3,-164.8,-164.0,-164.2,-165.1,-165.5,-164.8,-165.8,-167.9,-169.9,-170.7,-169.7,-167.6,611.9,611.3,611.9,613.3,614.7,615.7,614.7,613.3,615.1,612.6,610.9,610.4,611.6,613.6,616.1,614.1,611.8,610.9,611.4,613.0,614.1,614.8,615.0,614.8,614.1,613.5,613.2,613.5,607.8,608.6,610.5,612.3,613.0,612.2,610.3,608.6,607.7,607.2,607.5,609.0,611.8,615.3,619.0,615.5,611.9,609.0,607.4,607.3,610.3,611.2,612.0,612.4,612.1,611.2,610.4,610.0,62.1,-142.0,661.3,0.336,-0.005,-0.044,309.8,310.0,312.7,318.7,329.7,344.1,357.5,371.4,386.2,400.5,412.3,422.8,431.2,437.5,441.0,443.1,443.8,328.7,337.3,348.8,360.4,370.8,401.1,410.9,420.2,429.2,435.1,386.4,387.2,388.1,389.1,372.2,379.6,387.5,394.9,401.0,343.6,351.4,359.3,366.3,358.8,351.0,401.0,408.9,416.5,422.4,416.8,409.3,358.5,370.3,380.6,387.0,393.8,401.9,409.0,401.6,393.6,386.5,379.7,369.6,362.3,380.4,386.7,393.6,405.7,393.4,386.5,380.0,184.6,207.0,229.8,251.6,270.9,286.4,298.1,305.5,306.3,302.2,291.0,276.6,259.9,241.6,222.2,202.6,183.3,170.1,160.9,157.3,158.7,162.9,161.6,157.9,156.5,158.6,166.0,182.3,195.6,208.8,222.3,228.8,231.9,234.6,231.5,228.1,188.6,186.1,186.1,188.1,190.5,190.9,187.7,185.4,185.4,187.5,189.9,189.9,251.0,247.8,246.5,248.0,246.4,247.4,249.4,260.1,264.3,265.6,265.0,261.2,251.9,251.2,251.9,250.8,250.7,256.5,258.0,257.6,-16.7,-16.5,-13.6,-7.0,5.2,20.9,35.0,49.3,65.3,81.4,95.7,108.3,117.6,124.0,127.4,129.3,130.5,3.8,12.7,24.3,36.0,46.4,76.9,87.7,98.3,108.9,116.2,62.5,62.7,63.1,63.5,47.8,55.1,62.9,70.6,77.4,19.2,27.1,35.2,42.3,34.7,26.6,78.6,86.9,95.0,101.7,95.2,87.2,34.9,46.4,56.7,63.1,70.3,79.4,88.6,79.1,70.1,62.5,55.6,45.6,38.8,56.5,63.0,70.3,84.7,70.2,62.8,56.1,-192.0,-168.4,-144.2,-120.2,-98.1,-80.3,-66.7,-58.0,-57.3,-62.3,-75.7,-92.4,-110.8,-130.5,-151.3,-172.3,-194.0,-196.7,-205.1,-207.3,-204.7,-199.4,-200.5,-206.5,-210.1,-210.4,-204.8,-180.8,-165.7,-151.0,-136.4,-132.9,-129.2,-126.1,-129.9,-134.4,-176.6,-178.5,-178.6,-176.4,-173.6,-173.1,-178.1,-180.9,-181.2,-180.1,-176.4,-175.8,-113.7,-115.1,-115.6,-114.1,-116.0,-116.3,-116.6,-103.2,-97.8,-96.0,-96.6,-101.1,-112.4,-111.0,-110.3,-111.9,-114.6,-106.2,-104.1,-104.6,688.6,692.2,696.5,697.9,692.3,686.1,677.0,669.1,671.0,678.1,689.5,696.7,696.2,693.1,690.3,688.7,690.6,651.3,647.7,643.1,639.8,636.2,635.8,642.6,649.3,657.0,664.1,639.9,634.0,628.2,623.1,637.2,634.2,632.4,635.7,640.4,648.0,645.7,645.9,645.3,644.4,644.0,650.0,651.7,652.9,656.4,652.2,650.1,655.9,645.1,640.6,640.6,642.6,649.6,663.0,649.6,642.5,639.3,639.2,643.2,653.8,641.6,641.7,644.3,659.5,645.4,642.2,642.3,0.959,0.15,-0.084,-0.021,384.221,223.996,-40.94,23.372,-3.823,10.873,0.392,11.818,6.104,-6.332999999999999,-20.387,-12.876,-15.229,0.304,-2.992,-7.455,5.057,-3.475,-9.228,-3.227,-7.252000000000001,-2.628,1.232,-1.164,2.5860000000000003,-3.034,0.382,2.56,-0.544,0.011,-0.2319999999999999,-0.106,-0.063,-0.143,-0.04,0.1369999999999999,2.39,0.71,0.0,0.18,0.34,1.15,0.0,1.37,2.71,0.0,0.0,0.32,0.0,0.0,0.5,2.43,0.56,1.0,1.0,0.0,0.0,1.0,1.0,0.0,1.0,1.0,0.0,0.0,1.0,0.0,0.0,1.0,1.0,0.0,1.0
36,0,1.168,0.93,1,0.194731,0.584717,-0.787519,-0.088973,0.553685,-0.82796,0.065,0.614,347.6,349.3,353.6,358.0,359.9,358.5,353.9,349.5,340.5,343.5,347.2,351.6,356.1,359.8,362.5,359.7,355.7,351.2,347.0,343.4,351.7,353.7,355.7,356.4,355.6,353.6,351.6,350.8,402.1,404.2,408.7,413.0,414.5,412.3,407.8,403.1,397.5,401.2,405.6,410.4,414.4,416.9,418.3,416.6,413.9,410.3,405.7,401.0,405.7,407.6,409.8,410.8,410.1,408.1,406.0,405.0,189.6,185.1,183.1,184.8,189.1,193.9,195.7,194.0,188.9,187.6,186.9,186.4,186.5,187.1,188.3,190.7,191.9,192.5,192.1,190.9,191.4,192.2,191.2,189.2,187.2,186.5,187.4,189.4,187.0,182.1,180.2,182.4,187.4,192.2,194.1,192.3,187.4,185.9,185.0,185.0,185.8,186.8,188.3,189.8,190.6,190.7,190.2,189.2,189.3,190.4,189.5,187.2,184.9,183.9,184.7,187.0,22.6,24.3,28.7,33.1,35.1,33.7,29.1,24.6,15.6,18.6,22.2,26.6,31.2,34.9,37.8,34.9,30.7,26.2,22.1,18.5,26.9,28.9,30.9,31.6,30.7,28.7,26.7,26.0,69.7,71.7,76.0,80.1,81.7,79.6,75.3,70.8,65.6,68.8,72.8,77.4,81.4,84.3,86.0,84.0,81.1,77.4,73.0,68.7,73.3,75.2,77.2,78.2,77.5,75.6,73.5,72.6,-170.9,-175.3,-177.4,-175.9,-171.8,-167.2,-165.2,-166.7,-172.7,-173.2,-173.4,-173.6,-173.7,-173.5,-172.8,-170.0,-168.3,-167.7,-168.4,-170.1,-169.6,-168.9,-169.8,-171.8,-173.7,-174.4,-173.4,-171.4,-156.5,-161.0,-163.2,-161.8,-157.6,-153.0,-150.8,-152.0,-156.1,-157.3,-158.1,-158.6,-158.7,-158.8,-158.4,-156.1,-154.4,-153.5,-153.6,-154.4,-155.1,-154.4,-155.4,-157.5,-159.5,-160.2,-159.1,-157.0,630.8,630.3,630.6,631.3,632.2,633.0,632.4,631.7,635.0,632.1,630.0,628.9,629.5,631.1,633.1,631.5,629.8,629.5,630.6,632.6,632.4,632.8,632.9,632.7,632.3,631.9,631.8,632.0,568.7,569.1,570.9,572.9,574.0,573.5,571.8,569.9,568.7,568.1,568.3,569.8,572.8,576.5,580.3,576.8,573.3,570.4,568.7,568.4,571.4,572.3,573.1,573.3,572.8,571.9,571.1,570.9,59.4,-142.1,662.5,0.349,0.025,-0.06,308.0,308.6,311.8,318.0,329.0,343.2,356.3,370.2,385.1,399.4,411.4,422.1,430.6,436.8,440.2,442.0,442.8,324.9,333.5,344.6,355.8,365.9,397.4,407.3,416.7,426.0,432.5,382.5,383.2,384.0,385.0,369.0,376.3,384.0,391.4,397.7,340.0,347.7,355.8,362.8,355.3,347.3,397.7,405.5,413.3,419.6,413.9,406.1,356.1,367.6,377.8,384.0,390.9,399.3,407.2,399.2,391.0,383.9,377.1,367.0,359.9,377.6,383.9,390.8,403.8,390.7,383.8,377.3,185.7,207.8,230.2,251.8,270.7,286.1,297.7,305.1,305.7,301.6,290.5,276.2,259.8,241.5,222.0,202.4,182.9,170.2,161.4,158.0,159.4,163.3,161.6,157.5,155.9,157.6,164.4,182.9,196.2,209.3,222.7,229.6,232.5,235.1,231.9,228.3,189.5,186.8,186.7,188.9,191.6,192.0,187.9,185.1,184.9,187.0,189.8,190.1,251.6,248.4,247.1,248.5,246.8,247.5,249.1,260.0,264.3,265.7,265.2,261.6,252.5,251.8,252.4,251.1,250.5,256.6,258.2,257.9,-18.7,-18.1,-14.7,-7.8,4.4,20.0,33.9,48.2,64.2,80.2,94.6,107.3,116.6,122.9,126.1,127.8,128.9,-0.1,8.8,20.0,31.4,41.4,73.0,83.9,94.4,105.1,113.1,58.5,58.7,59.1,59.5,44.7,51.8,59.5,67.2,74.0,15.5,23.4,31.7,38.9,31.1,22.9,75.1,83.3,91.6,98.5,92.0,83.8,32.6,43.8,53.9,60.3,67.4,76.8,86.7,76.7,67.5,60.0,53.1,43.1,36.5,53.8,60.3,67.5,82.7,67.5,60.2,53.6,-191.6,-168.2,-144.3,-120.5,-98.6,-80.9,-67.3,-58.6,-58.0,-63.0,-76.2,-92.6,-110.7,-130.2,-151.0,-172.1,-193.9,-197.1,-205.1,-206.9,-204.3,-199.1,-200.1,-206.4,-210.1,-210.8,-205.8,-180.2,-165.3,-150.8,-136.3,-132.5,-128.9,-125.9,-129.7,-134.2,-176.3,-178.4,-178.5,-176.0,-173.0,-172.6,-177.7,-181.0,-181.4,-180.2,-176.2,-175.4,-113.5,-114.8,-115.3,-113.8,-115.8,-116.3,-117.0,-103.4,-97.9,-96.1,-96.6,-101.0,-112.3,-110.6,-110.0,-111.7,-114.9,-106.2,-104.2,-104.6,691.3,694.9,698.9,700.3,694.7,688.5,679.7,671.5,672.3,678.3,688.7,695.4,694.6,691.1,688.3,686.7,688.4,653.1,649.3,644.2,640.5,636.6,634.4,641.0,647.3,654.7,661.7,640.0,634.5,629.1,624.3,639.0,635.8,633.8,636.6,640.9,650.5,647.7,647.4,646.7,646.0,646.1,649.4,650.8,651.8,655.2,651.1,649.2,658.7,647.3,642.3,642.0,643.5,650.2,663.4,650.1,643.4,640.7,640.9,645.6,656.5,643.4,643.1,645.1,660.0,646.2,643.5,644.0,0.958,0.161,-0.046,-0.037,381.572,224.153,-43.409,20.317,-4.819,9.478,2.765,11.746,5.19,-4.6930000000000005,-20.549,-12.465,-15.93,1.499,-4.618,-7.797999999999999,5.839,-2.9130000000000003,-8.851,-2.923,-7.202000000000001,-2.7510000000000003,0.944,-1.526,2.142,-2.919,0.511,2.659,-0.645,-0.069,-0.131,-0.122,-0.1669999999999999,-0.109,-0.0279999999999999,0.083,2.45,0.95,0.0,0.2,0.18,1.02,0.0,1.14,2.71,0.11,0.0,0.13,0.0,0.0,0.7,2.28,0.73,1.0,1.0,0.0,0.0,1.0,1.0,0.0,1.0,1.0,0.0,0.0,1.0,0.0,0.0,0.0,1.0,0.0,1.0
37,0,1.2009999999999998,0.93,1,0.222815,0.59335,-0.773491,-0.099577,0.573191,-0.813349,0.078,0.634,343.9,345.7,350.1,354.5,356.4,354.7,350.1,345.7,335.1,338.8,342.9,347.6,352.2,355.8,358.5,355.9,352.0,347.3,342.8,338.6,347.8,349.8,351.8,352.6,351.8,349.8,347.8,347.0,398.8,400.8,405.3,409.5,411.1,409.1,404.7,400.0,394.2,397.7,402.0,406.7,410.7,413.5,415.2,413.4,410.5,406.8,402.2,397.6,402.6,404.5,406.5,407.4,406.7,404.8,402.8,401.8,190.3,185.6,183.5,185.2,189.9,194.9,196.7,195.0,189.5,188.6,188.1,187.6,187.6,187.8,188.5,190.8,192.0,192.5,192.2,191.2,192.2,193.0,192.0,189.9,187.8,187.0,188.0,190.1,187.4,182.7,180.7,182.7,187.5,192.2,194.2,192.5,187.6,186.6,186.1,186.1,186.6,187.2,188.2,189.8,190.6,190.9,190.4,189.4,189.6,190.5,189.6,187.4,185.3,184.3,185.2,187.4,18.1,19.9,24.2,28.5,30.3,28.8,24.2,19.9,9.8,13.3,17.2,21.7,26.1,29.7,32.5,29.9,26.0,21.4,17.0,13.1,22.0,24.0,25.9,26.7,25.9,24.0,22.0,21.2,69.6,71.6,75.9,80.2,81.9,79.9,75.5,70.9,65.3,68.5,72.6,77.2,81.3,84.5,86.6,84.4,81.2,77.3,72.8,68.5,73.5,75.4,77.4,78.3,77.6,75.6,73.6,72.7,-163.0,-167.5,-169.8,-168.6,-164.5,-159.7,-157.6,-158.9,-164.7,-164.9,-165.0,-165.3,-165.7,-166.0,-166.0,-163.2,-161.5,-160.7,-161.1,-162.4,-161.8,-161.3,-162.3,-164.4,-166.2,-166.8,-165.8,-163.7,-162.8,-167.4,-169.6,-168.2,-164.0,-159.4,-157.2,-158.3,-162.7,-163.4,-163.9,-164.3,-164.5,-164.9,-164.9,-162.5,-160.8,-159.9,-159.9,-160.8,-161.5,-160.8,-161.8,-163.9,-165.9,-166.5,-165.5,-163.4,604.1,604.0,605.1,606.7,608.0,608.5,607.0,605.3,607.4,605.0,603.5,603.1,604.3,606.4,608.9,606.7,604.3,603.3,603.8,605.3,606.6,607.3,607.8,607.7,607.2,606.4,606.0,606.0,593.2,593.5,595.0,596.8,597.8,597.5,596.0,594.5,593.6,592.8,592.7,593.9,596.6,600.1,603.8,600.4,597.1,594.4,593.0,593.0,595.8,596.6,597.2,597.4,596.9,596.1,595.4,595.3,56.0,-140.4,657.1,0.363,0.055,-0.079,306.2,307.3,310.9,317.3,328.2,342.3,355.3,368.8,383.9,398.4,410.8,421.7,430.1,436.2,439.4,440.9,441.4,320.6,328.9,339.8,351.1,361.2,392.6,402.8,412.5,422.2,429.3,378.3,379.1,380.0,380.9,365.4,372.7,380.6,388.1,394.6,335.9,343.5,351.5,358.7,351.2,343.2,394.2,402.2,410.0,416.6,410.5,402.7,353.9,364.7,374.8,381.2,388.1,396.9,405.3,397.1,388.7,381.3,374.5,364.4,357.7,374.8,381.2,388.2,401.8,388.3,381.3,374.7,187.2,208.9,230.9,252.0,270.7,285.9,297.5,305.0,305.8,301.5,290.1,275.8,259.5,241.3,221.9,202.2,183.0,170.6,161.9,158.7,160.2,164.3,162.4,158.1,156.0,157.1,163.4,183.7,197.1,210.2,223.7,230.3,233.3,235.8,232.4,228.6,190.3,187.9,187.6,189.4,192.1,192.7,188.2,185.6,185.4,187.0,189.8,190.1,252.4,249.1,247.7,249.0,247.2,247.8,249.2,260.6,265.4,266.9,266.5,262.8,253.2,252.5,253.0,251.7,250.7,257.2,259.0,258.7,-20.6,-19.5,-15.7,-8.5,3.5,18.9,32.6,46.5,62.5,78.7,93.3,106.1,115.3,121.2,124.1,125.4,126.2,-4.5,4.0,15.0,26.3,36.3,67.4,78.3,89.0,99.9,108.4,53.7,54.0,54.4,54.9,40.7,47.8,55.5,63.3,70.2,11.2,19.0,27.1,34.5,26.7,18.6,70.8,79.1,87.2,94.4,87.6,79.4,30.0,40.6,50.4,56.8,63.9,73.5,83.8,73.9,64.7,57.0,50.1,40.2,33.9,50.5,57.0,64.3,79.8,64.5,57.1,50.5,-189.2,-166.4,-143.1,-120.0,-98.4,-80.9,-67.3,-58.3,-57.6,-62.7,-76.0,-92.4,-110.2,-129.4,-149.8,-170.6,-191.9,-195.8,-203.3,-204.7,-201.8,-196.2,-197.0,-203.4,-207.4,-208.7,-204.4,-177.6,-162.8,-148.3,-133.9,-130.7,-127.0,-124.1,-127.9,-132.5,-174.7,-176.2,-176.3,-174.2,-171.4,-170.9,-175.7,-178.7,-179.1,-178.3,-174.4,-173.6,-112.0,-113.2,-113.7,-112.2,-114.3,-114.8,-115.7,-101.8,-96.0,-94.1,-94.6,-99.1,-110.7,-109.0,-108.4,-110.1,-113.5,-104.7,-102.6,-102.9,688.6,692.5,697.1,699.1,693.5,686.6,676.7,667.7,667.9,673.5,683.8,690.5,689.5,685.7,682.2,680.2,681.5,650.3,645.6,639.7,635.0,630.4,627.1,633.4,639.6,646.9,653.9,633.7,628.2,622.7,617.8,633.8,630.4,628.0,630.4,634.3,647.2,643.9,643.1,642.1,641.9,642.3,643.2,644.5,645.1,648.4,644.4,642.9,654.1,642.0,636.4,635.9,637.2,643.5,656.7,644.4,638.4,636.0,636.4,641.3,651.6,638.0,637.5,639.2,653.6,640.8,638.5,639.1,0.966,0.173,-0.01,-0.057,378.80300000000005,224.613,-37.973,18.741,-3.8,10.936,2.684,10.284,5.497000000000001,-1.286,-20.018,-11.787,-13.978,0.4589999999999999,-3.415,-7.606,6.021,-3.846,-9.498,-4.067,-8.31,-3.335,1.288,-1.806,2.537,-3.1460000000000004,-0.032,2.881,-0.8320000000000001,0.188,-0.346,-0.181,-0.064,-0.23,-0.0819999999999999,0.187,2.38,1.1,0.0,0.2,0.1,0.94,0.0,0.87,2.71,0.16,0.0,0.09,0.0,0.0,0.94,2.12,1.01,1.0,1.0,0.0,0.0,1.0,1.0,0.0,1.0,1.0,0.0,0.0,1.0,0.0,0.0,0.0,1.0,0.0,1.0
38,0,1.235,0.93,1,0.187154,0.58508,-0.789084,-0.098459,0.5537569999999999,-0.826837,0.055,0.614,339.7,341.5,346.2,351.2,353.5,352.0,346.9,341.9,331.8,335.0,339.0,343.8,348.9,353.1,356.5,353.4,348.7,343.6,339.0,335.0,344.4,346.7,348.8,349.7,348.6,346.4,344.2,343.3,396.7,398.5,402.9,407.2,409.0,407.1,402.8,398.0,392.0,395.4,399.7,404.3,408.4,411.2,413.1,411.2,408.3,404.5,400.0,395.4,400.5,402.5,404.4,405.2,404.5,402.5,400.6,399.8,191.6,186.7,184.5,186.1,190.7,195.8,197.9,196.2,190.0,189.5,189.3,189.0,188.9,188.9,189.3,192.2,193.8,194.5,194.0,192.5,193.2,194.0,192.9,190.7,188.6,187.8,188.9,191.1,187.8,183.0,181.0,183.0,187.7,192.4,194.4,192.8,188.4,187.3,186.5,186.4,186.9,187.5,188.5,190.1,191.0,191.3,190.9,190.1,189.8,190.7,189.8,187.7,185.6,184.7,185.6,187.7,13.2,14.8,19.1,23.6,25.7,24.5,19.8,15.3,6.2,9.1,12.6,16.9,21.5,25.3,28.5,25.6,21.4,16.8,12.6,9.0,17.5,19.6,21.6,22.3,21.3,19.3,17.3,16.6,68.5,70.4,74.7,79.1,80.9,79.0,74.7,69.9,64.2,67.3,71.3,75.9,80.1,83.3,85.6,83.3,80.1,76.2,71.6,67.3,72.5,74.5,76.4,77.2,76.4,74.5,72.5,71.7,-151.9,-155.9,-157.9,-156.6,-152.9,-148.7,-146.8,-148.1,-154.6,-154.2,-153.7,-153.7,-153.8,-154.2,-154.3,-151.4,-149.6,-149.0,-149.8,-151.7,-150.9,-150.3,-151.2,-153.1,-154.8,-155.4,-154.5,-152.6,-164.7,-169.4,-171.7,-170.3,-166.0,-161.3,-159.0,-160.2,-164.2,-165.1,-165.7,-166.1,-166.4,-166.7,-166.7,-164.3,-162.5,-161.6,-161.6,-162.4,-163.4,-162.7,-163.7,-165.8,-167.8,-168.4,-167.4,-165.3,567.3,566.0,565.6,566.5,568.0,569.7,569.6,568.8,572.1,568.8,566.4,565.0,565.3,566.7,568.6,567.5,566.2,566.3,567.6,569.7,569.0,569.4,569.2,568.6,567.9,567.6,567.7,568.3,601.4,601.9,603.4,605.0,605.7,605.3,603.8,602.4,601.9,601.0,600.8,601.9,604.4,607.7,611.3,608.0,604.8,602.2,601.0,601.2,603.8,604.5,605.2,605.4,605.0,604.3,603.7,603.5,53.3,-139.5,655.0,0.355,0.0819999999999999,-0.092,305.4,306.6,310.3,316.7,327.0,340.7,353.6,367.4,382.7,397.4,410.0,421.1,429.6,435.6,438.6,440.0,440.5,317.2,325.3,336.1,347.4,357.5,388.4,398.8,408.9,419.1,427.2,374.7,375.4,376.2,377.1,362.2,369.5,377.4,385.0,391.7,332.4,340.1,348.2,355.7,347.9,339.8,391.5,399.8,407.8,414.7,408.3,400.3,351.3,362.1,372.1,378.5,385.4,394.6,403.9,395.1,386.3,378.9,372.1,361.9,355.1,372.2,378.6,385.6,400.2,385.8,378.7,372.1,190.2,211.1,232.2,252.7,270.8,285.8,297.4,305.1,305.9,301.4,289.9,275.7,259.5,241.3,221.9,202.4,183.3,171.3,162.8,159.7,161.2,165.4,163.3,158.5,156.1,156.9,162.8,184.6,197.8,210.7,224.0,231.1,234.0,236.3,232.9,229.1,191.5,189.0,188.7,190.5,193.3,194.0,188.9,186.1,185.7,187.3,190.3,190.8,253.0,249.9,248.3,249.6,247.7,248.2,249.2,260.8,265.6,267.2,267.0,263.4,253.8,253.3,253.7,252.3,250.8,257.4,259.2,259.0,-21.5,-20.2,-16.3,-9.2,2.2,17.1,30.8,44.9,61.0,77.2,92.0,105.0,114.2,120.0,122.8,124.1,124.9,-8.1,0.3,11.3,22.6,32.5,62.9,74.0,84.9,96.4,105.7,50.0,50.2,50.5,50.9,37.3,44.5,52.1,59.9,67.0,7.7,15.5,23.7,31.4,23.4,15.2,67.8,76.4,84.7,92.2,85.1,76.7,27.3,37.7,47.4,53.8,60.9,70.8,82.0,71.4,61.9,54.3,47.5,37.5,31.2,47.7,54.1,61.3,77.8,61.6,54.3,47.7,-186.2,-164.0,-141.5,-119.2,-98.3,-81.0,-67.3,-58.1,-57.3,-62.5,-75.8,-92.1,-109.7,-128.9,-149.3,-170.1,-191.1,-195.6,-202.8,-203.8,-200.5,-194.7,-195.4,-202.0,-206.4,-208.0,-204.0,-176.2,-161.5,-147.2,-133.0,-129.5,-125.9,-123.1,-127.0,-131.5,-173.9,-175.3,-175.3,-173.0,-170.3,-169.8,-174.5,-177.7,-178.2,-177.5,-173.3,-172.4,-111.2,-112.1,-112.5,-111.2,-113.3,-113.8,-115.1,-101.2,-95.3,-93.4,-93.7,-98.2,-109.8,-107.9,-107.3,-109.0,-113.0,-104.0,-101.9,-102.2,689.4,692.6,696.4,698.2,693.1,686.3,676.3,666.4,665.6,670.6,680.4,687.0,686.3,682.8,679.8,678.5,680.1,652.2,646.8,639.9,634.4,629.2,624.5,630.5,636.7,644.0,650.7,631.9,626.0,620.1,614.8,631.9,628.4,625.8,628.0,631.8,648.9,644.8,643.6,642.1,642.3,643.3,641.2,642.5,643.1,646.2,642.2,640.8,653.3,640.2,633.9,633.2,634.1,640.2,653.6,641.1,635.1,633.1,633.8,639.4,650.5,635.6,634.8,636.2,650.5,637.5,635.5,636.5,0.969,0.165,0.02,-0.071,376.402,225.151,-32.723,14.153,-3.026,11.434,3.3080000000000003,8.474,2.441,-0.401,-20.709,-10.377,-12.282,0.612,-4.913,-7.712999999999999,5.529,-4.827,-9.574,-3.466,-8.147,-2.9,1.077,-2.275,1.972,-3.381,-0.415,3.095,-0.847,0.07,-0.387,-0.19,-0.19,-0.212,-0.098,0.142,2.16,1.08,0.0,0.04,0.08,0.95,0.0,0.77,2.66,0.27,0.0,0.0,0.0,0.0,1.19,1.93,1.1,1.0,1.0,0.0,0.0,1.0,1.0,0.0,1.0,1.0,0.0,0.0,1.0,0.0,0.0,0.0,1.0,0.0,1.0
39,0,1.268,0.93,1,0.185141,0.585558,-0.789205,-0.134165,0.549597,-0.824586,0.032,0.613,337.5,339.4,343.8,348.2,350.0,348.4,343.8,339.4,328.8,332.5,336.7,341.4,346.0,349.6,352.3,349.6,345.6,340.9,336.3,332.2,341.5,343.5,345.5,346.4,345.5,343.5,341.5,340.7,393.0,394.8,399.2,403.8,405.7,403.9,399.4,394.5,388.4,391.9,396.3,401.1,405.1,408.0,409.9,408.0,405.1,401.3,396.6,391.9,396.9,399.0,401.1,402.0,401.1,398.9,396.9,396.0,192.2,187.5,185.3,186.8,191.2,196.1,198.1,196.6,190.5,189.8,189.5,189.2,189.2,189.4,190.1,192.7,194.1,194.7,194.2,192.8,193.7,194.4,193.4,191.3,189.3,188.6,189.6,191.7,187.8,182.9,180.7,182.6,187.5,192.5,194.6,193.0,188.5,187.3,186.4,186.2,186.7,187.3,188.4,189.9,190.8,191.2,190.8,190.2,190.0,190.9,189.9,187.6,185.3,184.4,185.4,187.7,11.9,13.7,17.9,22.2,24.0,22.5,18.0,13.7,3.6,7.1,11.1,15.6,20.0,23.5,26.2,23.6,19.7,15.2,10.8,6.8,15.8,17.7,19.7,20.5,19.6,17.7,15.8,15.0,62.6,64.3,68.6,73.0,74.9,73.2,68.9,64.1,58.4,61.6,65.6,70.2,74.3,77.4,79.6,77.4,74.3,70.4,65.9,61.6,66.6,68.6,70.6,71.4,70.5,68.5,66.5,65.7,-159.8,-164.1,-166.4,-165.5,-161.7,-157.3,-155.1,-156.1,-162.4,-162.3,-162.2,-162.3,-162.6,-163.0,-163.1,-160.1,-158.2,-157.4,-157.9,-159.6,-159.1,-158.6,-159.7,-161.6,-163.3,-163.8,-162.7,-160.8,-158.7,-163.4,-165.8,-164.5,-160.2,-155.4,-153.0,-154.1,-158.1,-159.0,-159.8,-160.3,-160.6,-160.9,-160.9,-158.5,-156.8,-155.8,-155.7,-156.4,-157.3,-156.6,-157.7,-160.0,-162.0,-162.6,-161.5,-159.3,598.9,598.2,599.0,600.7,602.5,603.6,602.4,600.7,602.3,599.7,598.0,597.6,598.8,601.0,603.5,601.7,599.5,598.6,599.1,600.4,601.5,602.3,602.6,602.3,601.5,600.7,600.4,600.7,579.5,580.1,581.6,583.2,584.0,583.4,581.8,580.4,579.8,579.0,579.0,580.1,582.7,586.1,589.6,586.3,583.0,580.3,579.0,579.2,581.8,582.6,583.3,583.6,583.3,582.5,581.8,581.5,51.0,-139.4,656.8,0.354,0.119,-0.108,304.6,306.3,310.3,317.0,327.2,340.5,352.9,366.2,381.5,396.6,409.7,421.0,429.4,435.0,437.7,438.9,439.2,314.5,322.1,332.5,343.4,353.4,384.0,394.5,404.8,415.3,423.6,370.9,371.5,372.2,373.0,359.0,366.2,374.0,381.7,388.5,329.8,337.1,345.1,352.5,344.9,336.9,388.3,396.4,404.4,411.4,404.9,396.9,349.5,359.7,369.4,375.8,382.7,392.3,402.4,393.1,384.1,376.6,369.8,359.8,353.3,369.7,376.1,383.2,398.6,383.5,376.4,369.8,192.0,212.6,233.4,253.4,271.2,285.8,297.3,305.0,305.7,301.2,289.8,275.8,259.6,241.7,222.5,203.4,184.6,172.7,164.1,160.8,162.1,166.2,163.8,159.0,156.7,157.3,163.1,185.0,198.2,211.1,224.4,231.8,234.5,236.7,233.2,229.3,192.1,189.4,189.0,190.9,193.6,194.4,188.9,185.9,185.6,187.2,190.1,190.6,253.7,250.7,249.0,250.2,248.2,248.5,249.3,260.7,265.8,267.5,267.3,263.9,254.5,253.9,254.3,252.7,250.9,257.6,259.5,259.4,-22.6,-20.8,-16.4,-9.0,2.4,17.0,30.1,43.7,59.9,76.3,91.5,104.8,113.8,119.2,121.6,122.6,123.3,-11.0,-3.0,7.6,18.7,28.5,58.7,69.8,80.9,92.4,101.8,46.3,46.4,46.6,47.0,34.3,41.3,48.9,56.7,63.9,5.0,12.5,20.7,28.2,20.4,12.3,64.7,73.0,81.2,88.8,81.6,73.4,25.6,35.4,44.9,51.3,58.3,68.7,80.5,69.6,59.8,52.1,45.3,35.5,29.4,45.3,51.7,59.0,76.2,59.4,52.0,45.5,-185.7,-163.6,-141.2,-119.2,-98.4,-81.3,-67.7,-58.4,-57.5,-62.6,-75.8,-91.9,-109.4,-128.3,-148.4,-168.7,-189.4,-195.7,-202.8,-203.9,-200.7,-194.8,-195.4,-201.9,-206.0,-207.4,-203.3,-176.4,-161.6,-147.2,-132.9,-129.4,-125.8,-123.0,-126.9,-131.5,-174.3,-175.9,-175.8,-173.5,-170.8,-170.4,-174.8,-178.0,-178.4,-177.5,-173.6,-172.7,-110.9,-111.8,-112.3,-110.9,-113.0,-113.7,-115.1,-101.4,-95.4,-93.4,-93.7,-98.1,-109.6,-107.6,-107.0,-108.8,-113.0,-104.0,-101.9,-102.2,694.9,697.9,701.5,702.9,697.1,689.2,678.3,667.7,665.9,670.2,679.6,686.2,685.5,681.8,678.7,677.2,678.9,656.9,651.0,643.8,637.7,632.2,626.5,631.8,637.2,643.5,649.4,633.9,628.0,622.0,616.5,634.6,630.5,627.5,629.3,632.7,652.7,648.3,646.7,645.1,645.6,646.9,642.4,643.1,643.2,646.0,642.4,641.5,656.3,642.8,636.0,635.0,635.6,641.3,654.2,642.3,636.5,634.9,635.9,642.0,653.4,637.8,636.7,637.7,651.3,638.9,637.2,638.5,0.966,0.163,0.066,-0.089,374.021,225.59,-33.186,13.434,-3.236,10.25,3.55,9.785,3.32,1.975,-18.78,-8.434,-12.223,0.972,-4.404,-7.928,5.305,-5.234,-9.194,-3.695,-7.099,-2.975,1.783,-2.451,2.035,-3.451,-0.289,2.974,-1.17,0.208,-0.3929999999999999,-0.163,-0.2189999999999999,-0.284,-0.126,0.127,2.01,1.02,0.0,0.0,0.04,0.94,0.0,0.65,2.56,0.29,0.0,0.03,0.0,0.0,1.33,1.89,1.16,1.0,1.0,0.0,0.0,1.0,1.0,0.0,1.0,1.0,1.0,0.0,1.0,0.0,1.0,0.0,1.0,0.0,1.0
40,0,1.301,0.93,1,0.11936,0.591033,-0.797768,-0.116049,0.551702,-0.8259280000000001,0.002,0.613,334.2,336.2,340.7,345.1,346.8,345.1,340.3,335.9,326.0,330.0,334.3,338.9,343.3,346.8,349.3,346.9,343.1,338.6,334.0,329.7,338.0,340.1,342.3,343.2,342.4,340.3,338.1,337.2,390.6,392.2,396.6,401.0,403.0,401.3,397.0,392.1,385.4,388.9,393.3,398.1,402.2,405.1,406.9,405.1,402.3,398.5,393.8,389.0,394.5,396.5,398.4,399.2,398.3,396.3,394.4,393.6,193.3,188.6,186.3,187.7,192.2,197.1,199.2,197.7,191.6,191.1,190.9,190.4,190.2,190.1,190.5,193.3,195.0,195.9,195.4,194.0,194.8,195.5,194.4,192.2,190.1,189.4,190.5,192.7,188.2,183.3,181.1,183.0,187.8,192.8,194.9,193.4,189.0,187.6,186.7,186.4,186.8,187.5,188.7,190.3,191.2,191.5,191.2,190.6,190.3,191.2,190.2,188.0,185.8,184.9,185.9,188.1,8.7,10.6,14.9,19.1,20.9,19.2,14.6,10.4,1.0,4.7,8.8,13.1,17.3,20.7,23.3,20.9,17.2,12.9,8.5,4.4,12.4,14.4,16.5,17.4,16.6,14.5,12.5,11.6,60.5,62.1,66.3,70.6,72.6,70.9,66.7,62.0,55.8,58.9,62.9,67.5,71.6,74.8,77.0,74.8,71.8,67.9,63.4,59.0,64.4,66.3,68.2,69.0,68.1,66.2,64.3,63.5,-158.0,-162.3,-164.7,-163.9,-160.2,-155.9,-153.5,-154.4,-160.1,-160.1,-160.0,-160.4,-161.1,-161.8,-162.1,-158.9,-156.7,-155.6,-156.0,-157.6,-157.3,-156.9,-158.1,-160.1,-161.8,-162.2,-161.1,-159.1,-158.5,-163.3,-165.8,-164.5,-160.2,-155.5,-153.0,-154.0,-157.9,-158.9,-159.8,-160.4,-160.7,-161.0,-161.0,-158.5,-156.8,-155.7,-155.6,-156.2,-157.3,-156.7,-157.8,-160.0,-161.9,-162.5,-161.3,-159.2,596.1,595.3,596.1,598.3,600.4,601.8,600.4,598.3,598.1,596.1,594.9,595.0,596.5,598.8,601.6,599.7,597.4,596.0,596.0,596.9,599.1,600.1,600.5,600.1,599.1,598.1,597.7,598.1,580.4,581.1,582.9,584.6,585.3,584.6,582.9,581.3,580.7,579.9,579.9,581.1,583.8,587.2,590.9,587.4,584.0,581.3,579.9,580.0,582.9,583.7,584.4,584.8,584.4,583.7,582.9,582.6,48.6,-139.3,657.9,0.357,0.149,-0.123,303.7,305.7,309.9,316.6,326.3,339.2,351.6,365.1,380.7,396.1,409.5,421.0,429.2,434.4,436.8,437.7,438.1,311.9,318.7,328.7,339.6,349.6,379.9,390.7,401.3,412.0,420.7,367.4,367.9,368.5,369.3,356.3,363.4,371.0,378.6,385.4,327.4,334.4,342.3,349.7,342.2,334.4,385.4,393.4,401.4,408.5,401.9,393.9,347.9,357.5,366.9,373.2,380.0,389.8,400.4,390.8,381.7,374.3,367.6,357.8,351.6,367.4,373.6,380.6,396.5,381.0,374.0,367.6,193.4,213.5,233.6,253.1,270.6,285.2,296.7,304.5,305.2,300.4,289.0,275.2,259.3,241.6,222.7,203.8,185.3,174.5,165.6,162.0,163.1,167.0,164.4,159.4,157.0,157.7,163.4,185.9,198.9,211.7,224.9,232.4,235.1,237.2,233.6,229.7,193.3,190.5,190.0,191.7,194.6,195.4,189.4,186.3,185.9,187.4,190.4,191.0,254.4,251.4,249.7,250.7,248.7,248.8,249.4,260.7,265.7,267.5,267.5,264.4,255.1,254.6,254.8,253.2,251.0,257.7,259.6,259.6,-23.7,-21.5,-16.9,-9.5,1.4,15.6,28.8,42.6,59.0,75.7,91.3,104.6,113.5,118.6,120.6,121.3,121.9,-13.8,-6.5,3.8,14.9,24.8,54.7,66.0,77.2,88.9,98.6,42.8,42.9,43.1,43.5,31.7,38.6,46.0,53.7,60.9,2.5,9.8,17.8,25.4,17.7,9.7,61.7,69.9,78.1,85.8,78.6,70.3,24.0,33.3,42.4,48.7,55.6,66.1,78.4,67.2,57.4,49.8,43.2,33.6,27.7,43.0,49.3,56.4,74.0,56.9,49.7,43.3,-185.2,-163.5,-141.7,-120.1,-99.6,-82.3,-68.5,-59.0,-58.1,-63.5,-76.7,-92.5,-109.7,-128.3,-148.0,-168.0,-188.4,-195.1,-202.4,-203.6,-200.4,-194.5,-195.0,-201.5,-205.6,-206.8,-202.7,-175.8,-161.1,-146.9,-132.7,-129.1,-125.6,-122.8,-126.7,-131.2,-173.8,-175.5,-175.5,-173.2,-170.4,-170.0,-174.5,-177.7,-178.1,-177.2,-173.3,-172.5,-110.4,-111.2,-111.8,-110.5,-112.6,-113.4,-115.0,-101.4,-95.5,-93.5,-93.7,-97.8,-109.2,-107.1,-106.7,-108.4,-112.8,-104.0,-101.9,-102.1,699.0,701.9,705.2,706.4,700.3,691.8,680.1,668.5,666.1,670.0,679.2,685.7,685.1,681.6,678.3,676.7,678.2,661.2,654.8,646.8,639.9,633.8,627.1,631.9,636.9,642.7,648.4,634.9,629.1,623.1,617.6,636.4,632.2,628.9,630.3,633.3,655.7,651.1,649.1,647.3,648.0,649.8,643.0,643.3,643.2,645.8,642.5,641.8,657.9,644.1,637.1,635.9,636.1,641.3,653.8,642.4,637.0,635.6,636.9,643.3,654.9,638.9,637.6,638.3,651.0,639.3,638.0,639.4,0.964,0.1639999999999999,0.1009999999999999,-0.104,371.729,225.98,-29.645,11.663,-4.692,8.911,3.512,9.057,3.054,3.649,-17.373,-6.561,-13.263,0.1639999999999999,-3.963,-7.861000000000001,5.565,-5.165,-9.201,-2.971,-7.117000000000001,-2.466,2.01,-2.794,1.95,-3.648,-0.715,3.028,-1.192,0.1889999999999999,-0.372,-0.181,-0.185,-0.2339999999999999,-0.105,0.115,1.77,0.91,0.0,0.0,0.01,0.59,0.0,0.6,2.43,0.35,0.0,0.1,0.0,0.0,1.36,1.98,0.97,1.0,1.0,0.0,0.0,0.0,1.0,0.0,1.0,1.0,1.0,0.0,1.0,0.0,1.0,0.0,1.0,0.0,1.0
41,0,1.335,0.93,1,0.097908,0.599418,-0.7944260000000001,-0.184574,0.570677,-0.800163,-0.054,0.633,330.9,332.4,336.8,341.6,344.0,342.8,338.0,333.2,324.3,327.2,330.7,334.8,339.4,343.5,346.9,344.0,339.7,335.1,330.8,327.2,335.5,337.7,339.8,340.5,339.4,337.2,335.1,334.4,387.2,388.6,393.0,397.9,400.3,398.9,394.5,389.2,382.5,386.2,390.7,395.7,399.9,402.8,404.7,403.1,400.3,396.4,391.5,386.5,391.5,393.7,395.7,396.4,395.3,393.0,391.0,390.3,193.7,188.9,186.6,188.2,192.6,197.7,199.7,198.2,192.8,192.0,191.5,190.8,190.4,190.4,190.7,193.3,194.8,195.7,195.5,194.6,195.4,196.1,195.0,192.8,190.7,189.9,191.0,193.3,188.5,183.3,181.0,182.9,187.9,193.1,195.4,193.9,189.4,187.5,186.2,185.8,186.4,187.6,189.3,190.4,190.9,191.0,190.9,190.6,190.8,191.7,190.6,188.3,185.9,185.1,186.1,188.5,5.8,7.2,11.5,16.2,18.6,17.5,12.8,8.1,-0.7,2.2,5.5,9.6,14.0,18.1,21.4,18.6,14.4,9.8,5.7,2.2,10.3,12.5,14.6,15.2,14.1,11.9,9.8,9.2,54.4,55.7,59.8,64.2,66.4,65.0,60.9,56.1,50.3,53.4,57.4,61.9,65.9,69.0,71.1,69.1,66.2,62.5,58.1,53.7,58.3,60.4,62.2,62.9,61.9,59.9,58.0,57.3,-162.8,-167.2,-169.3,-167.9,-163.7,-159.1,-157.2,-158.6,-164.9,-164.9,-164.7,-164.9,-165.3,-165.6,-165.7,-162.9,-161.1,-160.3,-160.9,-162.4,-161.4,-160.7,-161.7,-163.8,-165.8,-166.5,-165.5,-163.4,-149.9,-154.8,-157.4,-156.1,-151.8,-146.9,-144.3,-145.2,-149.1,-150.6,-151.8,-152.6,-152.8,-152.8,-152.2,-150.2,-148.8,-147.9,-147.6,-147.8,-148.4,-147.9,-149.1,-151.3,-153.3,-153.9,-152.7,-150.5,615.6,614.6,614.1,614.4,615.2,616.5,616.7,616.4,620.4,617.2,614.7,613.2,613.1,614.1,615.7,614.4,613.2,613.4,615.1,617.6,616.8,616.9,616.6,616.2,615.8,615.7,615.9,616.4,549.7,551.0,553.0,554.5,554.6,553.3,551.4,550.0,549.7,549.3,549.6,551.0,553.8,557.2,560.7,557.0,553.3,550.5,549.0,549.0,551.9,552.6,553.5,554.1,554.0,553.3,552.4,551.8,46.2,-139.3,658.8,0.374,0.168,-0.128,303.1,305.1,309.2,315.5,324.5,336.6,348.6,362.1,378.2,394.3,408.3,420.2,428.8,433.9,436.1,436.8,437.0,309.7,316.1,325.7,336.4,346.3,376.5,387.5,398.3,409.1,418.0,364.0,364.5,365.1,365.7,353.6,360.5,368.0,375.6,382.5,324.6,331.3,339.1,346.7,339.2,331.5,383.0,390.9,399.0,406.3,399.6,391.6,346.0,355.1,364.2,370.5,377.2,387.5,398.7,388.8,379.3,371.9,365.3,355.7,349.7,364.8,371.0,378.0,394.7,378.5,371.4,365.1,194.5,213.5,232.4,250.7,267.7,282.2,293.9,302.6,303.9,299.4,288.1,274.5,258.9,241.5,222.9,204.2,185.9,175.4,166.9,163.4,164.5,168.2,165.6,160.4,157.8,158.4,163.8,186.6,199.6,212.4,225.6,232.9,235.6,237.6,234.0,230.1,193.8,190.9,190.3,192.1,194.9,195.9,189.5,186.2,185.7,187.3,190.3,191.0,254.8,252.0,250.3,251.3,249.3,249.3,249.7,261.0,266.2,268.0,267.9,264.7,255.5,255.2,255.4,253.8,251.3,258.1,260.0,259.9,-24.4,-22.3,-17.8,-10.7,-0.5,12.8,25.7,39.6,56.5,73.8,90.0,104.0,113.3,118.3,120.0,120.4,120.8,-16.1,-9.3,0.7,11.6,21.5,51.3,62.7,74.1,85.8,95.6,39.4,39.5,39.7,40.0,28.9,35.8,43.1,50.8,57.9,-0.4,6.6,14.6,22.4,14.7,6.7,59.3,67.4,75.6,83.4,76.1,67.9,22.0,30.8,39.8,46.0,52.9,63.8,76.6,65.2,55.1,47.5,40.9,31.4,25.8,40.5,46.7,53.8,72.2,54.4,47.2,40.8,-184.3,-163.8,-143.3,-123.0,-103.2,-85.9,-71.7,-61.2,-59.5,-64.6,-77.7,-93.3,-110.4,-128.7,-148.1,-167.8,-187.8,-194.8,-201.7,-202.6,-199.3,-193.4,-193.9,-200.5,-204.5,-205.5,-201.6,-175.0,-160.4,-146.2,-132.0,-128.8,-125.3,-122.5,-126.3,-130.8,-174.0,-175.7,-175.7,-173.3,-170.6,-170.2,-174.4,-177.7,-178.1,-177.2,-173.2,-172.5,-110.3,-110.8,-111.3,-110.0,-112.0,-112.9,-114.6,-101.2,-95.1,-93.2,-93.5,-97.8,-109.1,-106.6,-106.1,-107.8,-112.5,-103.6,-101.6,-101.9,700.3,702.9,706.3,708.0,702.9,694.6,682.7,670.4,666.9,670.3,679.7,686.6,686.6,683.0,679.3,677.3,678.1,663.7,656.7,648.4,640.9,634.3,627.3,631.5,636.0,641.1,646.3,634.9,629.1,623.2,617.7,637.4,633.2,629.7,630.7,633.2,658.3,653.3,650.9,648.9,650.1,652.2,643.0,643.1,642.7,645.1,642.1,641.8,659.5,645.2,637.9,636.5,636.3,641.4,653.6,642.9,637.8,636.9,638.3,645.2,656.3,639.8,638.3,638.5,651.1,639.7,638.8,640.6,0.963,0.177,0.122,-0.109,369.382,226.136,-25.168000000000003,5.563,-5.285,8.502,2.544,7.646,1.341,6.747000000000001,-14.001,-3.745,-11.875,-0.071,-2.879,-8.383,4.763,-5.299,-8.352,-2.377,-6.79,-2.362,2.192,-1.731,2.559,-3.299,-0.941,2.8480000000000003,-1.425,0.311,-0.38,-0.25,-0.132,-0.215,-0.084,0.184,1.42,0.73,0.0,0.0,0.0,0.29,0.0,0.58,2.35,0.37,0.0,0.19,0.0,0.0,1.36,2.03,0.86,1.0,1.0,0.0,0.0,0.0,1.0,0.0,1.0,1.0,1.0,0.0,1.0,0.0,1.0,0.0,0.0,0.0,1.0
42,0,1.368,0.93,1,0.061599,0.621107,-0.781301,-0.218317,0.592026,-0.775786,-0.1,0.662,328.2,329.5,333.9,338.6,341.0,340.0,335.3,330.6,322.2,324.9,328.3,332.3,336.7,340.8,344.2,341.3,337.1,332.5,328.4,325.0,332.7,335.0,337.1,337.8,336.6,334.3,332.2,331.5,384.2,385.7,390.2,395.0,397.4,395.9,391.4,386.2,380.0,383.6,388.0,392.9,397.2,400.2,402.2,400.4,397.5,393.6,388.7,383.8,388.5,390.8,392.9,393.5,392.4,390.2,388.1,387.5,194.5,189.8,187.5,189.0,193.3,198.2,200.3,198.8,193.4,192.9,192.6,192.1,191.6,191.4,191.5,193.9,195.3,196.2,196.0,195.1,196.1,196.8,195.7,193.4,191.3,190.6,191.7,194.0,189.1,184.0,181.8,183.6,188.5,193.6,195.9,194.4,190.0,188.2,186.9,186.4,187.0,188.1,189.8,190.9,191.3,191.5,191.3,191.2,191.4,192.2,191.2,188.9,186.6,185.7,186.8,189.1,3.2,4.5,8.8,13.6,16.0,15.1,10.4,5.6,-2.8,-0.1,3.3,7.2,11.7,15.7,19.2,16.3,12.1,7.5,3.4,-0.0,7.7,10.1,12.2,12.8,11.6,9.3,7.2,6.6,52.9,54.4,58.6,63.0,65.2,63.7,59.5,54.7,49.2,52.3,56.3,60.8,64.9,68.0,70.3,68.2,65.1,61.3,56.8,52.5,57.0,59.0,61.0,61.7,60.7,58.6,56.7,56.0,-165.9,-170.3,-172.3,-170.9,-166.8,-162.3,-160.4,-161.8,-168.3,-167.9,-167.6,-167.6,-168.0,-168.4,-168.7,-166.0,-164.3,-163.6,-164.2,-165.9,-164.6,-163.9,-164.9,-167.0,-169.0,-169.7,-168.7,-166.6,-152.7,-157.6,-160.1,-158.7,-154.3,-149.5,-147.0,-148.0,-151.9,-153.4,-154.6,-155.4,-155.5,-155.4,-154.9,-152.9,-151.5,-150.7,-150.4,-150.7,-151.2,-150.5,-151.7,-153.9,-156.0,-156.6,-155.4,-153.2,630.5,629.2,628.4,628.4,629.3,630.9,631.4,631.4,635.3,632.0,629.4,627.7,627.4,628.2,629.7,628.6,627.7,628.0,629.8,632.4,631.5,631.5,631.1,630.5,630.1,630.1,630.5,631.1,561.9,563.0,564.8,566.0,566.0,564.8,563.1,562.0,562.0,561.5,561.6,562.9,565.4,568.8,572.2,568.5,565.0,562.3,561.0,561.2,563.8,564.4,565.2,565.7,565.7,565.1,564.3,563.8,44.0,-139.7,662.2,0.411,0.1889999999999999,-0.136,302.5,304.4,308.2,314.4,323.0,334.5,345.9,359.0,375.0,391.3,405.9,418.7,428.0,433.4,435.5,436.0,436.1,307.7,313.5,322.7,333.2,342.9,373.3,384.4,395.4,406.3,415.3,360.8,361.2,361.7,362.3,350.8,357.7,365.1,372.6,379.5,322.3,328.8,336.5,343.9,336.6,329.1,380.5,388.2,396.2,403.6,396.8,388.9,344.0,352.7,361.7,367.9,374.6,385.2,396.6,386.7,376.9,369.5,362.9,353.4,347.7,362.3,368.5,375.4,392.7,375.9,368.9,362.6,195.8,213.7,231.6,248.9,265.4,279.9,292.0,301.7,303.6,299.1,287.4,273.4,257.7,240.2,221.7,203.1,184.9,175.8,167.8,164.6,165.7,169.5,166.9,161.3,158.6,159.2,164.3,188.0,200.9,213.6,226.6,233.6,236.3,238.4,234.7,230.9,194.5,191.8,191.1,192.7,195.6,196.5,190.0,186.9,186.5,187.8,190.8,191.5,254.8,252.4,250.9,251.9,249.8,249.6,249.6,261.4,266.9,268.7,268.6,265.0,255.6,256.0,256.2,254.6,251.2,258.7,260.5,260.4,-25.1,-23.1,-18.9,-12.0,-2.3,10.5,22.9,36.6,53.5,71.2,87.9,102.7,112.7,118.0,119.5,119.6,119.7,-18.3,-12.0,-2.4,8.4,18.1,48.2,59.7,71.1,82.7,92.5,36.2,36.4,36.5,36.8,26.3,33.1,40.4,48.0,55.1,-2.8,4.0,11.9,19.6,12.1,4.3,56.9,64.7,72.8,80.6,73.3,65.2,20.1,28.6,37.4,43.6,50.4,61.7,74.7,63.4,53.0,45.4,38.8,29.4,23.9,38.2,44.4,51.5,70.4,52.1,44.9,38.5,-183.3,-164.0,-144.8,-125.7,-106.4,-89.1,-74.4,-62.7,-60.3,-65.4,-78.8,-94.8,-112.0,-130.4,-149.7,-169.0,-188.6,-195.3,-201.5,-202.2,-198.6,-192.8,-192.9,-199.5,-203.5,-204.3,-200.5,-174.1,-159.7,-145.7,-131.7,-128.8,-125.2,-122.5,-126.3,-130.6,-174.2,-175.6,-175.5,-173.3,-170.8,-170.4,-174.1,-177.1,-177.4,-176.6,-172.8,-172.1,-111.0,-111.2,-111.3,-110.0,-112.0,-113.1,-115.2,-101.3,-95.0,-93.1,-93.5,-98.2,-109.7,-106.5,-106.0,-107.6,-113.1,-103.6,-101.7,-102.1,701.9,705.0,709.0,711.8,707.4,699.5,688.2,676.3,672.2,674.7,682.9,689.1,688.6,684.7,680.4,677.7,677.7,666.9,659.4,650.6,642.9,636.4,628.2,631.6,635.5,639.8,644.5,636.6,631.2,625.8,620.9,640.8,636.6,633.4,633.9,635.9,661.9,656.5,653.8,651.7,653.3,655.7,644.0,643.5,642.9,644.9,642.4,642.5,664.0,649.4,641.6,640.0,639.3,644.3,656.2,646.7,642.0,641.4,643.1,650.2,660.8,644.0,642.2,642.0,654.0,643.2,642.8,644.8,0.959,0.211,0.146,-0.1169999999999999,366.999,226.401,-26.608,-0.515,-5.372999999999999,6.813,2.447,6.026,-0.221,6.087999999999999,-12.707,-2.316,-11.059,-0.002,-2.156,-9.389,5.332999999999999,-6.646,-8.482999999999999,-3.85,-6.146,-2.845,2.174,-2.273,3.27,-3.259,-0.809,2.644,-1.054,0.33,-0.395,-0.223,-0.115,-0.2319999999999999,-0.059,0.145,1.0,0.53,0.0,0.0,0.0,0.17,0.0,0.46,2.3,0.23,0.0,0.21,0.02,0.0,1.44,1.99,0.86,1.0,1.0,0.0,0.0,0.0,1.0,0.0,0.0,1.0,1.0,0.0,1.0,0.0,1.0,0.0,0.0,0.0,1.0
43,0,1.401,0.93,1,0.116771,0.616382,-0.778741,-0.226088,0.596312,-0.770257,-0.07,0.664,327.6,329.1,333.2,337.3,339.2,337.9,333.6,329.4,319.3,322.7,326.5,330.8,335.1,338.5,341.1,338.8,335.2,330.9,326.6,322.6,331.3,333.2,335.1,335.8,334.9,333.0,331.1,330.4,381.9,383.4,387.8,392.4,394.5,393.0,388.7,383.6,377.4,380.9,385.2,390.0,394.2,397.2,399.1,397.3,394.4,390.6,385.9,381.1,386.0,388.1,390.1,390.8,389.8,387.7,385.7,385.0,194.9,190.4,188.1,189.4,193.4,198.1,200.1,198.9,194.1,193.5,193.1,192.5,192.1,191.9,192.0,194.3,195.7,196.5,196.5,195.7,196.1,196.7,195.7,193.6,191.8,191.2,192.2,194.3,189.6,184.6,182.4,184.2,188.9,193.9,196.2,194.8,190.6,188.7,187.4,186.9,187.5,188.4,190.0,191.4,192.2,192.5,192.4,191.9,191.7,192.5,191.5,189.2,187.0,186.2,187.2,189.5,2.7,4.2,8.4,12.8,14.8,13.4,8.9,4.6,-5.9,-2.4,1.6,6.0,10.4,14.0,16.7,14.3,10.6,6.0,1.6,-2.5,6.5,8.5,10.5,11.2,10.3,8.3,6.4,5.6,52.0,53.5,57.6,62.0,64.1,62.6,58.4,53.7,48.0,51.1,55.0,59.5,63.7,66.8,69.0,66.9,63.9,60.1,55.6,51.3,56.0,58.0,59.9,60.6,59.6,57.6,55.7,55.0,-170.4,-174.8,-177.4,-176.6,-172.9,-168.4,-165.9,-166.7,-172.1,-172.1,-172.1,-172.6,-173.3,-174.1,-174.6,-171.7,-169.7,-168.6,-168.8,-170.0,-169.8,-169.4,-170.6,-172.7,-174.4,-174.7,-173.6,-171.5,-155.8,-160.6,-163.1,-161.9,-157.6,-152.8,-150.3,-151.3,-155.0,-156.6,-157.7,-158.5,-158.7,-158.7,-158.2,-155.9,-154.3,-153.3,-153.1,-153.6,-154.5,-153.9,-155.1,-157.3,-159.2,-159.8,-158.6,-156.5,649.0,648.4,649.2,651.1,652.9,654.0,652.7,650.8,652.4,650.0,648.4,648.0,649.2,651.3,653.8,651.9,649.6,648.6,649.1,650.5,651.7,652.6,653.0,652.7,651.8,651.0,650.6,650.9,575.2,576.0,577.5,579.0,579.4,578.6,577.0,575.8,575.4,574.7,574.7,575.9,578.5,581.8,585.4,581.9,578.4,575.8,574.5,574.7,577.3,578.0,578.7,579.1,578.9,578.2,577.5,577.1,41.3,-139.0,662.0,0.445,0.241,-0.148,302.1,303.9,307.7,313.7,321.9,333.1,344.4,357.3,373.2,389.9,405.2,418.7,428.3,433.9,435.8,436.1,436.1,306.5,312.2,321.5,332.0,341.6,368.8,380.1,391.5,403.1,412.8,357.4,357.6,357.7,357.9,347.7,354.2,361.3,368.8,375.7,320.5,326.9,334.3,341.5,334.4,327.0,377.9,385.4,393.2,400.6,393.8,386.0,342.0,350.1,358.6,364.4,370.8,381.5,393.5,382.9,373.1,365.9,359.7,350.7,345.6,359.2,365.0,371.7,389.5,372.0,365.2,359.3,195.4,213.2,230.9,248.2,265.0,279.8,292.3,302.1,303.9,299.1,287.1,272.8,256.8,239.0,220.3,201.7,183.2,177.3,169.5,166.7,168.0,172.0,169.5,163.7,160.7,161.0,166.1,189.0,201.7,214.2,227.1,234.2,237.0,239.0,235.5,231.8,194.8,192.2,191.6,193.3,196.1,197.0,190.6,187.5,187.0,188.4,191.4,192.1,255.4,253.1,251.8,252.9,250.9,250.7,250.7,262.3,267.5,269.1,268.9,265.5,256.1,256.9,257.2,255.8,252.3,259.2,260.8,260.6,-25.6,-23.8,-19.6,-12.8,-3.5,9.1,21.3,34.8,51.7,69.6,86.9,102.1,112.4,117.8,119.1,118.8,118.6,-19.7,-13.4,-3.6,7.1,16.8,43.6,55.1,66.8,78.8,89.1,32.8,32.7,32.5,32.5,23.1,29.6,36.6,44.1,51.2,-4.7,1.9,9.7,17.1,9.7,2.1,53.9,61.4,69.3,76.9,69.8,62.0,18.0,26.0,34.3,40.1,46.6,57.7,71.2,59.5,49.1,41.8,35.5,26.6,21.7,35.0,40.9,47.6,66.9,48.1,41.2,35.2,-184.3,-165.2,-146.2,-127.2,-107.5,-89.7,-74.5,-62.4,-60.0,-65.3,-78.9,-95.0,-112.3,-130.9,-150.2,-169.3,-188.7,-194.3,-200.1,-200.3,-196.4,-190.3,-190.0,-196.2,-200.0,-200.7,-196.8,-172.7,-158.7,-145.0,-131.3,-128.3,-124.6,-121.9,-125.5,-129.5,-174.2,-175.4,-175.1,-172.7,-170.3,-170.2,-172.7,-175.5,-175.6,-174.7,-171.1,-170.5,-110.7,-110.5,-110.5,-109.0,-110.9,-111.8,-113.6,-100.3,-94.5,-92.9,-93.4,-98.0,-109.3,-105.7,-105.0,-106.4,-111.6,-103.1,-101.4,-102.0,704.3,707.8,712.2,715.3,711.0,703.1,691.2,678.5,673.4,674.6,680.9,685.2,684.2,680.3,676.0,672.4,671.2,669.0,660.6,651.4,643.4,636.8,627.3,628.7,631.3,634.4,638.1,635.2,630.4,625.6,621.2,641.1,637.0,633.7,633.8,635.1,663.2,657.4,654.2,651.7,653.7,656.7,641.3,639.7,638.5,640.0,638.3,639.0,665.4,650.6,642.3,640.4,639.4,643.2,653.6,645.7,642.4,642.4,644.5,651.9,661.9,644.7,642.6,642.0,651.9,643.0,643.1,645.4,0.96,0.24,0.207,-0.129,364.586,226.98,-25.495,-2.634,-6.973,2.853,0.322,5.035,1.911,-0.024,-10.448,-2.366,-7.956,0.309,-2.611,-9.122,3.751,-5.876,-8.697000000000001,-2.662,-5.36,-1.808,1.985,-3.139,3.304,-2.604,-1.0590000000000002,2.271,-0.7809999999999999,0.324,-0.471,-0.293,-0.142,-0.201,-0.09,0.151,0.66,0.4,0.0,0.0,0.0,0.32,0.0,0.44,2.35,0.21,0.08,0.15,0.02,0.06,1.57,1.86,0.89,1.0,1.0,0.0,0.0,0.0,0.0,0.0,0.0,1.0,1.0,0.0,1.0,0.0,1.0,0.0,0.0,0.0,1.0
44,0,1.435,0.93,1,0.107695,0.632424,-0.7671,-0.233286,0.6110180000000001,-0.756462,-0.0819999999999999,0.685,325.6,327.3,331.4,335.6,337.3,335.8,331.5,327.3,316.8,320.4,324.5,329.2,333.6,336.9,339.3,337.0,333.3,328.7,324.3,320.2,329.3,331.2,333.0,333.8,333.0,331.1,329.3,328.5,379.5,381.1,385.5,390.2,392.3,390.6,386.2,381.2,374.8,378.3,382.7,387.5,391.7,394.8,396.8,394.8,391.8,387.9,383.1,378.4,383.6,385.7,387.7,388.5,387.5,385.4,383.4,382.7,195.1,190.6,188.3,189.6,193.6,198.3,200.4,199.1,194.0,193.4,193.0,192.5,192.1,192.0,192.2,194.7,196.2,197.0,196.8,195.9,196.3,196.8,195.8,193.8,192.0,191.4,192.4,194.4,190.4,185.4,183.1,184.9,189.6,194.6,196.9,195.5,191.0,189.4,188.3,187.9,188.3,189.1,190.4,192.1,193.2,193.6,193.3,192.7,192.4,193.2,192.1,189.9,187.7,186.9,187.9,190.2,0.6,2.3,6.4,10.6,12.3,10.8,6.5,2.3,-8.2,-4.6,-0.5,4.1,8.5,11.9,14.3,12.0,8.2,3.7,-0.7,-4.8,4.3,6.1,8.0,8.8,8.0,6.1,4.2,3.5,50.0,51.6,55.8,60.2,62.2,60.7,56.4,51.7,45.8,49.0,52.9,57.4,61.6,64.8,67.1,64.9,61.7,57.8,53.4,49.0,54.1,56.1,58.0,58.7,57.8,55.8,53.9,53.2,-163.8,-168.0,-170.6,-169.9,-166.4,-162.1,-159.6,-160.3,-165.6,-165.6,-165.6,-166.1,-166.9,-167.6,-168.1,-165.1,-163.0,-161.9,-162.2,-163.4,-163.4,-163.1,-164.2,-166.1,-167.7,-168.0,-166.9,-165.0,-155.8,-160.6,-163.0,-161.8,-157.6,-152.8,-150.4,-151.3,-155.4,-156.7,-157.6,-158.2,-158.5,-158.7,-158.5,-155.9,-154.1,-153.0,-153.0,-153.6,-154.6,-154.0,-155.2,-157.3,-159.2,-159.8,-158.7,-156.5,624.7,623.9,624.8,626.9,629.0,630.3,628.9,626.8,627.8,625.3,623.8,623.6,625.0,627.4,630.0,628.1,625.8,624.6,625.0,626.1,627.6,628.6,629.0,628.6,627.7,626.7,626.3,626.7,577.8,578.3,579.7,581.1,581.8,581.3,580.0,578.7,578.3,577.4,577.1,578.1,580.6,583.9,587.4,584.1,580.8,578.3,577.2,577.5,580.0,580.7,581.3,581.5,581.2,580.6,579.9,579.7,38.9,-138.7,660.8,0.478,0.271,-0.154,301.0,302.7,306.6,312.7,320.6,331.7,342.9,355.7,371.7,388.5,404.2,418.0,427.9,433.6,435.5,435.8,435.9,304.6,310.3,319.5,329.9,339.4,365.2,376.9,388.6,400.7,411.0,354.5,354.5,354.3,354.3,344.8,351.2,358.2,365.7,372.6,318.6,324.8,332.3,339.4,332.3,325.0,375.3,382.7,390.7,398.3,391.4,383.4,340.2,347.7,355.7,361.3,367.7,378.3,390.7,379.9,370.1,363.1,357.0,348.4,343.7,356.4,362.1,368.6,386.6,369.0,362.3,356.6,193.3,211.2,229.0,246.3,263.1,278.0,290.5,300.2,301.8,297.1,285.6,271.9,256.3,238.7,219.9,201.2,182.4,177.5,169.9,167.4,169.1,173.2,171.0,165.2,162.1,162.2,167.2,190.0,202.4,214.7,227.4,234.5,237.2,239.2,235.9,232.3,194.7,192.3,191.8,193.8,196.5,197.2,191.4,188.1,187.7,189.0,192.3,193.0,255.6,253.5,252.1,253.3,251.3,251.4,251.5,262.7,267.6,269.2,269.0,265.6,256.4,257.2,257.6,256.2,253.0,259.3,260.8,260.6,-26.9,-25.1,-20.9,-14.1,-4.9,7.5,19.7,33.1,50.0,68.0,85.6,101.1,111.7,117.1,118.3,117.9,117.7,-21.7,-15.4,-5.7,5.0,14.6,39.9,51.5,63.4,75.8,86.6,29.7,29.5,29.1,28.9,20.2,26.6,33.4,40.9,47.9,-6.7,-0.2,7.6,14.9,7.6,-0.0,51.1,58.4,66.3,74.2,67.0,59.1,16.1,23.4,31.3,37.0,43.3,54.4,68.0,56.2,46.0,38.9,32.7,24.3,19.7,32.1,37.9,44.4,63.6,44.9,38.1,32.4,-187.0,-167.8,-148.7,-129.6,-109.8,-91.9,-76.5,-64.6,-62.2,-67.4,-80.4,-95.8,-112.5,-130.8,-150.0,-169.0,-188.5,-194.2,-199.5,-199.1,-194.8,-188.4,-187.5,-193.5,-197.3,-198.0,-194.2,-171.1,-157.6,-144.2,-130.8,-127.8,-124.3,-121.6,-124.9,-128.6,-174.2,-175.1,-174.7,-171.9,-169.7,-169.8,-171.1,-173.8,-173.9,-173.0,-169.3,-168.8,-110.4,-110.1,-110.1,-108.5,-110.3,-110.7,-112.3,-99.6,-94.2,-92.7,-93.2,-97.9,-109.0,-105.2,-104.5,-105.7,-110.5,-102.7,-101.3,-101.9,705.5,709.0,713.7,716.8,713.0,705.0,692.2,678.7,673.1,673.8,679.7,683.5,682.2,678.2,673.3,669.1,667.4,669.2,660.0,650.2,641.7,634.4,624.1,624.9,627.0,629.6,633.3,632.9,628.8,624.4,620.4,640.5,636.5,633.0,632.9,633.6,663.0,656.6,653.1,650.4,652.7,656.0,638.2,636.1,634.8,636.1,634.7,635.7,665.1,649.9,641.6,639.4,638.1,641.4,651.1,644.1,641.4,641.9,644.3,651.9,661.4,644.0,641.7,640.6,649.6,641.7,642.3,644.8,0.962,0.268,0.241,-0.135,362.37,227.007,-19.88,-4.114,-8.82,0.466,0.916,3.393,3.504,-0.481,-9.64,-2.379,-7.412999999999999,-0.5539999999999999,-2.251,-8.292,2.426,-3.696,-7.892,-2.182,-5.689,-1.601,2.629,-3.161,2.498,-2.724,-1.094,2.217,-0.913,0.204,-0.38,-0.291,-0.12,-0.145,-0.11,0.144,0.4,0.27,0.0,0.0,0.0,0.35,0.0,0.37,2.27,0.28,0.08,0.21,0.02,0.23,1.44,1.91,0.82,1.0,1.0,0.0,0.0,0.0,0.0,0.0,0.0,1.0,0.0,0.0,1.0,0.0,1.0,0.0,0.0,0.0,1.0
45,0,1.4680000000000002,0.93,1,0.121608,0.622393,-0.7732,-0.309211,0.6303310000000001,-0.7120890000000001,-0.126,0.701,323.0,324.6,328.6,332.7,334.5,333.2,329.0,324.8,314.2,317.6,321.5,326.1,330.5,333.8,336.3,334.0,330.3,325.9,321.5,317.5,326.7,328.6,330.3,331.0,330.2,328.4,326.6,325.9,375.5,377.2,381.9,387.0,389.4,387.7,383.0,377.6,371.9,374.8,378.9,384.1,389.3,393.6,397.0,393.7,389.5,384.7,379.6,375.1,380.5,382.8,384.9,385.7,384.6,382.3,380.1,379.4,195.2,190.7,188.5,189.8,193.8,198.5,200.5,199.2,194.6,193.8,193.3,192.7,192.4,192.4,192.7,195.2,196.6,197.4,197.2,196.4,196.4,197.0,196.0,194.0,192.2,191.7,192.6,194.6,190.9,185.9,183.7,185.4,190.2,195.2,197.4,196.0,191.0,189.5,188.6,188.3,188.4,188.8,189.6,192.0,193.5,194.3,194.0,193.0,192.7,193.5,192.4,190.2,188.0,187.2,188.2,190.5,-2.0,-0.4,3.6,7.8,9.7,8.3,4.0,-0.2,-11.0,-7.5,-3.5,1.1,5.5,9.0,11.5,9.2,5.4,0.9,-3.5,-7.6,1.8,3.6,5.4,6.1,5.3,3.4,1.6,0.9,44.6,45.9,50.0,54.5,56.7,55.4,51.3,46.6,41.5,43.9,47.4,51.8,56.5,60.5,63.9,60.7,56.8,52.5,48.1,44.2,49.0,51.1,52.9,53.6,52.6,50.5,48.6,48.0,-166.5,-170.9,-173.4,-172.6,-168.9,-164.4,-162.0,-162.8,-168.1,-168.2,-168.3,-168.7,-169.3,-169.9,-170.3,-167.3,-165.3,-164.2,-164.5,-165.7,-165.9,-165.6,-166.7,-168.6,-170.3,-170.6,-169.5,-167.6,-149.2,-153.2,-154.9,-153.4,-149.5,-145.5,-143.7,-145.1,-149.6,-150.2,-150.5,-150.6,-150.8,-151.1,-151.2,-148.5,-146.6,-145.7,-146.1,-147.4,-147.9,-147.2,-148.0,-149.8,-151.6,-152.3,-151.5,-149.7,635.2,634.8,635.7,637.6,639.3,640.3,638.8,636.9,638.9,636.3,634.7,634.3,635.5,637.8,640.3,638.4,636.1,635.1,635.6,637.0,637.9,638.8,639.2,639.0,638.2,637.4,637.0,637.2,554.9,553.5,552.6,552.7,553.7,555.1,556.0,556.3,556.5,554.2,552.3,551.6,552.7,555.0,558.0,555.9,554.1,553.1,553.4,555.1,555.9,555.9,555.5,554.9,554.4,554.4,554.8,555.4,36.3,-137.8,655.8,0.492,0.273,-0.1639999999999999,298.9,300.7,304.7,311.0,319.3,330.4,341.7,354.5,370.8,387.8,404.0,417.8,427.7,433.0,434.5,434.6,434.5,301.8,307.5,316.6,326.9,336.3,361.6,373.4,385.5,397.9,408.5,351.5,351.3,351.0,350.9,342.1,348.5,355.4,362.9,369.8,315.7,321.8,329.3,336.7,329.6,322.0,372.6,380.1,388.3,396.3,389.0,380.9,338.5,345.7,353.4,359.0,365.2,375.9,388.6,377.6,367.9,361.0,355.0,346.8,342.0,354.3,359.9,366.3,384.3,366.7,360.1,354.5,192.1,209.9,227.7,245.0,261.7,276.4,288.8,298.4,299.9,295.0,283.6,270.2,254.9,237.6,219.1,200.5,181.9,177.4,170.2,168.1,169.9,174.2,171.9,166.1,162.8,162.9,167.8,190.6,203.0,215.3,227.9,235.2,237.7,239.5,236.3,232.8,195.0,192.5,192.0,194.3,197.0,197.7,191.8,188.2,187.7,189.0,192.6,193.4,256.0,254.2,252.6,253.7,251.7,251.7,251.3,262.2,267.1,268.7,268.6,265.5,256.7,257.7,257.9,256.4,252.8,259.0,260.5,260.4,-29.2,-27.3,-22.9,-15.9,-6.5,6.0,18.3,31.7,48.7,67.0,85.0,100.6,111.0,116.1,116.8,116.2,115.8,-24.6,-18.2,-8.6,1.9,11.3,35.9,47.7,59.9,72.4,83.5,26.4,26.1,25.6,25.3,17.3,23.6,30.4,37.8,44.7,-9.8,-3.3,4.5,12.0,4.7,-3.1,47.9,55.3,63.4,71.7,64.2,56.1,14.2,21.2,28.7,34.3,40.5,51.6,65.4,53.4,43.4,36.4,30.5,22.4,17.7,29.8,35.3,41.7,60.8,42.2,35.6,30.0,-188.0,-168.8,-149.8,-130.7,-111.2,-93.4,-78.1,-66.1,-64.0,-69.2,-82.3,-97.3,-113.7,-131.6,-150.3,-169.0,-188.3,-193.1,-197.8,-197.0,-192.4,-185.8,-184.9,-191.0,-195.0,-195.8,-192.1,-169.1,-155.7,-142.4,-129.0,-126.2,-122.8,-120.3,-123.5,-127.2,-173.1,-173.9,-173.4,-170.3,-168.2,-168.3,-169.5,-172.5,-172.7,-171.8,-167.8,-167.2,-109.2,-108.5,-108.7,-107.2,-109.0,-109.7,-111.8,-99.4,-93.9,-92.4,-92.8,-97.1,-107.9,-103.9,-103.3,-104.7,-109.9,-102.2,-100.7,-101.3,704.0,707.4,711.7,714.7,711.0,702.8,689.0,674.8,669.1,670.2,677.0,681.2,680.2,676.1,670.9,666.6,664.9,665.2,655.5,645.5,636.5,628.8,618.3,619.4,621.9,624.7,628.7,628.1,623.7,618.9,614.6,635.6,631.7,628.1,627.8,628.6,659.5,652.7,648.9,646.3,648.8,652.3,633.8,631.6,630.4,632.1,630.4,631.3,660.4,644.6,636.4,634.4,633.1,636.6,646.6,638.8,635.8,636.4,638.6,646.5,656.6,638.9,636.6,635.6,644.9,636.1,636.7,639.2,0.968,0.281,0.245,-0.145,360.153,226.881,-7.367000000000001,-3.11,-9.678,0.601,0.667,3.053,4.091,2.542,-9.889,-2.2030000000000003,-7.021,-0.999,-2.439,-9.299,1.159,-3.423,-7.262,-2.19,-5.434,-1.867,3.468,-1.809,1.771,-2.622,-0.968,1.825,-0.715,-0.0819999999999999,-0.3989999999999999,-0.348,-0.05,-0.083,-0.106,0.094,0.23,0.19,0.0,0.0,0.03,0.3,0.0,0.49,2.14,0.37,0.08,0.5,0.0,0.48,1.12,2.07,0.57,1.0,1.0,0.0,0.0,0.0,0.0,0.0,0.0,1.0,0.0,0.0,1.0,0.0,1.0,0.0,0.0,0.0,1.0
46,0,1.5019999999999998,0.93,1,0.100257,0.638943,-0.7626930000000001,-0.308134,0.638567,-0.705184,-0.141,0.716,320.4,321.9,326.0,330.1,332.0,330.7,326.5,322.3,311.8,315.0,318.9,323.6,328.2,331.5,333.9,331.6,327.8,323.3,319.0,315.0,324.2,326.1,327.8,328.5,327.7,325.8,324.1,323.4,373.3,375.0,379.8,384.8,387.2,385.6,380.8,375.4,369.4,372.5,376.6,381.8,387.0,391.3,394.7,391.4,387.3,382.4,377.3,372.7,378.2,380.5,382.7,383.5,382.4,380.1,377.9,377.2,195.4,191.0,188.8,190.1,194.2,198.9,200.8,199.5,195.3,193.5,192.4,191.5,191.5,192.1,193.4,195.8,197.1,197.9,197.8,197.0,196.7,197.3,196.4,194.4,192.6,192.0,193.0,194.9,191.4,186.2,183.9,185.6,190.5,195.6,198.0,196.5,191.7,189.9,188.6,188.1,188.4,189.0,190.2,192.5,193.9,194.6,194.4,193.6,193.2,194.0,192.9,190.6,188.4,187.6,188.7,191.0,-4.6,-3.0,1.0,5.1,7.0,5.7,1.5,-2.7,-13.3,-10.0,-6.1,-1.3,3.2,6.5,9.0,6.6,2.8,-1.7,-6.0,-10.0,-0.8,1.1,2.8,3.5,2.7,0.8,-0.9,-1.6,42.3,43.7,47.8,52.3,54.5,53.1,48.9,44.2,39.0,41.5,45.0,49.5,54.2,58.2,61.4,58.4,54.5,50.2,45.7,41.8,46.7,48.7,50.6,51.2,50.3,48.3,46.4,45.7,-164.2,-168.5,-170.9,-170.0,-166.3,-161.8,-159.5,-160.5,-165.4,-166.4,-167.0,-167.7,-168.1,-168.0,-167.4,-164.5,-162.6,-161.6,-161.9,-163.1,-163.5,-163.1,-164.1,-166.0,-167.7,-168.1,-167.0,-165.1,-147.7,-152.0,-153.9,-152.4,-148.3,-144.1,-142.1,-143.5,-147.9,-148.9,-149.5,-149.8,-149.9,-150.0,-149.8,-147.1,-145.3,-144.4,-144.7,-145.8,-146.4,-145.7,-146.6,-148.5,-150.4,-151.0,-150.2,-148.2,627.3,626.9,627.8,629.4,630.8,631.6,630.3,628.7,631.4,628.6,626.7,626.1,627.4,629.5,632.0,630.2,628.0,627.2,627.8,629.4,629.7,630.4,630.8,630.6,630.0,629.3,628.9,629.1,550.9,550.1,549.5,549.6,550.2,551.1,551.7,551.9,552.6,550.4,548.7,548.1,549.3,551.7,554.7,552.3,550.3,549.1,549.4,551.0,551.9,551.9,551.7,551.3,551.0,550.9,551.2,551.6,34.0,-137.4,655.2,0.518,0.292,-0.175,297.7,299.5,303.5,309.7,317.8,328.6,339.8,352.6,368.9,386.3,402.9,417.1,427.0,432.0,433.2,433.2,432.9,299.3,304.9,313.9,324.0,333.4,358.6,370.4,382.7,395.2,405.9,348.5,348.3,347.9,347.7,339.5,346.0,352.8,360.1,367.0,313.3,319.2,326.9,334.3,327.2,319.5,370.2,377.5,385.9,394.1,386.9,378.5,336.5,343.4,350.9,356.5,362.6,373.6,386.8,375.5,365.5,358.7,352.8,344.7,340.0,351.9,357.4,363.8,382.3,364.2,357.7,352.1,192.5,209.9,227.2,244.0,260.4,275.1,287.7,297.9,299.6,294.6,282.8,269.2,253.7,236.4,218.2,200.0,181.7,177.5,170.6,168.8,170.7,175.2,173.0,166.9,163.5,163.6,168.4,191.5,203.9,216.1,228.8,236.0,238.5,240.3,237.1,233.6,195.1,192.2,191.9,194.7,197.4,198.0,192.4,188.2,187.7,189.3,193.0,193.9,256.2,254.6,253.1,254.3,252.2,252.0,251.5,262.6,267.7,269.3,269.2,265.9,256.9,258.3,258.5,257.1,253.1,259.6,261.1,260.9,-30.5,-28.6,-24.3,-17.4,-8.2,4.0,16.2,29.6,46.7,65.3,83.6,99.5,109.8,114.4,114.9,114.0,113.3,-27.1,-20.9,-11.3,-1.0,8.4,32.9,44.6,56.7,69.3,80.3,23.4,23.0,22.5,22.2,14.7,21.1,27.8,35.0,41.9,-12.3,-6.1,1.9,9.6,2.2,-5.7,45.4,52.5,60.8,69.1,61.8,53.5,12.1,18.8,26.2,31.7,37.9,49.2,63.3,51.2,41.0,34.1,28.2,20.2,15.7,27.3,32.8,39.2,58.7,39.6,33.1,27.6,-187.5,-168.7,-150.2,-131.7,-112.7,-95.0,-79.4,-66.8,-64.3,-69.6,-82.9,-98.0,-114.5,-132.2,-150.5,-168.6,-187.4,-192.9,-197.1,-195.9,-191.1,-184.4,-183.3,-189.3,-193.2,-193.9,-190.3,-167.9,-154.6,-141.4,-128.1,-125.3,-122.0,-119.5,-122.6,-126.2,-173.0,-174.0,-173.3,-169.7,-167.6,-168.0,-168.4,-171.8,-172.0,-170.8,-166.7,-166.1,-109.0,-108.0,-108.1,-106.6,-108.4,-109.1,-111.3,-98.8,-93.3,-91.8,-92.2,-96.7,-107.7,-103.3,-102.6,-103.9,-109.4,-101.5,-100.1,-100.7,703.7,707.1,711.2,714.2,711.3,703.6,690.4,675.9,669.1,669.4,675.2,678.8,677.4,672.8,667.4,662.9,660.7,664.7,654.6,644.4,635.1,627.6,616.4,616.7,618.6,620.9,624.5,626.6,622.6,618.1,614.1,635.3,631.5,628.0,627.4,627.7,659.5,652.3,648.2,645.6,648.4,652.3,631.7,629.0,627.6,629.2,627.8,629.0,660.8,644.6,636.1,633.9,632.3,635.6,645.1,638.1,635.3,636.2,638.7,646.8,657.0,638.7,636.2,634.9,643.6,635.5,636.4,639.0,0.97,0.305,0.268,-0.156,357.931,227.097,-7.781000000000001,-5.166,-10.291,-1.263,0.6559999999999999,1.638,2.075,2.275,-9.02,-0.998,-5.845,-0.901,-3.072,-9.199,1.526,-3.819,-6.14,-1.736,-4.203,-1.11,3.37,-1.5119999999999998,1.238,-2.262,-0.446,1.612,-0.85,-0.033,-0.377,-0.521,-0.094,0.039,-0.107,0.034,0.09,0.12,0.0,0.0,0.03,0.15,0.0,0.34,1.88,0.29,0.0,0.67,0.0,0.76,0.73,2.06,0.54,0.0,1.0,0.0,0.0,0.0,0.0,0.0,0.0,1.0,0.0,0.0,1.0,0.0,1.0,0.0,0.0,0.0,1.0
47,0,1.535,0.93,1,0.104545,0.647097,-0.755206,-0.301181,0.664632,-0.683779,-0.136,0.7390000000000001,317.7,319.3,323.3,327.3,329.1,327.8,323.6,319.5,309.3,312.6,316.3,320.6,324.9,328.3,330.9,328.5,324.8,320.5,316.3,312.5,321.4,323.2,325.0,325.7,324.9,323.1,321.3,320.6,370.5,372.1,376.8,381.9,384.4,382.9,378.2,372.8,366.6,369.6,373.6,378.8,384.1,388.6,392.1,388.8,384.5,379.6,374.4,369.9,375.6,377.9,380.0,380.6,379.5,377.3,375.2,374.5,196.1,191.8,189.7,191.0,195.0,199.5,201.5,200.1,195.3,194.7,194.3,193.8,193.6,193.7,194.0,196.4,197.7,198.4,198.2,197.2,197.4,198.0,197.1,195.2,193.4,192.8,193.7,195.7,192.5,187.4,185.0,186.7,191.4,196.5,198.9,197.5,192.8,190.9,189.7,189.0,189.1,189.5,190.5,193.0,194.7,195.5,195.4,194.6,194.1,194.8,193.7,191.5,189.4,188.7,189.7,192.0,-7.6,-6.0,-1.8,2.4,4.3,2.9,-1.5,-5.7,-16.4,-13.0,-9.0,-4.5,-0.1,3.5,6.2,3.7,-0.2,-4.7,-9.1,-13.1,-3.7,-1.8,0.0,0.7,-0.1,-2.0,-3.8,-4.5,39.8,41.1,45.1,49.6,51.8,50.6,46.5,41.8,36.5,38.9,42.3,46.7,51.4,55.6,59.0,55.8,51.9,47.5,43.1,39.2,44.3,46.3,48.1,48.6,47.6,45.6,43.8,43.3,-170.7,-175.1,-177.5,-176.6,-172.9,-168.4,-166.0,-167.0,-172.6,-172.6,-172.5,-172.9,-173.3,-173.8,-174.1,-171.2,-169.2,-168.3,-168.7,-170.1,-170.0,-169.6,-170.7,-172.6,-174.3,-174.7,-173.6,-171.7,-146.4,-150.5,-152.3,-150.9,-147.0,-142.9,-141.1,-142.3,-146.7,-147.6,-148.2,-148.5,-148.7,-149.0,-148.9,-146.2,-144.2,-143.3,-143.5,-144.6,-145.2,-144.6,-145.4,-147.2,-149.0,-149.6,-148.8,-147.0,655.3,654.7,655.5,657.3,658.9,659.9,658.6,656.9,659.2,656.6,654.8,654.2,655.2,657.3,659.7,657.9,655.8,655.0,655.6,657.2,657.8,658.6,658.9,658.7,658.0,657.2,656.8,657.1,549.6,548.3,547.4,547.5,548.4,549.7,550.5,550.9,551.5,549.1,547.1,546.2,547.3,549.7,552.7,550.5,548.6,547.7,548.2,550.0,550.5,550.5,550.1,549.5,549.1,549.1,549.5,550.1,31.2,-136.4,653.3,0.546,0.297,-0.183,295.7,297.4,301.4,307.6,315.5,326.1,337.2,350.1,366.8,384.6,401.4,415.9,425.9,430.9,431.9,431.6,431.0,297.0,302.3,311.3,321.4,330.7,354.9,366.9,379.4,392.1,403.0,345.3,345.1,344.7,344.5,336.7,343.1,350.0,357.3,364.1,310.6,316.4,323.9,331.4,324.3,316.9,367.4,374.7,383.0,391.3,383.9,375.7,334.2,340.6,348.0,353.7,359.8,371.0,384.2,373.2,363.3,356.4,350.4,342.3,337.6,349.2,354.8,361.2,379.8,361.6,355.1,349.5,192.6,209.5,226.1,242.4,258.5,273.4,286.5,297.3,299.4,294.2,282.1,268.3,252.8,235.6,217.5,199.5,181.4,178.3,171.8,170.2,172.4,176.9,174.8,168.5,164.9,164.9,169.5,192.9,205.2,217.5,230.1,236.9,239.4,241.2,238.0,234.5,195.8,193.4,193.0,195.5,198.1,198.7,193.2,189.4,188.8,190.1,193.8,194.7,257.0,255.5,254.1,255.2,253.1,252.9,252.3,263.5,268.8,270.4,270.3,267.0,257.7,259.4,259.6,258.1,253.9,260.5,262.0,261.8,-32.7,-30.9,-26.7,-19.8,-10.7,1.2,13.4,27.0,44.4,63.4,82.0,98.0,108.6,113.1,113.2,112.0,110.9,-29.5,-23.5,-14.0,-3.7,5.7,29.2,40.9,53.2,65.8,77.0,20.1,19.8,19.3,19.0,11.8,18.2,24.9,32.1,39.0,-15.1,-8.9,-1.2,6.5,-0.7,-8.4,42.4,49.5,57.6,66.0,58.6,50.5,9.6,16.0,23.2,28.8,34.9,46.4,60.6,48.8,38.6,31.7,25.7,17.8,13.2,24.5,30.1,36.4,56.0,36.9,30.4,24.8,-186.6,-168.7,-151.1,-133.4,-114.8,-97.0,-80.7,-67.4,-64.5,-70.0,-83.6,-98.9,-115.4,-132.9,-150.8,-168.6,-186.9,-191.6,-195.3,-193.8,-188.8,-181.9,-180.7,-186.7,-190.8,-191.5,-188.1,-165.8,-152.7,-139.6,-126.5,-124.1,-120.8,-118.4,-121.5,-124.9,-171.9,-172.4,-171.7,-168.4,-166.5,-166.9,-166.9,-169.9,-170.0,-169.2,-165.2,-164.7,-108.0,-106.8,-106.8,-105.3,-107.2,-107.9,-110.1,-97.7,-92.0,-90.5,-91.0,-95.6,-106.6,-102.0,-101.4,-102.6,-108.3,-100.3,-99.0,-99.6,701.0,704.9,709.9,713.8,711.8,704.4,690.8,676.2,669.2,669.4,674.9,678.2,676.7,671.9,665.9,660.8,658.0,663.2,652.6,642.2,632.7,625.1,613.6,613.4,615.1,617.3,621.0,624.1,620.4,616.1,612.4,633.9,630.2,626.7,626.0,626.1,658.3,650.9,646.6,643.9,646.9,651.0,629.1,626.2,624.7,626.2,625.0,626.4,659.6,643.1,634.4,632.2,630.5,633.7,643.1,636.8,634.5,635.6,638.1,646.2,655.7,637.5,634.9,633.5,641.7,634.1,635.2,637.9,0.972,0.332,0.275,-0.165,355.381,227.692,-3.846,-7.967,-10.545,-1.264,-1.36,-0.494,1.969,2.631,-8.169,-0.115,-4.362,-1.861,-2.303,-9.129,1.194,-3.379,-6.894,-1.766,-4.255,-1.335,3.853,-1.349,1.882,-2.209,-0.892,1.495,-0.542,-0.034,-0.3979999999999999,-0.367,-0.053,-0.065,-0.078,0.061,0.03,0.0,0.0,0.0,0.03,0.04,0.11,0.4,1.73,0.09,0.12,1.0,0.0,1.06,0.41,1.83,0.41,0.0,0.0,1.0,0.0,0.0,0.0,0.0,0.0,1.0,0.0,0.0,1.0,0.0,0.0,0.0,0.0,0.0,1.0
48,0,1.568,0.98,1,0.082436,0.6531520000000001,-0.752726,-0.278084,0.666337,-0.691855,-0.135,0.74,315.5,317.0,320.9,324.9,326.7,325.5,321.4,317.3,307.8,310.8,314.3,318.5,322.6,326.0,328.6,326.3,322.6,318.4,314.4,310.7,319.2,321.0,322.8,323.4,322.6,320.8,319.1,318.4,368.6,370.2,375.0,380.2,382.7,381.1,376.3,370.8,364.2,367.2,371.3,376.7,382.0,386.4,389.7,386.8,382.6,377.8,372.6,367.8,373.6,375.9,378.1,378.8,377.7,375.4,373.2,372.5,197.4,193.2,191.1,192.4,196.2,200.6,202.5,201.2,196.5,195.8,195.3,194.9,194.7,194.7,195.2,197.6,199.0,199.7,199.5,198.4,198.6,199.2,198.2,196.4,194.7,194.1,195.0,196.9,193.4,188.1,185.6,187.2,192.2,197.4,200.0,198.7,194.6,191.8,189.8,188.7,189.0,190.0,191.9,194.3,195.8,196.6,196.7,196.3,195.2,195.9,194.8,192.4,190.3,189.5,190.6,193.0,-10.2,-8.6,-4.4,-0.1,1.9,0.5,-3.9,-8.3,-18.6,-15.3,-11.4,-7.0,-2.5,1.1,3.9,1.4,-2.6,-7.1,-11.4,-15.4,-6.2,-4.3,-2.4,-1.7,-2.6,-4.5,-6.4,-7.1,37.2,38.5,42.6,47.0,49.2,47.8,43.8,39.1,33.5,35.9,39.3,43.8,48.5,52.5,55.7,52.8,49.1,44.9,40.4,36.5,41.5,43.5,45.3,45.9,44.9,43.0,41.1,40.5,-174.5,-178.8,-181.1,-180.2,-176.5,-172.1,-169.8,-170.8,-176.6,-176.6,-176.6,-176.8,-177.3,-177.7,-177.8,-174.8,-172.8,-171.9,-172.4,-174.0,-173.8,-173.4,-174.4,-176.3,-178.0,-178.4,-177.4,-175.5,-141.9,-146.3,-148.5,-147.1,-143.1,-138.7,-136.5,-137.6,-141.4,-143.2,-144.5,-145.4,-145.5,-145.4,-144.6,-141.8,-139.9,-138.8,-138.8,-139.6,-140.7,-140.1,-141.1,-143.0,-144.8,-145.4,-144.5,-142.5,675.0,674.2,674.7,676.1,677.7,679.0,678.1,676.6,679.2,676.4,674.4,673.5,674.3,676.2,678.5,676.9,675.1,674.6,675.4,677.2,677.3,678.0,678.2,677.8,677.1,676.4,676.2,676.6,535.8,535.5,535.4,535.6,536.1,536.4,536.5,536.5,537.6,535.6,534.1,533.7,535.1,537.7,540.8,538.1,535.8,534.5,534.6,536.1,536.9,537.0,537.0,536.8,536.6,536.5,536.6,536.7,29.6,-135.4,653.4,0.565,0.312,-0.201,293.9,295.9,300.2,306.8,315.1,326.0,337.6,350.9,367.5,384.9,401.2,415.3,425.2,429.9,430.9,430.3,429.5,294.9,300.1,308.9,318.8,328.1,352.5,364.4,376.7,389.2,400.2,342.7,342.7,342.5,342.4,335.2,341.6,348.2,355.2,361.8,308.7,314.2,321.8,329.2,322.3,314.9,365.3,372.3,380.8,389.1,382.0,373.6,334.5,340.0,346.8,352.0,357.6,368.3,381.2,370.8,361.5,355.3,349.7,342.2,337.9,348.0,353.2,358.9,376.7,359.8,353.8,348.6,194.0,210.6,226.9,243.0,259.0,274.0,287.2,297.9,299.5,294.1,282.1,268.5,253.0,235.8,217.7,199.6,181.4,179.8,173.2,171.7,173.8,178.2,176.0,169.7,166.0,165.9,170.5,194.3,206.5,218.6,231.0,238.1,240.4,242.0,238.9,235.5,197.0,194.3,193.9,196.8,199.6,200.2,194.3,190.1,189.4,190.8,194.8,195.9,259.1,257.0,255.1,256.2,254.2,254.3,254.4,264.9,269.7,271.1,271.1,268.2,259.6,260.5,260.6,259.3,255.8,261.6,263.0,262.8,-34.8,-32.7,-28.1,-20.7,-11.3,1.1,13.8,27.9,45.3,63.8,81.7,97.1,107.5,111.8,111.7,110.2,108.7,-31.8,-25.9,-16.5,-6.2,3.0,26.8,38.3,50.4,62.7,73.9,17.6,17.5,17.1,16.9,10.3,16.7,23.2,30.1,36.6,-17.1,-11.2,-3.3,4.3,-2.7,-10.5,40.2,47.0,55.2,63.6,56.5,48.3,9.9,15.4,22.0,27.2,32.7,43.7,57.4,46.4,36.9,30.6,25.1,17.6,13.4,23.4,28.5,34.2,52.6,35.1,29.1,24.0,-185.5,-167.8,-150.5,-133.0,-114.3,-96.3,-80.0,-66.9,-64.4,-70.2,-83.5,-98.5,-114.9,-132.3,-150.2,-167.8,-185.8,-189.9,-193.8,-192.3,-187.3,-180.8,-179.3,-185.2,-189.2,-189.8,-186.3,-164.4,-151.5,-138.8,-125.9,-123.0,-120.0,-117.8,-120.7,-124.0,-170.8,-171.7,-170.9,-167.2,-165.2,-165.7,-165.5,-168.7,-169.0,-168.0,-163.8,-163.1,-105.7,-105.2,-105.8,-104.4,-106.1,-106.5,-107.9,-96.3,-91.3,-90.0,-90.3,-94.3,-104.5,-100.9,-100.4,-101.5,-106.2,-99.3,-98.2,-98.7,702.5,706.4,711.2,714.6,712.3,704.7,691.4,677.1,670.0,669.6,674.1,676.6,674.9,669.8,663.7,658.0,654.2,662.8,652.5,642.2,632.9,625.5,613.0,612.1,613.1,614.7,618.0,624.0,620.7,616.9,613.6,634.3,631.1,627.8,626.6,626.4,659.0,651.5,646.9,644.0,647.5,651.9,628.0,624.7,623.1,624.6,623.7,625.1,658.8,642.8,634.7,632.7,630.8,633.6,642.3,637.0,635.5,636.7,639.0,646.2,654.8,637.7,635.3,633.7,640.9,635.0,636.2,638.7,0.973,0.35,0.293,-0.184,353.786,228.678,-5.268,-8.149,-15.15,-2.168,0.363,-3.137,4.548,2.49,-7.013,-2.535,-4.048,-2.568,-2.231,-10.361,1.747,-3.724,-6.63,-0.244,-3.3760000000000003,-0.195,2.655,-0.655,1.485,-2.857,-0.621,1.3090000000000002,-0.835,0.1639999999999999,-0.449,-0.434,-0.038,-0.072,-0.066,0.002,0.06,0.0,0.0,0.0,0.0,0.0,0.32,0.45,1.47,0.0,0.81,1.31,0.0,1.13,0.19,1.08,0.35,0.0,0.0,1.0,0.0,0.0,0.0,0.0,0.0,1.0,0.0,1.0,1.0,0.0,0.0,0.0,0.0,0.0,1.0
49,0,1.602,0.98,1,0.074469,0.662325,-0.7455069999999999,-0.293485,0.68943,-0.662233,-0.154,0.765,313.5,314.9,318.7,322.7,324.5,323.3,319.3,315.3,306.1,309.0,312.4,316.5,320.5,323.9,326.4,324.0,320.5,316.4,312.5,309.0,317.2,319.0,320.7,321.3,320.5,318.7,317.0,316.3,367.4,368.7,373.0,377.8,380.2,378.9,374.6,369.6,363.9,366.2,369.7,374.4,379.7,384.3,388.3,384.7,380.3,375.4,370.5,366.6,372.3,374.4,376.3,376.9,375.8,373.7,371.8,371.2,199.0,194.9,192.8,194.1,198.0,202.3,204.1,202.9,198.5,197.6,197.0,196.5,196.4,196.6,197.3,199.4,200.6,201.3,201.1,200.2,200.3,200.9,200.0,198.1,196.4,195.8,196.8,198.6,194.8,189.9,187.6,189.3,194.0,198.8,201.1,199.7,194.2,193.0,192.2,191.8,192.0,192.3,193.2,195.4,196.7,197.3,197.1,196.3,196.4,197.2,196.2,194.0,192.0,191.2,192.2,194.4,-12.7,-11.1,-7.0,-2.6,-0.5,-1.8,-6.3,-10.7,-20.9,-17.7,-13.8,-9.4,-4.9,-1.3,1.5,-1.0,-5.0,-9.5,-13.8,-17.7,-8.6,-6.7,-4.8,-4.1,-5.0,-7.0,-8.8,-9.5,39.0,40.1,43.9,48.2,50.5,49.4,45.6,41.1,35.9,37.9,40.9,45.1,49.9,54.3,58.1,54.7,50.5,46.1,41.7,38.2,43.5,45.4,47.1,47.6,46.6,44.7,43.0,42.5,-177.0,-181.4,-183.7,-182.7,-178.8,-174.2,-171.9,-173.1,-178.6,-178.9,-179.0,-179.4,-179.7,-179.9,-179.7,-176.9,-175.2,-174.3,-174.7,-176.2,-176.1,-175.6,-176.6,-178.6,-180.3,-180.8,-179.8,-177.8,-151.9,-156.0,-157.7,-155.9,-151.7,-147.6,-146.0,-147.6,-153.1,-153.5,-153.5,-153.5,-153.3,-153.4,-153.2,-150.7,-149.2,-148.6,-149.2,-150.6,-150.4,-149.6,-150.3,-152.1,-154.0,-154.8,-154.0,-152.2,691.3,690.8,691.3,692.6,693.8,694.7,693.8,692.5,695.6,692.8,690.7,689.9,690.6,692.4,694.7,693.0,691.1,690.6,691.5,693.4,693.4,693.9,694.2,694.0,693.4,692.8,692.6,692.8,578.2,576.8,575.3,574.3,574.7,576.0,577.6,578.9,580.8,578.0,575.5,573.8,573.9,575.2,577.6,575.8,574.7,574.5,575.9,578.5,578.2,577.8,577.1,576.5,576.3,576.7,577.4,578.0,27.7,-133.4,652.2,0.5710000000000001,0.3329999999999999,-0.211,292.3,294.9,299.9,307.0,315.4,325.9,336.5,349.0,365.5,383.7,400.8,415.4,425.0,429.0,429.3,428.6,427.9,293.1,298.1,306.8,316.8,325.9,350.7,362.6,374.6,386.9,397.7,340.7,340.7,340.4,340.2,333.0,339.5,346.2,353.2,359.9,306.8,312.3,319.7,326.7,320.1,313.0,363.8,370.6,378.9,387.1,379.9,371.7,333.9,338.6,344.9,349.9,355.3,365.9,378.4,368.1,359.1,353.0,347.6,340.7,337.2,346.3,351.2,356.9,373.7,357.3,351.5,346.5,194.6,211.5,227.9,244.1,260.4,275.6,288.9,299.7,301.6,296.2,283.8,269.4,253.3,236.2,218.3,200.4,182.3,181.8,175.2,173.7,175.9,180.2,177.8,171.6,167.8,167.6,172.1,195.9,208.1,220.3,232.8,239.5,242.0,243.6,240.4,236.9,198.8,196.4,195.9,198.1,201.1,201.7,195.2,191.9,191.3,192.3,196.1,197.1,262.2,259.1,256.8,257.9,255.8,256.3,257.3,266.9,271.3,272.7,272.7,270.4,262.5,262.6,262.6,261.4,258.6,262.9,264.2,264.1,-36.5,-33.8,-28.4,-20.5,-10.8,1.0,12.6,25.8,43.1,62.3,81.0,96.9,106.8,110.0,109.2,107.5,106.1,-33.6,-27.9,-18.6,-8.2,0.9,25.0,36.5,48.2,60.2,71.0,15.6,15.4,15.1,14.9,8.1,14.5,21.2,28.1,34.7,-19.0,-13.1,-5.5,1.7,-5.0,-12.5,38.6,45.2,53.2,61.4,54.2,46.3,9.3,13.9,20.0,25.0,30.3,41.1,54.3,43.5,34.4,28.3,22.9,16.1,12.6,21.6,26.4,32.0,49.4,32.5,26.7,21.8,-184.6,-166.8,-149.5,-131.8,-112.8,-94.5,-78.1,-64.8,-62.1,-67.8,-81.4,-97.1,-113.9,-131.0,-148.3,-165.6,-183.3,-187.6,-191.4,-190.0,-185.2,-178.7,-177.4,-183.0,-186.7,-187.2,-183.5,-162.5,-149.8,-137.1,-124.2,-121.5,-118.3,-116.1,-119.0,-122.4,-168.7,-169.2,-168.6,-165.5,-163.4,-163.9,-164.0,-166.4,-166.5,-165.8,-161.9,-161.4,-102.1,-102.8,-103.9,-102.5,-104.3,-104.2,-104.5,-94.0,-89.4,-88.1,-88.4,-91.8,-101.1,-98.6,-98.2,-99.1,-103.0,-97.7,-96.5,-97.0,702.0,706.4,711.7,715.0,712.5,704.4,690.9,676.6,669.0,668.0,671.8,673.9,671.6,665.4,658.6,652.4,648.6,662.0,651.5,641.3,632.6,625.2,612.3,611.1,611.2,611.8,614.2,623.0,620.2,617.0,614.1,633.8,630.5,627.3,625.8,625.3,658.1,650.6,646.0,642.9,646.6,651.1,626.1,622.5,620.8,621.9,621.4,623.0,656.6,641.0,633.3,631.2,629.3,632.0,640.0,634.7,633.5,634.7,637.2,644.0,652.2,636.5,634.0,632.3,638.7,632.6,633.9,636.5,0.975,0.358,0.318,-0.195,352.05400000000003,230.322,-5.595,-6.363,-20.422,-3.495,-2.667,-4.53,3.64,1.002,-5.986000000000001,-5.222,-3.449,-1.494,-1.465,-9.591,2.211,-4.337,-6.18,-1.351,-2.755,-0.708,3.908,-0.044,3.615,-4.102,-0.13,2.015,-0.268,-0.253,-0.152,-0.2739999999999999,0.047,-0.051,0.025,0.0139999999999999,0.06,0.0,0.03,0.0,0.0,0.0,0.51,0.54,1.16,0.0,1.63,1.79,0.0,1.22,0.0,0.82,0.36,0.0,0.0,1.0,0.0,0.0,0.0,0.0,0.0,0.0,0.0,1.0,1.0,0.0,0.0,0.0,0.0,0.0,1.0
50,0,1.635,0.98,1,0.078171,0.666461,-0.74143,-0.314837,0.6908880000000001,-0.6508079999999999,-0.168,0.773,312.3,313.6,317.2,321.0,322.9,321.8,318.0,314.1,305.1,307.9,311.1,315.0,318.8,322.1,324.6,322.4,319.0,315.1,311.3,307.9,315.9,317.6,319.2,319.8,319.0,317.2,315.6,315.1,365.7,367.0,371.1,375.5,377.7,376.4,372.3,367.7,362.8,364.9,368.0,372.5,377.6,382.2,386.1,382.4,378.1,373.4,368.8,365.2,370.3,372.3,374.1,374.7,373.7,371.7,369.9,369.3,200.7,196.8,194.7,195.9,199.5,203.7,205.5,204.4,200.6,199.8,199.3,198.7,198.4,198.3,198.6,200.8,202.1,202.9,202.8,202.1,201.9,202.4,201.5,199.7,198.1,197.6,198.5,200.3,196.5,191.8,189.6,191.2,195.7,200.4,202.6,201.3,196.3,194.9,193.9,193.4,193.7,194.3,195.4,197.3,198.4,198.8,198.7,198.1,198.2,198.9,198.0,195.9,193.8,193.1,194.1,196.2,-14.6,-13.1,-9.0,-4.6,-2.5,-3.7,-8.1,-12.5,-23.0,-19.7,-15.9,-11.5,-7.1,-3.4,-0.4,-3.0,-6.9,-11.4,-15.7,-19.7,-10.5,-8.5,-6.7,-6.0,-7.0,-8.9,-10.8,-11.4,38.8,40.0,43.8,47.9,49.9,48.8,45.0,40.8,36.2,38.1,40.9,45.0,49.8,54.2,58.2,54.5,50.3,45.9,41.6,38.3,43.2,45.0,46.7,47.2,46.3,44.5,42.8,42.3,-182.9,-187.4,-189.8,-188.8,-185.0,-180.4,-178.1,-179.1,-184.3,-184.4,-184.5,-184.9,-185.5,-186.0,-186.2,-183.3,-181.3,-180.3,-180.6,-181.9,-182.1,-181.7,-182.8,-184.8,-186.5,-186.9,-185.8,-183.8,-156.1,-160.3,-161.9,-159.9,-155.6,-151.4,-149.8,-151.5,-156.9,-157.5,-157.7,-157.7,-157.4,-157.2,-156.7,-154.4,-153.1,-152.7,-153.2,-154.6,-154.3,-153.4,-154.2,-156.0,-158.0,-158.8,-158.1,-156.2,722.4,721.8,722.3,723.6,724.9,725.8,724.9,723.6,726.9,724.1,722.0,721.0,721.7,723.4,725.6,724.0,722.1,721.7,722.7,724.6,724.5,725.0,725.2,725.0,724.4,723.9,723.7,723.9,600.2,599.1,597.4,596.0,595.8,596.9,598.6,600.4,602.8,600.0,597.3,595.5,595.3,596.5,598.6,596.8,595.7,595.8,597.4,600.2,599.7,599.1,598.3,597.8,597.9,598.5,599.3,599.8,26.2,-130.7,649.2,0.5920000000000001,0.348,-0.225,290.9,294.1,299.7,307.0,315.7,326.4,336.5,348.6,365.0,383.3,400.8,415.4,424.6,428.0,427.9,426.7,425.7,291.4,296.2,305.2,315.5,324.7,348.9,360.5,372.3,384.6,395.6,339.2,339.2,339.0,339.0,332.0,338.2,344.9,351.9,358.5,305.5,311.1,318.3,325.0,318.5,311.5,362.2,368.9,377.0,384.9,377.9,369.9,333.0,338.0,344.2,349.1,354.3,364.5,376.9,366.2,357.2,351.3,346.1,339.5,336.1,345.4,350.2,355.7,372.2,355.7,350.0,345.2,194.7,212.1,229.1,245.9,262.9,278.5,292.1,303.0,304.7,299.1,286.2,271.1,254.6,237.1,219.1,201.0,182.6,184.3,177.6,176.0,178.5,183.1,180.7,174.4,170.4,169.7,174.1,197.8,210.3,222.8,235.6,241.6,244.3,246.1,242.9,239.2,200.5,198.4,197.8,199.7,202.7,203.3,196.8,194.0,193.4,194.3,197.9,198.8,263.7,261.3,259.4,260.6,258.5,258.8,259.4,268.8,272.8,274.2,274.1,271.7,264.2,264.9,265.0,263.8,260.7,264.7,266.1,265.9,-38.0,-34.6,-28.6,-20.4,-10.5,1.5,12.6,25.3,42.4,61.7,80.6,96.3,105.6,108.1,106.8,104.5,102.8,-35.2,-29.7,-20.1,-9.5,-0.3,23.2,34.3,45.6,57.5,68.4,14.0,13.9,13.7,13.6,7.0,13.2,19.7,26.6,33.1,-20.3,-14.3,-6.9,0.0,-6.6,-13.8,36.8,43.2,51.0,58.8,51.9,44.2,8.3,13.2,19.3,24.1,29.3,39.6,52.6,41.4,32.4,26.4,21.3,14.7,11.5,20.6,25.3,30.8,47.8,30.8,25.1,20.4,-184.2,-165.9,-147.9,-129.5,-109.7,-90.9,-74.4,-61.2,-58.6,-64.4,-78.5,-94.7,-111.8,-129.0,-146.3,-163.3,-181.0,-184.1,-188.1,-186.6,-181.7,-174.9,-173.7,-179.2,-182.9,-183.6,-180.0,-159.7,-146.8,-133.9,-120.9,-118.8,-115.4,-113.0,-115.9,-119.4,-165.9,-166.2,-165.7,-163.0,-160.8,-161.2,-161.4,-163.3,-163.3,-162.7,-159.1,-158.7,-100.2,-100.4,-101.1,-99.6,-101.4,-101.4,-102.0,-91.7,-87.5,-86.3,-86.7,-90.1,-99.0,-96.0,-95.5,-96.5,-100.4,-95.6,-94.4,-94.9,700.7,705.5,711.0,714.1,710.7,702.1,688.6,674.4,667.0,665.5,668.8,670.0,667.0,660.2,652.9,646.0,641.6,659.2,648.4,638.0,629.4,621.9,609.3,607.4,606.7,606.9,609.1,619.3,616.7,613.9,611.4,631.2,627.7,624.3,622.7,622.0,654.1,647.0,642.5,639.3,642.9,647.2,622.2,618.4,616.5,617.3,617.2,619.0,654.4,639.5,632.0,630.0,628.2,630.5,637.5,632.3,631.4,632.5,635.0,641.7,650.1,634.8,632.4,630.9,636.3,630.7,631.8,634.3,0.979,0.381,0.336,-0.209,350.801,232.349,-7.824,-2.599,-21.227,-5.122999999999999,-3.31,-0.2339999999999999,4.823,-2.688,-4.578,-6.947,-3.716,-1.185,-2.317,-9.577,1.778,-5.197,-6.127999999999999,-1.173,-4.1,-0.27,3.293,-0.8029999999999999,4.574,-3.974,0.283,2.257,-0.354,-0.215,-0.1889999999999999,-0.298,0.01,-0.031,0.044,0.0139999999999999,0.03,0.0,0.04,0.0,0.0,0.02,0.97,0.53,0.93,0.03,2.01,1.98,0.0,1.03,0.0,0.49,0.62,0.0,0.0,1.0,0.0,0.0,0.0,0.0,0.0,0.0,0.0,1.0,1.0,0.0,0.0,0.0,0.0,0.0,1.0
51,0,1.668,0.98,1,0.057726,0.654637,-0.753736,-0.281067,0.705314,-0.650795,-0.158,0.769,310.9,312.2,315.8,319.5,321.3,320.2,316.4,312.6,303.6,306.3,309.6,313.5,317.4,320.6,323.1,320.9,317.5,313.5,309.8,306.4,314.4,316.1,317.6,318.2,317.4,315.8,314.2,313.6,364.2,365.4,369.5,374.0,376.4,375.2,371.2,366.4,361.0,362.6,365.4,369.7,375.0,380.0,384.5,380.9,376.3,371.6,367.0,363.4,369.0,371.0,372.8,373.3,372.3,370.3,368.4,367.9,202.6,198.7,196.8,198.0,201.7,205.8,207.5,206.3,202.7,202.0,201.4,200.8,200.6,200.6,201.0,203.1,204.3,205.0,205.0,204.3,203.9,204.4,203.6,201.9,200.2,199.7,200.5,202.3,198.7,193.9,191.7,193.4,197.9,202.7,204.9,203.5,198.7,196.7,195.1,194.1,194.1,194.8,196.3,199.1,200.8,201.7,201.7,200.9,200.3,201.1,200.1,198.0,195.9,195.2,196.2,198.3,-16.2,-14.7,-10.6,-6.3,-4.3,-5.5,-9.9,-14.2,-24.7,-21.5,-17.7,-13.2,-8.7,-5.0,-2.2,-4.7,-8.6,-13.1,-17.5,-21.5,-12.2,-10.3,-8.5,-7.8,-8.7,-10.6,-12.4,-13.1,35.9,36.9,40.5,44.5,46.7,45.7,42.1,38.0,33.1,34.4,36.8,40.6,45.4,50.0,54.2,50.8,46.6,42.4,38.3,35.2,40.2,42.0,43.6,44.1,43.1,41.3,39.7,39.2,-180.6,-185.0,-187.4,-186.3,-182.4,-177.8,-175.6,-176.7,-181.7,-181.8,-182.0,-182.4,-182.8,-183.2,-183.4,-180.5,-178.7,-177.7,-178.0,-179.3,-179.6,-179.2,-180.2,-182.2,-183.9,-184.4,-183.4,-181.4,-147.6,-151.6,-153.2,-151.3,-147.2,-143.2,-141.6,-143.3,-148.5,-149.6,-150.3,-150.6,-150.4,-150.1,-149.2,-146.3,-144.6,-143.9,-144.4,-145.8,-146.0,-145.2,-145.9,-147.6,-149.5,-150.3,-149.6,-147.8,721.7,721.4,722.0,723.2,724.3,725.1,724.0,722.8,726.5,723.6,721.5,720.5,721.3,723.1,725.3,723.5,721.6,721.2,722.1,724.0,723.8,724.3,724.6,724.4,723.9,723.4,723.1,723.3,575.5,574.2,572.4,571.0,571.0,572.4,574.2,576.0,579.1,576.2,573.2,570.9,570.3,571.2,573.2,571.8,571.2,571.7,573.6,576.6,575.1,574.5,573.6,573.1,573.1,573.6,574.5,575.1,25.1,-130.1,655.2,0.593,0.374,-0.235,291.7,295.5,301.5,308.9,317.4,327.7,337.5,348.5,364.1,381.9,399.3,413.8,423.2,426.9,426.9,425.7,424.3,290.4,295.1,304.0,313.7,322.6,347.3,358.7,370.4,382.5,393.6,337.6,337.5,337.3,337.3,331.1,336.9,343.1,349.7,355.9,304.2,309.5,316.7,323.6,317.1,309.9,360.2,366.7,374.9,383.0,376.1,368.0,331.5,336.2,342.0,347.1,352.8,362.4,373.9,364.0,355.8,349.5,344.0,337.6,334.5,343.3,348.4,354.3,369.3,354.3,348.2,343.2,196.5,214.0,231.1,248.1,265.0,280.1,293.2,303.6,305.1,299.6,286.7,272.3,256.2,239.0,221.1,203.2,184.9,186.8,180.3,178.9,181.3,185.7,183.0,177.2,173.3,172.6,176.7,200.0,212.8,225.7,238.8,244.1,246.8,248.6,245.6,242.2,202.4,200.0,199.5,202.1,205.1,205.6,199.0,195.5,194.8,196.0,200.0,200.9,264.8,262.4,260.6,261.8,259.6,260.1,260.8,269.6,273.6,275.2,275.0,272.6,265.3,266.0,266.2,264.8,262.1,265.2,266.8,266.7,-37.5,-33.5,-26.8,-18.5,-8.7,3.1,13.8,25.4,41.7,60.6,79.5,95.1,104.7,107.6,106.5,104.2,102.1,-36.8,-31.2,-21.6,-11.4,-2.4,21.8,32.8,44.1,55.9,66.9,12.5,12.4,12.1,12.1,6.2,12.0,18.2,24.7,30.8,-21.9,-16.1,-8.5,-1.4,-8.2,-15.7,35.2,41.4,49.3,57.4,50.5,42.7,6.9,11.4,17.3,22.3,28.0,37.8,49.8,39.6,31.2,24.9,19.4,12.9,9.9,18.7,23.7,29.7,45.1,29.6,23.5,18.5,-184.1,-165.6,-147.4,-128.5,-108.6,-90.0,-73.7,-60.9,-58.6,-64.4,-78.5,-94.0,-110.6,-127.7,-145.2,-162.3,-179.9,-184.0,-187.7,-186.0,-180.9,-174.1,-173.1,-178.0,-181.6,-182.2,-178.8,-159.2,-145.8,-132.5,-119.1,-117.5,-114.1,-111.7,-114.3,-117.5,-165.7,-166.3,-165.5,-162.0,-160.0,-160.6,-160.7,-163.2,-163.1,-162.2,-158.3,-157.9,-99.7,-100.2,-100.8,-99.2,-101.1,-100.9,-101.1,-91.6,-87.5,-86.2,-86.7,-90.0,-98.6,-95.8,-95.2,-96.4,-99.6,-95.9,-94.5,-95.1,708.5,713.6,719.3,722.1,718.3,708.8,693.9,679.3,671.9,670.5,673.4,673.8,670.6,664.2,657.5,650.9,646.3,668.1,656.8,646.0,636.5,628.1,614.8,612.4,611.6,611.4,613.6,625.6,623.1,620.2,617.7,637.7,633.8,630.3,628.3,627.3,661.4,653.6,648.6,645.5,649.3,654.2,627.9,623.6,621.1,621.9,622.0,624.2,659.2,645.3,638.1,635.6,633.5,635.1,640.7,637.2,637.2,638.9,641.6,647.6,654.9,640.9,638.2,636.4,639.7,636.3,637.9,640.8,0.971,0.3829999999999999,0.364,-0.22,349.435,234.123,-4.543,-2.354,-21.572,-6.089,-0.613,0.99,5.442,-2.315,-4.553999999999999,-8.49,-2.329,-1.6880000000000002,1.476,-5.823,3.545,-6.274,-7.252000000000001,-0.278,-4.41,-0.682,2.658,-0.1669999999999999,3.19,-1.727,0.767,1.851,0.28,-0.518,-0.1169999999999999,-0.246,-0.125,0.0069999999999999,0.055,-0.17,0.08,0.0,0.04,0.0,0.0,0.05,1.53,0.5,0.77,0.03,2.26,1.89,0.08,1.25,0.0,0.74,0.59,0.0,0.0,1.0,0.0,0.0,0.0,0.0,0.0,0.0,0.0,1.0,1.0,0.0,0.0,0.0,0.0,0.0,1.0
52,0,1.702,0.98,1,0.0278649999999999,0.659636,-0.751069,-0.387977,0.653803,-0.6496270000000001,-0.252,0.753,311.3,312.4,315.8,319.4,321.2,320.2,316.7,313.0,303.8,306.4,309.9,313.9,317.8,320.7,322.8,320.7,317.5,313.8,310.1,306.6,314.6,316.2,317.7,318.2,317.4,315.8,314.4,313.9,362.6,363.3,366.8,370.9,373.4,372.6,369.2,365.0,360.4,361.4,363.4,367.4,373.1,378.6,383.6,379.5,374.6,369.8,365.4,362.3,367.4,369.0,370.4,370.7,369.7,368.1,366.7,366.4,205.0,201.2,199.5,200.8,204.4,208.5,209.9,208.6,205.8,202.9,201.0,199.9,200.5,202.2,204.8,206.4,207.0,207.5,207.5,207.0,206.5,207.1,206.3,204.7,203.1,202.5,203.3,204.9,200.0,195.1,193.0,194.8,199.5,204.4,206.5,205.0,200.3,198.3,196.8,195.8,195.9,196.7,198.2,201.3,203.2,204.0,203.8,202.8,201.5,202.2,201.4,199.5,197.6,196.9,197.7,199.6,-15.7,-14.4,-10.5,-6.4,-4.4,-5.5,-9.6,-13.7,-24.4,-21.3,-17.3,-12.7,-8.3,-5.0,-2.6,-4.9,-8.5,-12.7,-17.0,-21.1,-11.9,-10.1,-8.4,-7.9,-8.7,-10.5,-12.2,-12.8,32.5,33.0,35.8,39.2,41.3,40.8,38.0,34.6,30.8,31.4,33.0,36.2,40.9,45.6,50.1,46.5,42.3,38.3,34.7,32.3,36.5,37.9,39.0,39.1,38.3,37.0,35.9,35.7,-177.2,-181.8,-184.1,-182.9,-178.8,-174.0,-171.9,-173.2,-177.3,-180.1,-181.9,-183.0,-182.6,-181.2,-178.6,-176.3,-175.0,-174.3,-174.4,-175.3,-176.0,-175.4,-176.5,-178.4,-180.2,-180.8,-179.7,-177.8,-138.3,-142.0,-143.1,-141.0,-136.9,-133.2,-132.1,-134.0,-138.9,-139.9,-140.2,-140.3,-139.8,-139.2,-138.1,-135.4,-133.9,-133.5,-134.3,-136.1,-136.6,-135.8,-136.2,-137.7,-139.3,-140.1,-139.7,-138.2,719.0,719.8,721.3,722.4,722.7,722.2,720.4,719.2,723.2,721.1,719.5,719.1,720.3,722.1,724.0,721.7,719.5,718.5,719.0,720.7,720.9,721.4,722.1,722.4,722.3,721.8,721.2,720.8,543.6,541.8,539.0,536.9,536.6,538.4,541.1,543.8,547.2,543.8,540.3,537.1,535.7,535.8,537.1,536.5,536.7,538.2,540.8,544.4,542.0,541.1,540.0,539.3,539.4,540.3,541.4,542.1,25.4,-129.3,661.0,0.603,0.411,-0.261,294.1,298.1,304.1,311.0,319.1,329.3,339.2,350.2,365.5,382.9,400.4,414.8,423.7,426.8,426.4,425.0,423.6,290.3,295.0,303.3,312.6,321.6,346.0,357.6,369.3,381.4,392.3,336.8,336.9,336.8,337.0,331.6,337.4,343.4,349.8,355.8,304.6,309.5,316.9,323.9,317.4,310.1,359.2,364.7,373.2,381.7,374.9,366.7,332.2,336.2,342.0,347.1,352.7,363.4,376.2,365.3,355.9,349.6,344.3,338.0,335.1,343.5,348.6,354.5,371.4,354.3,348.2,343.3,198.8,216.4,233.5,250.5,267.0,281.8,294.2,304.1,305.3,299.6,286.9,272.8,257.1,240.5,223.3,205.9,188.0,190.1,183.7,181.9,183.9,187.9,185.2,179.3,175.7,175.3,179.6,202.4,214.5,226.7,239.1,246.0,248.2,249.7,246.9,243.8,204.8,201.4,200.9,204.7,207.7,208.1,201.4,196.6,195.7,197.8,202.0,203.2,266.9,264.1,262.1,263.3,261.1,261.4,262.2,271.4,275.7,277.2,277.0,274.5,267.2,267.8,267.9,266.6,263.6,267.5,268.9,268.8,-35.3,-30.9,-24.2,-16.2,-6.8,4.8,15.7,27.4,43.3,61.7,80.6,96.0,105.0,107.3,105.8,103.4,101.3,-37.2,-31.7,-22.5,-12.6,-3.4,20.7,32.0,43.4,55.2,66.0,11.8,11.9,11.8,11.9,6.7,12.6,18.6,24.9,30.9,-21.6,-16.3,-8.4,-1.2,-7.9,-15.7,34.4,39.6,47.9,56.3,49.6,41.6,7.6,11.6,17.4,22.5,28.1,39.0,52.5,41.2,31.6,25.2,19.8,13.5,10.7,19.1,24.1,30.0,47.6,29.8,23.8,18.8,-184.2,-165.1,-146.2,-126.9,-107.1,-88.8,-73.1,-60.7,-58.6,-64.3,-78.2,-93.3,-109.4,-125.9,-142.7,-159.3,-176.8,-182.2,-185.9,-184.6,-179.9,-173.5,-172.4,-177.4,-180.5,-180.6,-176.8,-158.0,-145.4,-132.7,-119.9,-116.8,-113.8,-111.6,-113.9,-116.8,-164.6,-166.2,-165.4,-160.8,-158.6,-159.4,-159.4,-162.9,-163.1,-161.2,-157.1,-156.7,-98.9,-99.5,-100.2,-98.6,-100.3,-100.3,-100.4,-90.5,-85.9,-84.8,-85.4,-89.0,-98.0,-94.8,-94.2,-95.3,-98.9,-94.3,-93.1,-93.7,718.7,722.9,727.0,728.5,723.9,714.0,699.1,682.9,673.2,670.1,672.4,672.4,669.0,662.8,656.3,650.4,646.5,674.3,662.9,652.1,642.4,634.0,620.1,617.4,615.8,615.0,616.5,630.5,628.6,626.1,624.0,644.3,640.2,636.4,633.9,632.2,667.1,659.1,653.8,651.0,654.8,660.2,632.3,627.3,624.5,625.2,625.5,628.2,667.8,652.3,643.9,641.0,638.4,639.8,645.7,641.9,641.4,643.6,647.1,654.9,663.6,646.6,643.5,641.0,644.9,640.7,642.8,646.1,0.964,0.392,0.406,-0.246,349.61,235.956,-9.074,1.244,-20.392,-13.27,1.861,-0.021,3.498,-1.539,-2.182,-3.408,-4.022,0.201,-0.763,-5.267,2.546,-2.032,-2.571,0.473,-1.37,-0.8009999999999999,1.977,-0.925,1.778,-1.852,0.547,1.099,-0.437,-0.15,-0.033,-0.374,-0.095,0.032,-0.02,0.0,0.08,0.0,0.0,0.0,0.0,0.05,1.33,0.41,0.54,0.03,1.44,1.21,0.08,0.82,0.0,0.44,0.35,0.0,0.0,1.0,0.0,0.0,0.0,0.0,0.0,0.0,0.0,1.0,1.0,0.0,0.0,0.0,0.0,0.0,0.0
53,0,1.735,0.03,0,0.0,0.0,0.0,0.0,0.0,0.0,0.0,0.0,303.3,304.0,308.5,314.1,317.4,317.2,312.2,306.7,297.2,298.6,301.8,307.1,313.2,318.2,322.4,319.1,313.8,308.4,303.8,300.0,309.0,311.4,313.4,313.7,312.2,309.8,307.8,307.5,366.8,367.6,372.3,378.2,381.8,381.0,376.3,370.0,359.0,361.3,365.4,371.7,378.4,383.5,387.1,384.7,380.6,375.4,369.3,363.4,372.3,374.9,376.9,377.3,375.7,373.2,371.1,370.8,209.4,203.7,200.5,201.6,206.4,212.3,215.3,214.2,211.1,207.9,205.6,203.4,202.9,203.4,205.2,208.9,211.5,213.3,213.8,213.2,210.5,211.0,209.6,207.1,205.0,204.5,205.9,208.4,195.1,190.2,187.8,189.5,194.1,199.1,201.4,200.3,201.9,197.7,193.9,191.3,192.0,194.3,198.3,199.1,199.4,199.8,200.6,201.9,197.5,198.2,197.2,195.0,193.0,192.3,193.3,195.5,-16.9,-16.3,-12.8,-8.5,-5.8,-6.0,-9.9,-14.3,-21.9,-20.6,-18.0,-13.8,-9.1,-5.2,-2.0,-4.6,-8.7,-12.9,-16.5,-19.5,-12.5,-10.6,-9.0,-8.7,-9.9,-11.8,-13.4,-13.6,30.5,31.2,34.8,39.2,41.7,40.9,37.3,32.7,24.7,26.5,29.5,34.1,39.1,43.1,45.9,43.8,40.5,36.5,32.1,27.9,34.5,36.4,38.0,38.3,37.3,35.4,33.8,33.5,-117.2,-121.3,-123.5,-122.4,-118.8,-114.5,-112.4,-113.5,-117.4,-119.0,-120.0,-120.9,-121.2,-120.9,-119.9,-116.8,-114.7,-113.7,-113.8,-115.0,-116.3,-115.8,-116.8,-118.6,-120.3,-120.7,-119.8,-117.9,-120.0,-124.4,-126.7,-125.7,-121.8,-117.5,-115.2,-115.8,-115.2,-118.2,-121.0,-123.0,-123.1,-122.0,-119.6,-118.1,-117.1,-116.3,-115.5,-114.7,-118.6,-118.1,-119.1,-121.0,-122.7,-123.1,-122.1,-120.2,489.2,488.2,487.0,486.2,486.4,487.6,488.6,489.4,496.0,491.9,488.5,485.7,484.9,485.7,487.0,486.3,486.0,487.3,489.7,492.7,489.3,489.0,488.4,488.0,487.9,488.2,488.8,489.2,457.8,460.5,462.8,463.4,461.9,459.2,456.9,456.3,458.0,457.9,457.9,458.7,460.7,463.0,465.2,461.5,458.4,456.4,455.7,456.4,459.0,459.2,460.2,461.4,462.0,461.8,460.8,459.6,25.4,-129.8,665.5,0.5870000000000001,0.416,-0.267,296.6,300.7,306.7,313.2,320.6,330.1,340.0,350.6,365.6,383.2,401.0,415.2,423.9,426.6,425.6,423.4,421.1,291.4,295.8,304.0,313.1,322.2,344.2,355.8,368.1,381.1,392.6,335.9,336.0,335.9,335.9,332.0,337.3,342.8,349.2,355.3,305.3,309.7,317.0,324.4,317.7,310.5,357.8,363.1,371.4,379.9,373.3,365.2,331.9,334.9,340.7,346.3,352.5,363.5,376.5,365.5,355.9,349.0,343.3,337.1,334.7,342.6,348.0,354.6,371.7,354.1,347.4,342.1,198.6,215.7,232.8,249.5,266.1,281.2,294.1,304.7,306.4,300.6,287.3,272.3,256.3,239.6,222.7,205.7,188.0,192.4,186.5,185.2,187.3,191.1,188.0,181.5,177.2,176.2,180.1,203.1,215.0,227.1,239.4,246.4,248.5,250.0,247.3,244.0,205.1,201.4,200.9,205.0,207.8,208.4,201.0,195.2,194.1,196.4,200.8,202.0,268.3,265.3,263.0,264.2,261.8,262.1,263.0,272.0,276.5,278.1,278.0,275.5,268.6,268.7,268.7,267.2,264.4,268.1,269.8,269.7,-32.7,-28.1,-21.3,-13.8,-5.1,5.9,16.9,28.0,43.5,62.1,81.5,96.9,106.0,108.1,106.1,102.8,99.8,-36.4,-31.0,-21.9,-12.2,-2.8,19.1,30.6,42.7,55.5,67.4,11.0,11.0,10.9,10.9,7.2,12.6,18.1,24.6,30.6,-21.1,-16.2,-8.3,-0.6,-7.6,-15.4,33.3,38.4,46.6,55.1,48.5,40.6,7.4,10.3,16.2,21.8,28.1,39.3,53.1,41.4,31.6,24.7,18.9,12.7,10.3,18.2,23.6,30.4,48.1,29.7,23.0,17.6,-185.6,-166.8,-147.9,-128.8,-109.0,-90.4,-74.1,-60.5,-57.5,-63.4,-78.0,-94.3,-111.2,-128.1,-144.8,-161.2,-178.7,-181.5,-184.5,-182.9,-177.9,-171.7,-171.4,-177.0,-180.9,-182.1,-179.1,-158.5,-145.8,-133.0,-120.1,-117.4,-114.2,-111.8,-114.2,-117.3,-165.6,-167.6,-166.8,-161.8,-159.7,-160.5,-161.6,-166.0,-166.4,-164.2,-159.9,-159.4,-98.1,-98.8,-99.8,-98.1,-100.1,-100.1,-100.1,-90.2,-85.5,-84.2,-84.8,-88.6,-97.1,-94.5,-93.8,-95.1,-98.6,-93.9,-92.6,-93.3,723.1,727.1,731.1,733.2,730.1,721.5,706.8,687.9,675.3,671.5,674.5,675.8,674.0,669.0,663.0,657.0,653.5,681.1,669.0,657.8,647.6,639.3,626.6,623.7,622.6,623.0,626.2,635.3,632.5,629.4,626.6,649.5,644.4,639.7,637.4,636.0,672.6,664.5,659.1,656.5,660.0,665.5,639.0,633.8,630.8,631.5,631.6,634.5,673.2,656.3,647.4,644.1,641.0,642.7,648.9,644.4,643.8,646.8,650.9,659.6,668.4,650.5,646.6,644.0,648.3,643.0,645.8,649.8,0.957,0.381,0.41,-0.254,349.415,236.456,-1.295,2.155,-17.076,-6.424,-6.027,0.508,2.039,-0.935,3.113,0.278,-1.884,2.261,-3.155,-0.97,4.0,3.027,-0.8270000000000001,1.68,-1.501,-2.422,0.7440000000000001,-0.919,0.713,-0.539,0.601,0.7490000000000001,0.489,0.235,0.158,0.362,-0.061,-0.176,-0.006,0.1119999999999999,0.08,0.0,0.0,0.0,0.0,0.03,0.77,0.2,0.22,0.0,0.94,0.55,0.08,0.53,0.0,0.33,0.0,0.0,0.0,0.0,0.0,0.0,0.0,0.0,0.0,0.0,0.0,0.0,0.0,0.0,0.0,0.0,0.0,0.0,0.0
54,0,1.768,0.03,0,0.0,0.0,0.0,0.0,0.0,0.0,0.0,0.0,315.5,316.6,320.0,323.7,325.4,324.6,320.9,317.2,311.7,312.5,314.5,318.0,322.2,325.6,328.4,325.7,321.9,318.3,315.4,313.1,319.3,320.9,322.4,322.9,322.1,320.5,319.0,318.5,360.7,361.4,364.8,369.0,371.4,370.8,367.3,362.9,355.6,357.3,360.2,364.3,368.9,372.7,375.6,373.4,370.1,366.3,362.2,358.4,364.8,366.5,368.0,368.2,367.2,365.4,364.0,363.7,206.8,203.0,201.3,202.8,206.5,210.6,212.0,210.6,207.9,206.0,204.8,204.1,204.6,206.0,208.3,210.2,211.3,211.7,211.3,210.1,208.3,208.9,208.2,206.5,204.9,204.3,205.0,206.6,197.4,193.5,191.4,192.3,195.6,199.5,201.6,201.2,202.1,199.4,196.8,194.9,194.8,195.7,197.6,198.9,199.8,200.7,201.5,202.3,198.6,199.0,198.1,196.5,195.1,194.7,195.6,197.2,-10.4,-9.1,-5.4,-1.5,0.5,-0.4,-4.5,-8.5,-14.7,-13.7,-11.4,-7.6,-3.1,0.7,3.7,0.7,-3.4,-7.3,-10.5,-13.0,-6.2,-4.5,-2.9,-2.3,-3.2,-4.9,-6.5,-7.0,38.0,38.9,42.6,47.1,49.7,48.8,45.0,40.3,32.7,34.5,37.5,41.9,46.8,51.1,54.3,51.8,48.1,43.9,39.5,35.6,42.4,44.3,45.9,46.3,45.2,43.3,41.7,41.3,-167.0,-170.9,-172.3,-170.4,-166.4,-162.3,-161.1,-162.9,-167.6,-168.8,-169.1,-169.0,-168.2,-166.8,-164.6,-162.6,-161.5,-161.4,-162.5,-164.6,-165.4,-164.6,-165.2,-166.9,-168.6,-169.4,-168.8,-167.1,-173.3,-178.0,-180.6,-179.7,-175.8,-171.2,-168.5,-169.0,-168.8,-171.4,-173.9,-175.8,-176.3,-175.9,-174.5,-172.2,-170.6,-169.4,-168.6,-168.0,-172.2,-171.9,-173.0,-174.9,-176.6,-177.0,-175.8,-173.9,685.7,684.5,682.9,681.9,681.9,683.3,684.7,685.8,693.2,689.2,685.3,682.0,680.8,681.2,682.3,682.4,682.8,684.5,687.1,690.2,685.4,684.9,684.2,683.7,683.7,684.2,684.9,685.4,670.4,672.3,673.8,673.9,672.7,670.7,669.3,669.2,672.3,671.2,670.2,670.0,671.2,673.4,675.7,672.5,669.9,668.6,668.8,670.3,671.2,671.3,671.9,672.7,673.3,673.2,672.6,671.8,28.2,-132.7,696.8,0.503,0.555,-0.301,309.5,312.8,318.5,325.3,332.0,339.5,346.6,353.8,365.5,381.0,398.0,412.7,423.1,427.6,426.5,423.0,419.2,300.5,303.9,310.7,317.7,324.4,342.9,352.2,362.4,373.5,384.6,335.1,334.9,334.5,334.3,332.3,336.4,341.6,347.9,354.0,311.9,315.0,321.3,327.8,321.8,315.8,356.3,360.8,368.0,375.7,369.7,362.7,335.7,336.3,341.0,346.1,352.5,363.9,377.1,367.1,357.2,350.2,344.8,339.5,337.9,342.7,347.7,354.3,373.2,355.3,348.6,343.6,212.8,228.5,244.0,259.0,273.9,287.6,299.6,309.3,310.9,306.6,295.7,282.0,266.2,248.4,229.8,210.9,192.0,197.7,191.9,190.7,191.7,194.3,190.1,183.7,179.8,178.5,182.0,204.2,216.5,228.8,241.4,247.8,250.2,251.5,248.1,244.6,209.3,204.7,203.8,207.7,210.2,211.3,202.3,196.2,194.8,197.2,201.0,202.5,269.2,265.0,262.4,263.2,260.5,260.4,261.9,272.2,277.7,279.7,279.7,277.0,269.4,267.8,267.7,265.8,263.2,269.3,271.3,271.2,-18.6,-14.7,-7.8,0.4,8.5,17.3,25.1,32.5,44.8,61.4,80.3,96.7,107.9,112.3,110.2,105.6,101.1,-28.1,-23.8,-15.8,-8.0,-0.7,18.8,28.5,38.9,50.2,61.5,10.8,10.5,10.0,9.8,7.9,12.2,17.6,24.2,30.6,-14.9,-11.2,-4.1,3.1,-3.5,-10.3,33.3,37.8,45.0,53.0,46.8,39.7,12.0,12.4,17.3,22.5,29.1,41.2,55.5,44.6,34.2,27.0,21.3,15.9,14.3,19.1,24.2,31.2,51.4,32.2,25.3,20.1,-176.5,-158.0,-139.8,-122.0,-103.5,-85.9,-70.2,-57.2,-54.3,-58.6,-70.7,-86.0,-103.2,-122.1,-141.4,-160.7,-180.3,-186.1,-189.6,-188.0,-184.0,-178.9,-179.3,-184.6,-187.6,-187.8,-183.7,-166.1,-152.1,-138.1,-124.1,-121.4,-117.6,-115.2,-118.3,-121.6,-170.6,-173.8,-173.2,-167.7,-166.1,-166.5,-167.6,-172.7,-173.0,-170.0,-166.4,-165.9,-101.8,-103.8,-105.0,-103.3,-105.5,-105.5,-104.4,-93.2,-87.5,-86.0,-86.6,-91.0,-100.7,-99.5,-98.7,-100.1,-103.1,-96.4,-95.0,-95.9,754.1,755.8,758.0,759.5,756.1,746.5,730.7,709.8,695.4,689.7,691.5,693.0,691.7,688.3,683.0,677.8,674.9,721.1,709.3,698.4,687.8,679.1,663.7,658.5,654.8,651.0,648.9,670.6,666.3,662.0,658.0,680.6,673.4,667.5,664.6,662.6,712.2,704.1,697.5,692.6,697.4,703.9,668.5,663.1,658.6,656.8,658.1,662.3,704.8,686.9,676.4,671.0,666.6,666.1,669.4,667.4,668.2,672.9,678.8,689.7,699.5,678.5,672.7,668.3,670.2,669.0,673.6,679.5,0.917,0.301,0.546,-0.287,350.88300000000004,239.505,-17.03,-17.815,-5.814,-3.27,-10.524,8.501,5.972,3.851,1.723,-2.259,3.761,2.539,-0.5920000000000001,-0.2689999999999999,1.989,-0.046,-0.441,0.7290000000000001,-0.091,-1.7080000000000002,-0.5479999999999999,0.102,0.18,-0.601,-0.562,0.242,0.346,-0.276,0.186,0.1669999999999999,0.092,-0.076,0.076,-0.173,0.0,0.0,0.0,0.0,0.0,0.0,0.0,0.0,0.0,0.0,0.0,0.0,0.0,0.0,0.0,0.0,0.0,0.0,0.0,0.0,0.0,0.0,0.0,0.0,0.0,0.0,0.0,0.0,0.0,0.0,0.0,0.0,0.0,0.0,0.0
55,0,1.802,0.12,0,0.0,0.0,0.0,0.0,0.0,0.0,0.0,0.0,323.7,324.7,327.4,330.2,331.5,330.8,327.7,324.9,322.0,322.3,323.6,326.1,329.6,332.6,335.0,332.6,329.4,326.5,324.2,322.8,326.8,328.0,329.2,329.6,329.1,327.9,326.7,326.3,361.6,362.5,365.9,369.8,371.9,371.0,367.6,363.6,358.9,360.2,362.6,366.3,370.6,374.5,377.7,375.2,371.8,368.1,364.5,361.3,365.6,367.3,368.8,369.2,368.2,366.5,365.0,364.7,213.0,209.4,207.6,208.5,211.7,215.5,217.1,216.2,215.6,212.8,210.7,209.4,209.8,211.4,213.9,215.6,216.5,217.2,217.4,216.9,214.1,214.5,213.7,212.2,210.8,210.4,211.2,212.8,205.4,201.3,199.1,199.9,203.3,207.3,209.6,209.1,208.7,205.5,202.9,201.2,201.2,202.2,204.2,206.4,207.8,208.9,209.4,209.6,206.4,206.8,205.8,204.0,202.5,202.2,203.2,204.9,-1.6,-0.4,2.9,6.3,7.8,6.9,3.3,-0.1,-3.7,-3.3,-1.8,1.3,5.5,9.1,12.1,9.2,5.3,1.8,-0.9,-2.7,2.2,3.7,5.1,5.6,5.0,3.5,2.1,1.5,40.4,41.4,45.1,49.3,51.6,50.6,46.9,42.5,37.5,38.8,41.4,45.3,50.1,54.6,58.2,55.3,51.4,47.3,43.4,40.0,44.7,46.6,48.2,48.7,47.7,45.8,44.2,43.8,-178.9,-183.2,-185.0,-183.3,-179.0,-174.4,-172.9,-174.6,-177.2,-179.9,-181.5,-182.3,-181.4,-179.2,-176.1,-174.1,-173.2,-172.8,-173.3,-174.7,-177.1,-176.3,-177.1,-179.0,-180.9,-181.6,-180.8,-178.9,-170.5,-175.1,-177.6,-176.4,-172.4,-167.8,-165.4,-166.2,-167.4,-170.6,-173.0,-174.5,-174.6,-173.8,-172.0,-169.1,-167.1,-165.9,-165.6,-165.9,-169.3,-168.8,-169.9,-171.9,-173.6,-174.2,-173.1,-171.1,765.4,765.3,763.4,760.8,759.0,759.1,761.1,763.7,771.7,768.6,764.8,761.4,759.3,758.3,758.1,758.2,759.0,761.0,764.2,768.1,763.5,762.4,761.5,761.5,762.2,763.4,764.2,764.3,693.6,694.3,694.0,692.9,691.8,691.2,691.4,692.7,695.9,694.2,692.5,691.2,691.4,692.8,694.5,692.3,690.7,690.3,691.4,693.7,693.4,692.9,692.8,693.1,693.6,694.0,694.2,693.9,31.9,-138.7,747.9,0.405,0.7070000000000001,-0.261,324.0,325.6,329.0,333.6,338.5,344.1,349.3,353.7,362.5,375.9,391.9,406.1,416.1,420.9,421.8,421.2,420.1,312.5,314.2,318.5,323.3,328.5,344.6,354.4,365.2,376.7,387.7,338.2,336.6,334.8,333.2,333.7,337.1,341.2,346.7,352.1,321.8,323.9,329.4,334.8,329.5,324.3,358.6,363.2,370.2,377.8,371.5,364.6,338.1,337.1,340.1,344.1,349.3,360.3,373.5,363.0,353.3,347.6,343.2,339.7,339.7,341.7,345.6,351.0,369.8,351.9,346.4,342.4,221.8,236.4,250.7,264.5,277.8,289.7,299.9,308.3,309.6,305.8,296.3,284.3,270.1,253.5,236.0,218.4,200.9,203.2,196.8,195.1,195.5,197.8,194.0,187.8,184.5,184.1,188.2,209.1,219.3,229.6,240.3,249.3,250.9,251.8,249.1,246.5,215.5,210.6,209.7,213.9,216.6,217.6,209.0,202.5,201.2,204.1,208.0,209.5,271.0,265.8,262.8,263.6,261.1,262.0,264.4,273.9,278.8,280.4,280.6,278.1,270.9,268.4,268.2,266.7,265.3,270.8,272.4,272.4,-1.2,0.8,5.1,11.0,17.1,23.9,29.9,34.3,43.9,59.0,77.4,93.6,104.7,109.6,110.3,109.5,108.2,-15.5,-13.2,-7.8,-2.0,4.0,22.2,33.0,44.9,57.4,69.3,15.2,13.3,11.1,9.2,10.1,13.9,18.4,24.6,30.6,-3.9,-1.3,5.2,11.7,5.4,-0.8,38.3,43.2,50.8,58.9,52.1,44.7,15.7,14.1,17.3,21.8,27.5,39.7,54.8,42.9,32.0,25.7,20.9,17.2,17.4,19.2,23.5,29.5,50.7,30.5,24.5,20.0,-177.5,-158.5,-140.0,-122.1,-104.5,-88.2,-73.9,-61.9,-59.0,-62.8,-73.6,-87.3,-103.3,-121.8,-141.4,-161.1,-181.0,-194.8,-199.5,-198.1,-194.1,-188.5,-188.0,-193.4,-196.0,-195.2,-189.9,-173.1,-160.2,-147.4,-134.5,-128.3,-125.1,-123.0,-125.4,-127.9,-176.6,-180.6,-179.7,-173.1,-171.3,-171.9,-172.1,-178.1,-178.1,-174.2,-170.2,-169.8,-106.5,-110.0,-111.7,-109.8,-111.8,-110.5,-108.0,-97.1,-91.8,-90.7,-91.4,-96.0,-105.7,-105.5,-104.7,-105.7,-107.1,-101.1,-100.1,-101.0,807.9,806.6,805.3,804.0,799.3,789.2,773.9,752.7,736.2,728.0,726.8,725.5,722.5,719.3,717.1,715.7,715.6,781.3,769.0,755.6,742.2,731.2,712.2,706.5,702.1,697.9,695.2,721.2,716.4,711.4,706.6,728.6,721.4,715.3,711.6,708.7,769.0,759.9,751.8,745.2,751.2,759.3,716.6,711.1,705.6,702.6,704.2,709.5,752.1,734.4,722.5,716.4,711.0,708.8,710.3,709.3,711.4,717.3,723.9,736.4,746.6,724.2,717.8,712.3,711.6,712.8,718.3,724.9,0.8590000000000001,0.205,0.695,-0.246,352.372,242.834,-16.65,-21.238000000000003,-4.261,-2.571,0.105,-1.93,-4.842,-0.795,0.779,-0.512,1.766,1.2,-3.901,0.652,2.4090000000000003,-1.398,0.326,0.288,-0.948,-1.769,-1.044,-0.628,-0.6679999999999999,0.063,-0.331,0.396,0.363,-0.018,0.077,-0.057,0.083,-0.038,0.06,0.025,0.0,0.0,0.0,0.0,0.0,0.0,0.0,0.0,0.0,0.0,0.0,0.0,0.0,0.0,0.0,0.0,0.0,0.0,0.0,0.0,0.0,0.0,0.0,0.0,0.0,0.0,0.0,0.0,0.0,0.0,0.0,0.0,0.0,0.0,0.0
56,0,1.835,0.03,0,0.0,0.0,0.0,0.0,0.0,0.0,0.0,0.0,331.3,332.4,334.6,336.5,337.2,336.3,333.9,331.9,330.6,330.6,331.2,333.0,335.7,338.1,339.9,337.7,335.0,332.8,331.4,330.7,333.6,334.5,335.5,335.9,335.7,334.8,333.8,333.4,361.0,362.0,365.0,368.2,369.7,368.6,365.6,362.3,358.8,359.7,361.5,364.6,368.4,372.0,374.8,372.4,369.2,365.9,363.0,360.5,364.3,365.7,367.0,367.4,366.8,365.4,364.1,363.6,210.6,207.5,205.8,206.6,209.3,212.6,214.0,213.3,213.4,210.5,208.3,206.9,207.3,208.9,211.6,213.0,213.9,214.6,214.8,214.5,211.6,211.9,211.2,209.8,208.6,208.3,209.0,210.4,203.2,199.8,197.9,198.7,201.7,205.1,207.0,206.5,206.5,203.3,200.7,199.2,199.4,200.7,203.0,204.9,206.1,206.9,207.2,207.4,204.3,204.6,203.8,202.3,201.0,200.7,201.5,203.0,8.6,10.1,13.0,15.6,16.4,15.3,12.0,9.4,7.7,7.6,8.5,10.9,14.5,17.6,20.0,17.2,13.5,10.6,8.6,7.7,11.7,12.9,14.1,14.8,14.4,13.3,12.0,11.4,44.9,46.3,50.0,53.8,55.6,54.2,50.5,46.6,42.4,43.4,45.6,49.3,54.0,58.5,62.0,58.9,54.9,50.9,47.3,44.4,49.0,50.7,52.3,52.9,52.1,50.5,48.9,48.3,-203.4,-207.6,-209.4,-207.6,-203.3,-198.8,-197.4,-199.2,-201.0,-204.4,-206.5,-207.5,-206.3,-203.6,-199.8,-197.9,-197.1,-196.8,-197.3,-198.6,-201.4,-200.7,-201.4,-203.3,-205.1,-205.9,-205.1,-203.3,-196.0,-200.5,-202.6,-201.2,-197.0,-192.5,-190.4,-191.5,-192.4,-196.2,-198.9,-200.3,-199.9,-198.4,-195.6,-192.9,-191.2,-190.2,-190.2,-190.7,-194.4,-193.8,-194.7,-196.6,-198.5,-199.1,-198.2,-196.2,856.3,856.4,854.0,850.7,848.4,848.2,850.6,854.0,862.5,859.9,856.2,852.4,849.4,847.5,846.3,846.9,848.4,851.0,854.6,858.7,853.6,852.1,851.1,851.1,852.2,853.6,854.6,854.6,786.1,786.8,786.1,784.3,782.5,781.7,782.5,784.5,788.5,787.1,785.3,783.4,782.6,783.1,783.8,782.1,781.0,781.3,783.1,785.9,785.0,784.2,783.9,784.2,785.0,785.8,786.1,785.8,33.4,-149.8,786.0,0.297,0.87,-0.1639999999999999,334.5,334.2,336.1,339.5,342.4,345.5,347.9,349.6,355.7,367.2,382.0,396.3,407.4,414.4,417.5,418.6,419.2,325.2,325.8,328.3,331.3,334.9,347.3,356.0,366.1,376.3,385.3,341.3,338.6,335.8,333.1,334.5,336.8,339.9,344.9,349.6,330.3,331.6,335.7,339.4,335.4,331.4,358.4,362.3,368.2,374.6,369.0,363.1,339.0,337.2,338.7,341.4,345.4,355.0,366.6,356.9,348.1,343.7,340.5,338.8,339.9,339.7,342.5,346.5,363.5,347.5,343.3,340.5,220.7,234.9,248.9,262.4,275.0,286.0,294.9,301.8,303.0,300.6,293.6,283.9,271.3,255.8,238.7,221.2,203.5,202.0,194.1,190.9,190.2,192.0,188.3,182.7,180.5,182.1,188.3,205.0,214.7,224.5,234.5,244.5,245.9,246.7,244.5,242.5,213.4,208.0,207.2,211.5,214.0,215.1,206.8,200.3,199.3,202.8,206.3,207.5,267.9,261.8,258.3,259.1,257.1,259.0,262.7,270.7,274.3,275.4,275.5,273.5,267.6,264.0,263.9,262.7,263.3,266.9,267.9,267.9,12.8,12.3,14.8,19.3,22.9,26.7,29.3,30.6,37.4,50.6,68.0,84.6,97.2,105.2,108.7,109.9,110.7,0.3,1.0,4.2,7.9,12.1,26.6,36.7,48.1,59.5,69.4,19.7,16.4,12.9,9.5,11.6,14.2,17.8,23.6,29.1,6.8,8.4,13.5,17.9,13.1,8.1,39.8,44.1,50.7,57.8,51.4,44.9,17.5,14.9,16.4,19.5,24.2,35.4,48.9,37.5,27.4,22.3,18.7,16.9,18.4,17.8,20.9,25.5,45.3,26.6,21.9,18.7,-186.7,-167.1,-148.1,-129.8,-112.2,-96.3,-83.1,-72.4,-69.3,-71.3,-79.1,-90.3,-104.7,-122.6,-142.5,-163.1,-184.0,-206.5,-214.1,-214.5,-211.5,-206.1,-205.0,-209.4,-210.1,-206.3,-197.9,-187.2,-174.3,-161.6,-148.8,-140.6,-137.5,-135.2,-137.1,-138.8,-188.2,-193.0,-191.9,-184.7,-183.0,-183.8,-182.5,-188.8,-188.3,-183.1,-179.6,-179.8,-114.8,-120.0,-122.4,-120.4,-121.8,-119.0,-114.4,-105.1,-101.4,-100.9,-101.9,-105.9,-114.3,-115.8,-114.9,-115.3,-114.0,-110.5,-110.1,-111.2,842.9,840.6,838.4,836.0,830.0,818.8,802.9,781.9,764.5,754.2,750.1,746.5,742.4,739.8,738.9,738.6,739.5,822.1,811.6,797.9,783.4,771.3,750.8,742.8,736.2,729.5,724.9,759.6,754.8,750.0,745.4,765.1,757.7,751.0,746.5,742.7,807.5,798.6,789.6,781.9,788.6,797.6,749.3,743.8,736.9,732.5,734.9,741.5,783.9,768.6,757.2,750.6,744.7,740.4,739.1,740.2,744.1,750.6,757.7,769.7,778.3,758.3,751.5,745.3,740.9,745.9,752.1,759.2,0.8220000000000001,0.085,0.8490000000000001,-0.148,352.254,239.731,-26.574,-29.553,-11.047,1.394,5.301,-3.233,-0.923,-3.789,-0.835,4.03,-2.857,0.825,0.175,0.866,0.674,1.6869999999999998,-0.354,-0.569,-0.497,-0.258,-0.82,-0.017,0.513,0.427,-0.03,0.23,0.341,0.019,0.027,-0.046,0.038,-0.038,0.048,0.017,0.0,0.0,0.0,0.0,0.0,0.0,0.0,0.0,0.0,0.0,0.0,0.0,0.0,0.0,0.0,0.0,0.0,0.0,0.0,0.0,0.0,0.0,0.0,0.0,0.0,0.0,0.0,0.0,0.0,0.0,0.0,0.0,0.0,0.0,0.0
57,0,1.869,0.57,0,0.0,0.0,0.0,0.0,0.0,0.0,0.0,0.0,335.0,336.4,338.8,340.9,341.5,340.4,337.6,335.5,333.7,334.1,335.1,337.3,340.1,342.4,343.9,341.7,338.8,336.4,334.7,333.9,337.4,338.3,339.4,340.0,339.8,338.9,337.8,337.2,367.6,368.9,372.1,375.3,376.7,375.4,372.2,368.8,365.0,366.2,368.3,371.6,375.5,379.0,381.7,379.1,375.8,372.4,369.4,366.8,370.9,372.3,373.7,374.3,373.7,372.3,370.9,370.3,207.9,204.9,203.2,203.9,206.5,209.7,211.1,210.4,211.2,207.9,205.4,203.9,204.3,206.1,208.8,210.2,211.0,211.7,212.1,212.1,208.8,209.1,208.4,207.1,206.0,205.7,206.4,207.7,200.4,197.0,195.4,196.4,199.5,202.9,204.6,203.9,203.8,200.5,198.0,196.6,197.1,198.7,201.4,203.0,204.0,204.6,204.7,204.7,201.8,202.2,201.5,200.0,198.7,198.2,198.9,200.4,13.4,15.3,18.6,21.3,21.9,20.4,16.9,14.1,11.8,12.2,13.6,16.4,20.2,23.1,25.2,22.1,18.3,15.1,13.0,11.9,16.6,17.8,19.3,20.1,19.8,18.6,17.2,16.4,52.1,53.8,57.7,61.5,63.0,61.4,57.5,53.5,49.1,50.5,53.0,56.9,61.5,65.9,69.2,66.0,61.8,57.7,54.1,51.1,56.2,57.8,59.5,60.2,59.6,57.9,56.2,55.5,-204.3,-208.5,-210.3,-208.6,-204.5,-200.1,-198.6,-200.3,-201.3,-205.2,-207.7,-209.0,-207.7,-204.9,-200.8,-199.0,-198.2,-197.8,-198.2,-199.2,-202.4,-201.7,-202.5,-204.3,-206.1,-206.8,-206.0,-204.2,-195.3,-199.7,-201.6,-199.9,-195.6,-191.3,-189.4,-190.7,-191.8,-195.5,-198.1,-199.4,-198.6,-196.8,-193.8,-191.3,-189.8,-189.1,-189.3,-190.0,-193.5,-192.7,-193.6,-195.5,-197.3,-198.0,-197.2,-195.3,844.8,845.4,843.6,840.4,837.7,837.0,838.9,842.1,850.5,848.5,845.3,841.8,839.0,837.1,835.6,835.7,836.8,839.1,842.5,846.6,842.1,840.7,839.9,840.2,841.4,842.8,843.6,843.3,769.8,770.7,770.2,768.6,766.7,765.8,766.3,768.2,772.1,770.8,769.2,767.5,766.9,767.5,768.3,766.3,765.1,765.3,766.9,769.6,768.9,768.1,767.9,768.3,769.1,769.8,770.1,769.7,35.4,-156.5,800.1,0.062,0.815,0.025,333.4,331.6,332.2,334.3,336.0,338.2,340.5,343.1,350.1,362.0,376.4,391.0,402.7,411.2,416.3,419.7,422.3,328.7,331.5,335.4,339.5,343.7,356.9,365.6,375.1,384.2,391.2,348.3,344.8,341.2,337.6,336.2,338.9,342.3,347.4,352.1,333.3,335.6,340.2,343.3,339.2,334.7,364.6,369.2,375.5,381.4,375.6,369.4,335.9,336.1,338.6,341.3,345.5,354.1,363.8,354.8,346.5,342.1,338.7,336.3,337.1,338.9,341.9,345.8,360.8,346.4,342.3,339.2,222.3,236.1,249.9,263.3,275.4,285.6,293.2,298.3,298.7,296.8,291.0,282.4,270.7,256.1,240.0,223.3,206.6,199.2,190.9,187.2,186.0,187.5,184.3,179.2,177.7,179.6,185.8,200.5,209.3,218.0,227.1,239.0,240.2,240.9,239.2,237.6,211.2,205.2,204.2,208.5,211.3,212.5,204.0,197.7,197.0,201.1,204.1,205.1,265.2,257.2,252.7,253.5,251.7,254.9,260.6,267.6,270.2,271.0,271.1,269.8,264.5,259.1,258.8,258.0,260.8,262.4,263.2,263.2,11.5,9.0,9.7,12.5,14.6,17.3,19.9,22.7,30.8,44.8,62.0,79.3,93.1,103.3,109.6,114.0,117.5,4.9,8.5,13.5,18.5,23.6,39.2,49.4,60.5,70.7,78.5,28.8,24.3,19.7,15.3,13.8,17.0,21.1,27.1,32.6,10.9,13.8,19.5,23.2,18.1,12.6,48.3,53.5,60.7,67.4,60.5,53.5,13.8,13.7,16.6,19.8,24.6,34.9,46.4,35.5,25.8,20.6,16.7,14.0,15.2,17.0,20.4,25.0,42.8,25.7,20.9,17.4,-187.4,-167.9,-148.7,-130.0,-112.6,-97.6,-85.9,-77.3,-75.2,-76.6,-83.2,-93.3,-107.0,-124.5,-144.0,-164.4,-185.2,-214.0,-222.6,-224.0,-221.8,-216.8,-215.8,-219.9,-219.9,-215.6,-206.4,-197.2,-184.9,-172.9,-160.7,-149.5,-146.8,-144.8,-146.1,-147.3,-194.8,-200.6,-199.6,-192.2,-190.2,-190.8,-190.2,-196.7,-195.8,-189.9,-186.6,-187.0,-119.3,-127.2,-131.0,-129.0,-130.4,-125.8,-118.6,-110.4,-107.8,-107.6,-108.4,-111.6,-119.4,-123.3,-122.6,-122.8,-118.7,-117.5,-117.4,-118.3,856.1,852.5,849.1,845.1,837.5,824.9,808.6,788.1,771.7,762.2,758.7,756.3,753.9,753.6,754.8,756.6,759.3,836.8,827.9,815.2,801.5,790.2,772.4,765.1,758.8,751.6,745.2,777.6,771.8,766.0,760.4,777.3,770.6,764.7,760.7,757.2,823.0,814.8,805.9,797.9,804.4,813.2,766.8,762.0,755.5,751.3,752.9,759.1,791.4,778.1,768.0,761.8,757.0,752.6,750.8,751.3,755.1,760.6,767.1,778.0,786.0,768.5,762.3,756.9,752.5,757.4,762.7,769.1,0.8079999999999999,-0.14,0.799,0.0279999999999999,353.376,236.713,-38.435,-27.287,-18.773,3.799,6.23,-8.625,0.665,-6.781000000000001,-2.766,4.9,0.079,0.645,0.784,0.143,-2.832,-0.099,0.079,-0.0139999999999999,1.029,0.698,-0.8009999999999999,-0.16,0.405,0.043,-0.326,0.109,0.023,0.118,-0.019,0.055,-0.057,-0.008,0.0289999999999999,-0.02,0.0,0.0,0.0,0.0,0.0,0.0,0.0,0.0,0.0,0.0,0.0,0.0,0.0,0.0,0.0,0.0,0.0,0.0,0.0,0.0,0.0,0.0,0.0,0.0,0.0,0.0,0.0,0.0,0.0,0.0,0.0,0.0,0.0,0.0,0.0
58,0,1.902,0.57,0,0.0,0.0,0.0,0.0,0.0,0.0,0.0,0.0,337.9,339.4,341.8,343.7,344.1,342.9,340.2,338.3,336.4,337.0,338.2,340.3,342.9,345.0,346.3,344.1,341.4,339.0,337.4,336.5,340.1,341.0,342.0,342.7,342.5,341.7,340.6,340.0,368.8,370.1,373.2,376.1,377.3,375.9,372.9,369.8,366.2,367.5,369.7,372.8,376.3,379.4,381.7,379.3,376.3,373.2,370.3,367.8,371.8,373.1,374.4,375.0,374.5,373.2,371.9,371.3,207.4,204.7,203.4,204.1,206.6,209.5,210.6,209.8,210.2,207.3,205.3,204.1,204.6,206.3,208.9,210.0,210.4,210.9,211.1,211.0,208.5,208.8,208.2,207.1,206.0,205.6,206.2,207.4,202.9,199.9,198.5,199.6,202.6,205.6,207.0,206.1,205.7,202.9,200.9,199.8,200.5,202.1,204.5,205.8,206.5,206.8,206.8,206.6,204.3,204.8,204.2,202.9,201.6,201.1,201.7,203.0,18.8,21.0,24.4,27.2,27.7,25.8,22.1,19.3,16.7,17.5,19.2,22.2,26.0,28.9,30.8,27.6,23.7,20.4,18.1,16.9,22.0,23.2,24.7,25.7,25.5,24.2,22.7,21.8,58.7,60.6,64.6,68.5,69.8,68.0,63.9,59.9,55.4,57.1,59.8,63.9,68.5,72.8,75.9,72.6,68.4,64.2,60.5,57.4,62.7,64.4,66.1,66.9,66.3,64.7,62.9,62.1,-222.6,-226.7,-228.2,-226.3,-222.1,-217.7,-216.6,-218.4,-219.9,-223.5,-225.8,-226.7,-225.2,-222.3,-218.3,-216.7,-216.3,-216.2,-216.7,-217.8,-220.4,-219.6,-220.3,-222.0,-223.8,-224.7,-224.0,-222.2,-210.6,-214.9,-216.6,-214.8,-210.4,-206.1,-204.4,-205.9,-207.4,-210.8,-213.2,-214.1,-213.2,-211.3,-208.3,-206.0,-204.8,-204.4,-204.7,-205.6,-208.6,-207.7,-208.5,-210.4,-212.3,-213.1,-212.3,-210.5,917.3,917.9,916.2,913.0,910.4,909.7,911.5,914.7,923.1,920.9,917.6,914.2,911.5,909.7,908.5,908.5,909.5,911.7,915.1,919.1,914.7,913.4,912.6,912.9,914.0,915.4,916.2,915.9,843.1,844.1,843.7,842.2,840.5,839.5,839.9,841.6,845.4,844.1,842.4,840.9,840.5,841.3,842.3,840.3,838.9,838.9,840.3,842.9,842.4,841.7,841.6,842.0,842.7,843.4,843.5,843.1,37.8,-164.4,837.9,0.043,0.821,0.093,335.8,333.4,333.3,334.7,336.0,337.7,339.7,341.7,348.3,359.6,373.5,387.3,398.4,406.6,411.6,415.4,418.5,332.1,335.4,339.2,342.9,346.6,360.1,368.3,376.8,384.8,391.0,350.6,346.8,342.9,339.0,337.3,339.6,342.8,347.8,352.7,336.1,338.6,343.1,345.8,341.7,337.4,365.8,370.5,376.3,381.5,376.0,370.2,336.6,336.3,338.9,341.7,346.1,354.9,364.5,355.0,346.2,341.5,338.1,335.8,337.8,339.0,341.9,346.1,361.7,346.8,342.4,339.3,219.1,232.4,245.8,259.1,271.5,282.2,290.8,296.8,298.1,296.9,291.9,284.0,272.9,258.9,243.3,227.2,211.1,197.5,190.5,187.9,187.4,189.1,186.9,182.8,181.9,183.8,189.5,201.6,210.0,218.3,227.0,237.4,238.7,239.8,238.3,237.0,210.2,205.0,204.6,208.5,210.7,211.4,206.0,200.6,200.3,204.2,206.6,207.1,261.2,253.5,249.7,250.6,249.1,252.4,258.6,266.3,269.1,269.8,269.6,267.4,260.9,255.6,255.6,254.9,258.8,261.7,262.4,262.1,15.4,11.9,11.7,13.7,15.3,17.5,19.8,21.9,30.1,44.2,61.6,78.9,92.6,102.6,108.9,113.9,118.2,9.8,14.2,19.2,23.9,28.4,45.0,55.1,65.5,74.9,82.0,33.1,28.0,22.9,17.8,16.0,18.8,22.7,29.0,35.0,15.1,18.5,24.2,27.6,22.3,16.8,52.2,57.8,64.7,70.8,64.0,57.2,15.4,14.6,17.9,21.2,26.7,37.5,49.6,37.7,26.8,21.0,16.7,14.0,16.9,18.0,21.6,26.7,46.1,27.6,22.2,18.3,-200.0,-180.6,-161.0,-141.7,-123.4,-106.9,-93.4,-83.2,-79.8,-80.4,-86.4,-96.2,-109.7,-127.1,-146.8,-167.4,-188.2,-225.4,-232.6,-232.9,-230.1,-225.0,-222.4,-225.6,-225.0,-220.7,-211.8,-205.1,-192.9,-181.0,-168.8,-159.1,-155.9,-153.4,-154.5,-155.5,-204.8,-209.8,-208.3,-201.1,-199.7,-200.9,-196.9,-202.4,-201.2,-195.2,-192.6,-193.5,-130.8,-138.6,-141.6,-139.3,-140.2,-135.2,-127.3,-117.7,-114.7,-114.7,-115.9,-120.5,-130.4,-134.0,-133.0,-132.8,-127.3,-124.3,-124.5,-125.8,892.7,889.7,887.0,883.5,876.4,864.3,848.5,827.8,811.4,801.9,798.3,795.8,792.6,791.0,791.1,792.4,794.7,872.2,863.3,851.2,838.5,828.0,807.7,800.7,794.7,787.8,781.4,814.5,808.9,803.4,798.0,815.8,808.7,802.3,798.3,794.9,859.7,851.5,843.0,834.9,841.6,850.1,803.9,798.8,792.2,787.7,789.7,796.0,833.1,818.1,806.9,800.3,795.0,790.5,789.2,789.5,793.2,799.2,806.1,818.2,827.7,807.5,800.8,795.1,791.1,795.8,801.6,808.4,0.77,-0.161,0.8009999999999999,0.096,353.848,236.35,-44.766000000000005,-26.174,-9.125,3.454,0.415,-8.352,0.6729999999999999,-2.957,-4.884,0.0279999999999999,-1.153,0.779,-0.386,-0.542,-1.3530000000000002,-1.074,-0.753,1.44,0.255,0.225,-0.597,0.38,0.085,-0.13,-0.2269999999999999,0.1669999999999999,0.013,0.0579999999999999,0.035,0.047,-0.011,-0.0289999999999999,0.037,-0.019,0.0,0.0,0.0,0.0,0.0,0.0,0.0,0.0,0.0,0.0,0.0,0.0,0.0,0.0,0.0,0.0,0.0,0.0,0.0,0.0,0.0,0.0,0.0,0.0,0.0,0.0,0.0,0.0,0.0,0.0,0.0,0.0,0.0,0.0,0.0
59,0,1.935,0.57,0,0.0,0.0,0.0,0.0,0.0,0.0,0.0,0.0,339.8,341.4,343.8,345.6,345.8,344.5,341.9,340.0,338.2,338.9,340.1,342.2,344.7,346.7,347.9,345.7,343.1,340.8,339.2,338.3,341.9,342.7,343.7,344.4,344.3,343.5,342.5,341.8,368.5,370.0,373.0,375.8,376.7,375.2,372.2,369.2,366.1,367.4,369.5,372.4,375.8,378.9,381.2,378.7,375.5,372.4,369.7,367.5,371.4,372.6,373.9,374.5,374.2,373.0,371.6,371.0,206.9,204.4,203.2,203.8,206.1,208.8,209.8,209.1,209.8,207.1,205.1,203.9,204.4,205.9,208.2,209.0,209.3,209.7,210.1,210.2,207.9,208.2,207.7,206.6,205.6,205.3,205.9,206.9,201.9,199.0,197.7,198.6,201.3,204.1,205.5,204.9,204.7,202.1,200.1,199.0,199.6,201.1,203.3,204.2,204.7,204.9,205.1,205.3,203.2,203.6,203.0,201.7,200.6,200.2,200.8,202.0,22.4,24.8,28.4,31.1,31.3,29.2,25.4,22.7,20.2,21.1,22.9,26.0,29.7,32.5,34.4,31.1,27.1,23.7,21.4,20.2,25.5,26.7,28.2,29.3,29.2,28.0,26.5,25.4,59.3,61.4,65.4,69.0,70.0,67.9,63.9,60.1,56.2,57.8,60.5,64.4,68.9,73.1,76.3,72.7,68.4,64.2,60.6,57.8,63.1,64.6,66.4,67.3,66.9,65.3,63.6,62.6,-231.9,-235.9,-237.4,-235.5,-231.5,-227.1,-226.0,-227.8,-228.9,-232.4,-234.7,-235.7,-234.3,-231.5,-227.7,-226.4,-226.2,-226.2,-226.5,-227.2,-229.7,-228.9,-229.6,-231.3,-233.1,-233.9,-233.2,-231.5,-215.4,-219.7,-221.4,-219.5,-215.2,-211.0,-209.3,-210.7,-212.0,-215.4,-217.7,-218.7,-217.7,-215.7,-212.7,-210.9,-210.1,-209.8,-210.1,-210.6,-213.3,-212.5,-213.2,-215.1,-216.9,-217.7,-217.0,-215.1,952.7,953.6,951.9,948.6,945.7,944.6,946.4,949.7,958.1,956.1,953.0,949.7,946.9,945.0,943.4,943.4,944.4,946.7,950.0,954.1,949.9,948.5,947.7,948.1,949.4,950.9,951.6,951.2,856.8,858.2,857.6,855.4,852.9,851.5,852.1,854.5,858.8,857.7,856.1,854.3,853.3,853.4,853.6,851.7,850.7,851.1,853.0,855.9,855.2,854.3,854.0,854.6,855.7,856.7,856.9,856.3,38.6,-169.3,850.1,-0.032,0.85,0.14,339.5,336.6,335.6,336.4,337.4,339.0,340.3,341.1,347.2,357.7,371.9,385.7,397.0,405.3,410.4,414.8,418.6,333.9,336.8,340.0,343.1,346.0,359.1,367.8,376.5,385.1,391.8,350.0,346.1,342.0,337.9,336.8,338.7,341.5,346.8,351.9,337.9,340.6,344.8,347.5,343.2,339.2,365.5,370.4,376.0,380.9,375.3,369.7,338.2,336.2,338.4,341.1,345.8,355.6,366.9,356.1,345.9,341.0,337.5,335.9,339.6,338.6,341.5,345.9,364.2,347.0,342.3,339.2,220.2,232.8,245.7,258.5,270.4,280.8,289.2,295.0,296.4,295.1,290.7,283.5,273.0,259.4,243.7,227.8,212.1,198.5,191.6,189.2,188.5,190.1,187.5,183.6,182.8,184.6,190.1,200.9,208.4,215.9,223.7,233.8,234.9,235.8,234.0,232.7,209.8,204.9,204.4,207.9,209.6,210.3,204.9,199.9,199.5,202.9,204.8,205.4,256.9,248.2,244.1,244.6,243.1,246.3,253.0,262.5,266.3,267.4,267.4,264.7,256.7,249.5,249.3,248.4,253.4,259.3,260.3,260.2,21.0,16.7,15.2,16.2,17.5,19.4,20.9,21.4,28.9,42.2,60.2,77.6,91.7,102.0,108.5,114.4,119.8,12.6,16.4,20.6,24.6,28.2,44.4,55.3,66.1,76.6,84.4,32.9,27.5,22.0,16.6,15.5,17.9,21.4,28.0,34.5,18.0,21.4,27.0,30.4,24.8,19.5,52.7,58.7,65.3,71.2,64.1,57.5,17.8,14.9,17.4,20.8,26.7,39.0,53.2,39.4,26.7,20.6,16.3,14.5,19.6,17.8,21.2,26.8,50.0,28.2,22.3,18.5,-202.0,-182.8,-163.5,-144.5,-126.4,-110.1,-96.5,-86.4,-82.9,-83.5,-88.9,-97.8,-110.7,-127.8,-147.8,-168.5,-189.4,-228.0,-235.1,-235.2,-232.6,-227.5,-224.8,-228.1,-227.5,-223.3,-214.6,-209.2,-197.9,-186.8,-175.5,-166.2,-163.1,-160.6,-162.0,-163.0,-208.6,-213.4,-212.1,-205.2,-204.5,-205.5,-201.5,-206.8,-205.6,-199.9,-198.1,-198.9,-139.1,-147.9,-150.9,-148.8,-149.7,-144.7,-136.0,-123.8,-119.4,-119.1,-120.2,-126.0,-138.6,-143.9,-142.9,-142.9,-135.8,-128.9,-128.8,-130.1,908.5,904.3,899.9,895.3,887.3,874.7,858.0,836.2,819.5,809.7,806.5,804.0,800.5,798.8,799.2,801.7,805.3,887.6,878.1,865.8,852.9,841.9,819.5,813.3,807.3,800.8,794.4,827.0,821.1,815.2,809.4,828.0,820.0,812.9,808.8,805.4,873.3,865.2,856.9,848.6,855.1,863.4,817.1,812.2,805.6,800.3,802.7,808.9,848.7,831.9,818.5,811.1,805.0,800.1,799.3,798.5,801.8,808.9,816.6,831.3,843.6,819.0,811.5,805.0,801.5,805.3,811.9,819.7,0.759,-0.2339999999999999,0.828,0.139,354.041,234.512,-38.969,-26.126,11.084,-2.362,-1.431,-8.885,2.833,2.983,-2.648,-4.718999999999999,-1.582,-0.467,-2.224,-0.5429999999999999,1.3130000000000002,-1.472,0.982,0.639,-1.028,-0.376,-0.369,-0.4679999999999999,-0.367,-0.325,0.053,0.218,0.036,-0.019,0.002,0.018,0.036,-0.0279999999999999,0.018,0.021,0.0,0.0,0.0,0.0,0.0,0.0,0.0,0.0,0.0,0.0,0.0,0.0,0.0,0.0,0.0,0.0,0.0,0.0,0.0,0.0,0.0,0.0,0.0,0.0,0.0,0.0,0.0,0.0,0.0,0.0,0.0,0.0,0.0,0.0,0.0
60,0,1.969,0.57,0,0.0,0.0,0.0,0.0,0.0,0.0,0.0,0.0,343.3,344.8,347.0,348.4,348.3,346.9,344.6,343.2,342.2,342.7,343.6,345.3,347.4,349.0,350.1,348.0,345.6,343.7,342.5,342.0,345.0,345.6,346.5,347.2,347.3,346.6,345.7,345.0,367.7,369.3,372.1,374.6,375.2,373.6,370.7,368.1,365.5,366.7,368.6,371.3,374.4,377.4,379.6,377.0,373.9,370.9,368.4,366.6,370.3,371.4,372.6,373.3,373.0,372.0,370.7,370.0,211.0,208.7,207.4,207.8,209.6,212.1,213.3,212.9,214.2,211.6,209.4,208.1,208.3,209.5,211.5,212.2,212.6,213.2,213.8,214.2,211.8,211.9,211.3,210.3,209.5,209.4,209.9,210.9,203.7,201.1,199.7,200.4,202.7,205.3,206.7,206.4,206.6,204.0,202.0,200.8,201.2,202.6,204.7,205.4,205.7,206.0,206.4,206.8,204.8,205.1,204.5,203.3,202.3,202.0,202.6,203.8,29.2,31.7,35.1,37.3,37.0,34.8,31.2,29.0,27.7,28.4,29.7,32.3,35.6,38.1,39.7,36.5,32.7,29.6,27.8,27.2,31.8,32.8,34.2,35.3,35.5,34.5,33.1,31.9,60.1,62.5,66.4,69.7,70.2,67.9,63.9,60.5,57.2,58.8,61.4,65.0,69.3,73.3,76.3,72.6,68.2,64.1,60.8,58.5,63.6,65.0,66.7,67.8,67.5,66.1,64.4,63.3,-238.3,-242.2,-243.9,-242.4,-238.6,-234.3,-233.0,-234.5,-234.4,-238.2,-240.9,-242.3,-241.2,-238.6,-235.0,-233.8,-233.6,-233.3,-233.2,-233.4,-236.3,-235.7,-236.4,-238.1,-239.7,-240.4,-239.7,-238.0,-220.1,-224.2,-225.9,-224.2,-220.2,-216.1,-214.4,-215.6,-216.5,-219.9,-222.4,-223.5,-222.5,-220.4,-217.3,-215.9,-215.3,-215.1,-215.2,-215.3,-218.0,-217.3,-218.0,-219.8,-221.6,-222.3,-221.5,-219.7,1005.9,1006.9,1005.0,1001.3,997.9,996.6,998.7,1002.5,1011.0,1009.3,1006.3,1002.9,999.6,997.0,994.8,995.1,996.6,999.3,1002.8,1007.0,1002.5,1000.9,1000.0,1000.5,1002.0,1003.6,1004.5,1004.0,885.5,887.2,886.4,883.5,880.3,878.7,879.5,882.5,887.3,886.5,884.9,882.8,881.2,880.5,879.9,878.3,877.7,878.5,880.9,884.1,883.2,882.0,881.6,882.4,883.7,885.0,885.3,884.6,39.0,-169.1,859.6,-0.136,0.925,0.205,345.8,342.0,340.2,340.5,341.2,342.1,342.1,340.9,345.6,355.8,370.2,384.2,396.0,404.9,410.5,415.2,419.5,339.8,341.1,343.0,345.0,346.8,357.2,366.0,375.2,384.3,391.3,349.3,344.6,339.6,334.8,335.7,336.9,339.1,344.6,350.0,341.9,344.0,347.5,349.7,345.9,342.4,364.7,369.7,374.6,379.2,373.6,368.6,339.4,336.0,337.0,339.3,343.7,353.6,365.7,353.7,343.2,338.7,335.7,335.5,340.3,337.3,339.7,343.8,363.1,344.6,340.2,337.7,225.3,236.9,248.8,260.9,272.4,282.5,290.5,295.7,296.7,295.3,291.4,284.8,274.8,261.5,246.0,230.3,214.7,205.1,197.4,194.1,192.7,193.6,189.9,185.7,184.9,187.3,193.3,203.0,210.0,217.0,224.3,234.9,235.8,236.4,234.5,233.2,214.1,209.2,208.3,211.1,212.9,214.0,206.7,201.8,201.3,204.1,205.9,206.7,258.0,249.4,245.1,245.3,243.5,246.2,252.2,261.0,264.6,266.0,266.3,264.5,257.7,250.0,249.5,248.3,252.8,258.2,259.4,259.7,30.4,24.7,22.0,22.3,23.1,24.0,23.6,21.2,27.1,39.9,58.2,76.0,90.8,102.0,109.2,115.7,121.9,21.3,22.9,25.2,27.5,29.6,42.6,53.6,65.2,76.2,84.5,32.4,25.9,19.2,12.7,14.2,15.6,18.5,25.5,32.3,23.8,26.5,31.1,33.8,28.7,24.2,52.2,58.3,64.3,69.7,62.7,56.7,19.7,14.7,15.8,18.7,24.2,36.6,52.1,36.7,23.4,17.7,14.0,14.1,20.8,16.2,19.1,24.3,48.9,25.3,19.8,16.7,-196.6,-178.8,-160.6,-142.4,-124.8,-108.9,-95.7,-86.2,-83.1,-83.7,-88.4,-96.5,-108.9,-125.7,-145.7,-166.4,-187.3,-222.0,-230.6,-231.9,-230.1,-225.6,-224.5,-228.0,-227.2,-222.1,-212.5,-209.1,-198.2,-187.6,-176.6,-166.6,-163.8,-161.4,-163.0,-164.0,-205.4,-210.3,-209.6,-203.6,-202.7,-203.1,-201.4,-206.5,-205.5,-200.3,-198.6,-199.3,-139.3,-148.0,-151.2,-149.4,-150.5,-146.0,-137.9,-126.6,-122.5,-121.9,-122.7,-127.5,-138.8,-144.7,-144.0,-144.3,-137.6,-131.4,-131.0,-132.0,918.0,913.1,908.2,903.4,895.7,883.2,865.8,842.7,824.8,814.2,810.4,807.3,803.7,802.4,803.5,806.6,810.9,901.7,892.2,879.0,865.0,852.8,830.1,823.0,816.2,808.8,801.9,837.7,831.2,824.8,818.6,838.0,829.2,821.3,817.0,813.3,885.5,877.4,868.8,859.7,866.7,875.1,826.2,821.0,814.0,807.9,810.8,817.5,858.4,841.1,827.3,819.5,812.6,806.6,804.6,803.9,807.7,815.4,823.7,839.5,853.0,827.5,819.6,812.4,806.9,811.7,819.0,827.4,0.752,-0.3279999999999999,0.8959999999999999,0.196,353.99300000000005,236.107,-24.104,-33.181999999999995,16.63,-0.428,-3.391,-5.66,-0.0969999999999999,2.503,-1.939,-4.393,-2.281,-1.548,-2.7230000000000003,-0.879,1.539,-1.121,-0.407,1.15,-1.079,-0.373,0.182,-0.366,-0.1639999999999999,-0.379,-0.096,0.301,-0.0409999999999999,-0.0969999999999999,-0.008,-0.004,0.053,-0.011,0.008,0.017,0.0,0.0,0.0,0.0,0.0,0.0,0.0,0.0,0.0,0.0,0.0,0.0,0.0,0.0,0.0,0.0,0.0,0.0,0.0,0.0,0.0,0.0,0.0,0.0,0.0,0.0,0.0,0.0,0.0,0.0,0.0,0.0,0.0,0.0,0.0
61,0,2.002,0.57,0,0.0,0.0,0.0,0.0,0.0,0.0,0.0,0.0,343.7,345.3,347.4,348.6,348.4,347.0,344.8,343.5,343.0,343.3,344.1,345.6,347.6,349.1,350.1,348.1,345.7,343.9,342.8,342.6,345.3,345.9,346.8,347.5,347.5,347.0,346.1,345.4,367.0,368.7,371.6,373.9,374.4,372.7,369.8,367.3,364.9,366.1,368.0,370.6,373.7,376.6,378.8,376.1,372.9,370.0,367.6,365.9,369.5,370.6,371.8,372.6,372.4,371.3,370.1,369.4,212.8,210.5,209.1,209.4,211.3,213.8,215.0,214.7,216.0,213.4,211.2,209.8,209.9,211.2,213.1,213.9,214.3,214.9,215.6,216.1,213.5,213.7,213.1,212.0,211.2,211.1,211.7,212.7,205.3,202.7,201.3,201.9,204.2,206.8,208.2,207.9,208.2,205.6,203.5,202.3,202.7,204.1,206.2,206.9,207.2,207.5,207.9,208.4,206.3,206.6,206.0,204.9,203.9,203.6,204.2,205.3,29.7,32.2,35.4,37.3,36.8,34.6,31.2,29.3,28.7,29.1,30.2,32.5,35.5,37.9,39.4,36.2,32.6,29.7,28.2,27.9,32.1,32.9,34.3,35.4,35.6,34.8,33.4,32.3,58.7,61.2,65.1,68.2,68.5,66.0,62.1,58.9,55.8,57.5,60.0,63.5,67.6,71.6,74.5,70.7,66.3,62.3,59.1,56.9,62.0,63.4,65.1,66.1,66.0,64.7,62.9,61.9,-233.3,-237.2,-238.9,-237.5,-233.7,-229.5,-228.1,-229.6,-229.4,-233.2,-236.0,-237.4,-236.3,-233.7,-230.1,-229.0,-228.7,-228.4,-228.3,-228.4,-231.4,-230.8,-231.5,-233.2,-234.8,-235.5,-234.7,-233.0,-216.1,-220.1,-221.8,-220.1,-216.1,-212.2,-210.5,-211.7,-212.4,-215.9,-218.4,-219.6,-218.5,-216.3,-213.1,-211.8,-211.4,-211.2,-211.3,-211.4,-214.0,-213.3,-214.0,-215.7,-217.5,-218.2,-217.4,-215.7,997.0,997.9,995.8,991.9,988.5,987.4,989.7,993.6,1002.2,1000.5,997.5,993.8,990.3,987.5,985.2,985.7,987.5,990.3,994.0,998.2,993.5,991.8,990.8,991.2,992.7,994.4,995.4,995.0,878.2,879.8,878.9,875.8,872.5,870.9,871.8,875.0,879.9,879.2,877.6,875.4,873.5,872.5,871.6,870.2,869.8,870.8,873.3,876.7,875.7,874.3,873.9,874.6,876.1,877.4,877.8,877.1,38.5,-166.2,855.3,-0.1689999999999999,0.971,0.223,349.5,345.8,343.9,343.9,344.1,344.3,343.4,341.0,345.3,355.4,370.3,384.5,396.0,404.5,409.8,414.5,419.0,341.1,341.8,343.2,344.6,345.9,355.7,364.6,374.0,383.3,390.6,348.5,343.4,338.2,333.1,335.0,335.9,337.9,343.1,348.3,342.7,344.4,347.7,349.8,346.0,342.8,364.0,369.0,373.8,378.5,372.7,367.8,339.6,335.5,336.1,338.2,342.5,352.3,364.7,352.4,341.8,337.4,334.6,335.1,340.3,336.4,338.6,342.8,362.0,343.4,339.0,336.8,228.2,239.9,251.8,263.7,274.9,284.5,291.8,296.5,297.3,295.8,292.0,285.5,275.5,262.4,247.2,231.9,216.8,207.7,199.6,196.0,194.4,195.3,191.6,187.5,186.7,189.1,195.3,204.6,211.6,218.4,225.7,236.6,237.3,237.8,235.8,234.4,216.0,211.0,210.0,212.8,214.6,215.8,208.2,203.3,202.8,205.6,207.4,208.2,259.6,250.9,246.5,246.7,244.8,247.4,253.3,261.7,265.2,266.7,267.1,265.6,259.2,251.4,250.9,249.6,253.8,258.8,260.2,260.6,35.6,30.1,27.2,27.0,27.1,27.0,25.1,21.2,26.4,39.1,58.0,75.7,90.0,100.5,107.3,113.8,120.2,23.0,23.8,25.3,26.8,28.2,40.3,51.5,63.3,74.5,83.0,31.1,24.2,17.2,10.4,13.3,14.3,16.7,23.4,30.0,24.8,27.0,31.2,33.7,28.8,24.7,51.0,57.1,62.9,68.3,61.2,55.4,19.8,14.0,14.5,17.1,22.5,34.8,50.5,34.8,21.5,16.0,12.6,13.4,20.6,15.0,17.7,22.8,47.2,23.6,18.1,15.4,-192.1,-174.1,-155.9,-137.8,-120.7,-105.5,-93.3,-84.5,-81.7,-82.5,-86.9,-94.9,-107.0,-123.4,-142.9,-162.8,-183.0,-217.9,-226.8,-228.4,-226.8,-222.2,-221.1,-224.5,-223.6,-218.3,-208.6,-205.9,-195.2,-184.8,-173.9,-163.7,-161.0,-158.8,-160.4,-161.5,-202.0,-207.1,-206.4,-200.4,-199.6,-199.9,-198.4,-203.4,-202.4,-197.1,-195.6,-196.3,-136.4,-145.2,-148.5,-146.9,-148.1,-143.6,-135.6,-125.0,-121.1,-120.3,-121.1,-125.4,-136.1,-142.2,-141.5,-141.9,-135.3,-129.8,-129.3,-130.1,916.5,911.2,905.8,900.3,891.9,878.6,860.5,837.3,819.2,808.2,804.1,800.6,796.6,795.1,796.2,799.4,803.8,899.4,889.5,875.9,861.3,848.3,825.8,818.5,811.3,803.5,796.5,833.5,827.1,820.7,814.5,834.2,825.3,817.1,812.4,808.4,882.3,874.1,865.3,856.0,863.1,871.8,822.0,816.7,809.5,803.1,806.3,813.3,854.1,837.1,823.3,815.4,808.4,802.0,799.3,799.1,803.1,811.0,819.4,835.2,848.7,823.4,815.4,808.0,801.8,807.0,814.5,823.0,0.7559999999999999,-0.354,0.938,0.21,353.704,237.598,-15.845,-28.431,16.999000000000002,-1.804,-1.815,-4.462,-0.639,4.46,-0.716,-3.574,-2.13,-1.96,-2.745,-0.01,1.539,-1.297,0.094,0.4679999999999999,-1.228,-0.8079999999999999,0.177,0.048,0.143,-0.349,-0.241,0.239,0.089,-0.087,0.005,0.005,0.031,-0.016,0.009,0.009,0.0,0.0,0.0,0.0,0.0,0.0,0.0,0.0,0.0,0.0,0.0,0.0,0.0,0.0,0.0,0.0,0.0,0.0,0.0,0.0,0.0,0.0,0.0,0.0,0.0,0.0,0.0,0.0,0.0,0.0,0.0,0.0,0.0,0.0,0.0
62,0,2.035,0.57,0,0.0,0.0,0.0,0.0,0.0,0.0,0.0,0.0,344.7,346.3,348.3,349.5,349.2,347.8,345.7,344.5,344.1,344.4,345.1,346.5,348.4,349.9,350.9,348.9,346.6,344.8,343.8,343.6,346.2,346.8,347.6,348.3,348.4,347.9,347.0,346.4,367.3,369.0,371.8,374.0,374.4,372.7,369.9,367.5,365.2,366.4,368.2,370.8,373.8,376.6,378.7,376.0,372.9,370.1,367.7,366.1,369.7,370.7,371.9,372.6,372.5,371.5,370.3,369.5,215.2,213.0,211.6,211.8,213.6,216.1,217.3,217.0,218.5,215.9,213.7,212.3,212.3,213.5,215.4,216.1,216.6,217.2,217.9,218.4,215.9,216.0,215.4,214.4,213.6,213.5,214.1,215.1,207.5,205.0,203.7,204.3,206.5,208.9,210.3,210.0,210.4,207.8,205.7,204.6,204.9,206.4,208.5,209.1,209.3,209.6,210.0,210.5,208.5,208.8,208.2,207.1,206.2,205.9,206.5,207.6,31.8,34.4,37.5,39.3,38.7,36.4,33.1,31.3,30.9,31.3,32.3,34.5,37.5,39.8,41.2,38.0,34.4,31.7,30.2,30.0,34.1,34.9,36.2,37.4,37.6,36.8,35.5,34.3,60.3,62.8,66.8,69.7,70.0,67.4,63.5,60.4,57.4,59.1,61.6,65.1,69.2,73.1,75.9,72.1,67.7,63.7,60.6,58.5,63.5,64.8,66.5,67.7,67.5,66.3,64.5,63.4,-233.3,-237.1,-238.9,-237.5,-233.8,-229.6,-228.3,-229.6,-229.2,-233.1,-235.9,-237.3,-236.4,-233.8,-230.3,-229.2,-229.0,-228.6,-228.4,-228.4,-231.4,-230.8,-231.6,-233.3,-234.9,-235.5,-234.7,-233.0,-217.4,-221.4,-223.0,-221.4,-217.5,-213.6,-211.9,-213.1,-213.8,-217.3,-219.8,-220.9,-219.9,-217.6,-214.4,-213.2,-212.8,-212.7,-212.7,-212.8,-215.3,-214.6,-215.4,-217.1,-218.8,-219.5,-218.7,-217.0,1013.5,1014.4,1012.2,1008.3,1004.8,1003.6,1006.1,1010.0,1018.6,1016.9,1013.9,1010.3,1006.7,1003.8,1001.4,1002.0,1003.9,1006.7,1010.4,1014.6,1009.9,1008.1,1007.2,1007.6,1009.1,1010.8,1011.8,1011.4,896.8,898.4,897.4,894.3,890.9,889.2,890.2,893.5,898.5,897.8,896.2,893.9,891.9,890.8,889.8,888.4,888.1,889.2,891.8,895.2,894.1,892.8,892.3,893.0,894.5,895.9,896.3,895.6,39.6,-165.7,865.9,-0.1989999999999999,0.983,0.24,351.8,348.1,346.0,345.7,345.6,345.5,344.1,341.2,345.4,355.5,370.6,384.5,396.0,404.5,409.9,414.7,419.3,342.9,343.1,344.2,345.3,346.4,355.6,364.6,374.3,383.7,391.1,348.8,343.6,338.1,332.8,335.3,336.0,337.7,343.0,348.3,343.8,345.4,348.5,350.5,346.8,343.7,364.3,369.2,373.9,378.4,372.7,368.0,340.2,336.1,336.5,338.5,342.8,352.4,364.8,352.3,341.9,337.5,334.9,335.6,340.8,336.8,338.9,343.1,362.1,343.5,339.1,337.0,231.2,242.7,254.3,266.0,276.8,286.0,293.0,297.3,297.9,296.4,292.6,286.1,276.4,263.6,248.8,234.1,219.5,211.7,203.2,199.0,197.1,197.7,194.2,190.1,189.5,192.3,199.0,206.8,213.6,220.4,227.5,238.4,239.0,239.4,237.5,236.0,218.4,213.5,212.4,215.1,216.8,218.1,210.4,205.6,205.1,207.9,209.5,210.3,261.0,252.8,248.6,248.7,246.8,249.2,254.7,262.3,265.6,267.1,267.6,266.4,260.6,253.1,252.6,251.2,255.2,259.6,261.0,261.4,39.5,33.9,30.7,29.9,29.5,28.9,26.4,21.9,26.8,39.7,59.0,76.7,91.0,101.7,108.9,115.5,122.2,26.0,25.9,27.1,28.2,29.3,40.8,52.3,64.5,76.0,84.9,32.0,24.7,17.3,10.3,13.8,14.6,16.8,23.6,30.3,26.7,28.7,32.7,35.2,30.3,26.3,52.1,58.2,63.8,69.1,62.0,56.4,20.9,15.0,15.2,17.7,23.2,35.4,51.3,35.2,21.9,16.3,13.1,14.2,21.6,15.7,18.3,23.5,47.9,24.0,18.5,16.0,-190.2,-172.2,-154.1,-136.2,-119.3,-104.5,-92.7,-84.5,-81.9,-82.7,-87.2,-95.2,-107.2,-123.5,-142.6,-162.2,-182.1,-214.9,-224.8,-227.2,-226.0,-221.6,-220.8,-224.1,-222.9,-217.1,-206.7,-205.7,-195.0,-184.6,-173.8,-163.4,-160.8,-158.6,-160.3,-161.4,-201.1,-206.2,-205.7,-199.9,-199.0,-199.2,-198.2,-203.2,-202.2,-196.9,-195.6,-196.3,-136.1,-144.5,-147.8,-146.2,-147.4,-143.2,-135.7,-125.8,-122.1,-121.3,-122.0,-125.9,-135.8,-141.8,-141.1,-141.6,-135.4,-130.6,-129.9,-130.7,928.4,922.9,917.2,911.3,902.4,888.9,870.5,847.2,829.1,818.0,814.0,810.4,806.6,805.4,806.8,810.2,814.8,911.5,901.7,887.6,872.5,858.9,837.4,829.7,822.3,814.2,807.6,844.5,837.9,831.4,825.0,845.2,836.0,827.6,822.9,818.9,893.3,885.2,876.4,867.2,874.2,882.8,833.2,827.9,820.6,814.2,817.5,824.5,864.7,847.8,834.1,826.2,819.0,812.7,809.9,809.7,813.6,821.6,830.0,845.8,859.4,834.2,826.1,818.7,812.3,817.5,825.0,833.6,0.746,-0.377,0.948,0.223,354.166,239.467,-9.927,-26.693,17.605,-1.308,-0.901,-2.027,-1.04,2.81,0.5920000000000001,-2.381,-2.964,-2.314,-2.382,0.45,1.743,-1.3219999999999998,-0.284,0.285,-0.927,-0.851,0.432,0.173,0.313,-0.372,-0.261,0.261,0.098,-0.104,0.008,-0.009,0.027,-0.017,0.01,0.002,0.0,0.0,0.0,0.0,0.0,0.0,0.0,0.0,0.0,0.0,0.0,0.0,0.0,0.0,0.0,0.0,0.0,0.0,0.0,0.0,0.0,0.0,0.0,0.0,0.0,0.0,0.0,0.0,0.0,0.0,0.0,0.0,0.0,0.0,0.0
63,0,2.069,0.03,0,0.0,0.0,0.0,0.0,0.0,0.0,0.0,0.0,344.9,346.5,348.4,349.6,349.2,347.8,345.7,344.5,344.2,344.5,345.2,346.6,348.4,349.9,350.8,348.8,346.6,344.8,343.9,343.7,346.3,346.8,347.6,348.3,348.5,348.0,347.1,346.4,366.7,368.4,371.2,373.5,373.8,372.1,369.3,366.9,364.6,365.8,367.6,370.2,373.2,376.0,378.1,375.4,372.3,369.4,367.1,365.5,369.1,370.1,371.3,372.1,371.9,370.9,369.7,368.9,217.1,214.9,213.5,213.8,215.6,218.0,219.2,218.9,220.3,217.8,215.6,214.2,214.3,215.5,217.3,218.1,218.5,219.1,219.7,220.3,217.8,217.9,217.3,216.3,215.5,215.4,216.0,217.0,209.6,207.1,205.8,206.4,208.5,211.0,212.3,212.1,212.5,209.9,207.8,206.6,207.0,208.4,210.5,211.1,211.3,211.6,212.0,212.6,210.6,210.9,210.3,209.2,208.3,208.0,208.6,209.7,32.1,34.8,37.8,39.5,38.9,36.5,33.2,31.5,31.3,31.7,32.7,34.8,37.6,39.9,41.3,38.1,34.5,31.8,30.4,30.3,34.3,35.1,36.4,37.6,37.8,37.1,35.8,34.6,59.2,61.8,65.7,68.7,68.9,66.3,62.4,59.2,56.3,58.0,60.5,64.1,68.1,72.0,74.8,70.9,66.6,62.6,59.5,57.4,62.4,63.7,65.4,66.6,66.5,65.2,63.5,62.3,-231.2,-235.0,-236.8,-235.4,-231.7,-227.5,-226.2,-227.5,-227.1,-231.0,-233.8,-235.2,-234.2,-231.6,-228.1,-227.1,-226.9,-226.5,-226.3,-226.3,-229.3,-228.7,-229.5,-231.1,-232.7,-233.3,-232.6,-230.9,-213.6,-217.5,-219.2,-217.6,-213.7,-209.8,-208.2,-209.3,-209.9,-213.5,-216.0,-217.2,-216.1,-213.8,-210.6,-209.4,-209.1,-209.0,-209.0,-209.0,-211.5,-210.9,-211.6,-213.3,-215.0,-215.7,-214.9,-213.2,1017.7,1018.6,1016.3,1012.3,1008.9,1007.8,1010.3,1014.3,1022.8,1021.1,1018.1,1014.4,1010.7,1007.8,1005.4,1006.0,1008.0,1010.9,1014.7,1018.9,1014.0,1012.3,1011.3,1011.7,1013.2,1014.9,1015.9,1015.5,893.2,894.9,893.9,890.8,887.3,885.6,886.6,889.9,894.8,894.2,892.7,890.4,888.4,887.2,886.2,884.8,884.5,885.6,888.2,891.5,890.5,889.1,888.7,889.5,891.0,892.3,892.8,892.0,41.4,-170.4,897.8,-0.191,0.974,0.223,352.4,348.8,346.8,346.4,346.5,346.8,345.7,343.1,347.0,356.5,370.8,384.1,395.1,403.5,408.9,413.6,418.1,342.9,342.9,344.0,345.1,346.0,354.7,363.7,373.5,383.2,390.8,348.6,343.5,338.1,332.9,335.5,336.1,337.8,343.1,348.3,344.0,345.5,348.5,350.5,346.8,343.8,363.7,368.7,373.3,377.8,372.1,367.4,341.2,337.1,337.3,339.2,343.2,352.6,365.0,352.6,342.6,338.4,336.0,336.7,341.7,337.7,339.7,343.7,362.3,344.1,340.0,338.0,233.0,244.3,255.6,266.9,277.3,285.9,292.4,296.1,296.5,295.0,291.5,285.4,276.2,264.0,249.9,235.7,221.6,214.3,206.0,201.9,200.0,200.6,197.0,193.2,192.6,195.5,202.4,209.0,215.6,222.1,229.0,239.5,240.0,240.3,238.4,237.0,220.3,215.4,214.3,217.0,218.7,220.0,212.5,207.7,207.1,209.9,211.6,212.3,261.2,253.4,249.2,249.3,247.4,249.7,254.8,262.0,265.0,266.5,267.0,266.0,260.7,253.4,252.9,251.6,255.3,259.3,260.7,261.1,41.9,36.2,32.9,32.0,31.9,31.9,29.7,25.3,30.1,42.6,61.7,79.3,93.7,104.7,112.2,119.0,125.8,26.8,26.6,27.8,28.9,29.8,41.0,53.0,65.9,78.3,88.0,33.0,25.5,17.9,10.7,14.7,15.4,17.5,24.6,31.5,27.9,30.0,34.0,36.4,31.5,27.3,53.3,59.8,65.6,71.2,63.7,57.8,23.1,16.9,16.9,19.4,24.7,37.1,53.6,37.0,23.7,18.2,15.1,16.4,23.7,17.5,20.0,25.2,50.1,25.8,20.4,17.9,-194.2,-175.9,-157.6,-139.6,-122.9,-108.3,-97.0,-89.2,-87.0,-87.9,-92.3,-100.1,-112.1,-128.1,-147.2,-166.9,-186.9,-218.7,-228.7,-231.2,-230.1,-225.7,-225.3,-228.6,-227.5,-221.5,-210.8,-210.5,-199.7,-189.2,-178.3,-168.0,-165.6,-163.5,-165.2,-166.4,-205.7,-211.0,-210.5,-204.5,-203.7,-203.7,-203.1,-208.5,-207.5,-202.2,-200.7,-201.3,-140.9,-149.1,-152.5,-151.0,-152.3,-148.2,-141.0,-131.3,-127.7,-126.8,-127.4,-131.1,-140.7,-146.7,-146.1,-146.7,-140.7,-136.0,-135.3,-136.0,962.0,956.1,949.8,943.3,933.9,920.1,901.6,878.8,861.2,850.7,847.4,844.2,840.5,839.3,840.9,844.4,849.3,944.0,933.9,919.6,904.3,890.5,869.3,862.0,854.8,847.1,841.0,876.5,869.7,862.8,856.1,876.8,867.5,859.0,854.5,850.6,925.8,917.6,908.8,899.3,906.4,915.1,866.0,860.8,853.7,847.3,850.3,857.3,896.8,879.5,865.7,858.0,851.2,845.3,843.0,842.3,845.8,853.5,861.7,877.5,891.4,865.9,858.0,851.0,845.2,849.7,857.0,865.3,0.7190000000000001,-0.367,0.939,0.207,354.349,240.519,-3.661,-24.973000000000003,19.963,0.7659999999999999,1.704,0.085,0.556,2.7460000000000004,0.09,-4.152,-2.252,-1.5930000000000002,-2.459,-0.113,2.272,-0.953,0.0069999999999999,0.294,-0.439,-0.569,0.244,0.072,0.2789999999999999,-0.2239999999999999,-0.17,0.145,-0.019,-0.092,0.037,0.002,0.0069999999999999,-0.021,0.005,0.005,0.0,0.0,0.0,0.0,0.0,0.0,0.0,0.0,0.0,0.0,0.0,0.0,0.0,0.0,0.0,0.0,0.0,0.0,0.0,0.0,0.0,0.0,0.0,0.0,0.0,0.0,0.0,0.0,0.0,0.0,0.0,0.0,0.0,0.0,0.0
64,0,2.102,0.03,0,0.0,0.0,0.0,0.0,0.0,0.0,0.0,0.0,344.6,346.1,347.9,349.0,348.8,347.5,345.5,344.4,344.2,344.3,344.9,346.2,347.9,349.4,350.4,348.5,346.3,344.6,343.7,343.6,346.0,346.5,347.3,348.0,348.1,347.6,346.8,346.1,365.3,366.9,369.7,372.0,372.5,370.9,368.1,365.7,363.3,364.4,366.2,368.8,371.8,374.7,376.9,374.3,371.2,368.3,366.0,364.3,367.8,368.8,370.0,370.7,370.5,369.5,368.3,367.6,220.1,217.8,216.4,216.6,218.3,220.8,222.0,221.8,223.3,220.8,218.6,217.2,217.1,218.2,219.9,220.7,221.2,221.9,222.6,223.3,220.6,220.7,220.1,219.1,218.4,218.3,218.9,219.9,211.6,209.0,207.6,208.1,210.2,212.8,214.2,214.0,214.4,211.9,209.8,208.5,208.8,210.1,212.1,212.7,213.0,213.4,213.9,214.5,212.5,212.7,212.1,211.0,210.0,209.8,210.4,211.6,32.5,35.0,37.9,39.6,39.1,36.8,33.7,32.0,31.9,32.1,32.9,34.9,37.7,40.0,41.6,38.4,34.9,32.3,31.0,30.9,34.7,35.4,36.7,37.8,38.1,37.3,36.0,34.9,57.7,60.1,64.0,67.1,67.6,65.2,61.3,58.0,54.9,56.5,59.0,62.5,66.7,70.7,73.7,69.9,65.5,61.5,58.3,56.1,61.1,62.5,64.2,65.2,65.0,63.7,61.9,60.9,-231.7,-235.7,-237.6,-236.3,-232.7,-228.4,-226.9,-228.1,-227.5,-231.4,-234.2,-235.9,-235.0,-232.7,-229.3,-228.1,-227.7,-227.2,-226.9,-226.7,-230.0,-229.5,-230.3,-232.0,-233.6,-234.1,-233.3,-231.6,-212.5,-216.5,-218.4,-216.9,-213.0,-209.0,-207.2,-208.2,-208.8,-212.3,-214.9,-216.1,-215.3,-213.2,-210.2,-208.9,-208.4,-208.1,-208.0,-207.9,-210.5,-209.9,-210.7,-212.5,-214.2,-214.8,-214.0,-212.2,1041.7,1042.6,1040.3,1036.3,1032.8,1031.6,1034.1,1038.2,1046.7,1045.1,1042.1,1038.4,1034.7,1031.7,1029.3,1029.9,1031.9,1034.9,1038.6,1042.8,1037.9,1036.2,1035.2,1035.6,1037.1,1038.9,1039.9,1039.5,900.2,902.0,901.0,898.0,894.6,892.8,893.8,896.9,901.9,901.1,899.6,897.4,895.6,894.6,893.7,892.2,891.9,892.9,895.3,898.6,897.7,896.3,895.9,896.7,898.2,899.5,899.9,899.1,45.0,-181.6,959.7,-0.155,0.949,0.16,351.5,348.3,346.6,346.6,347.4,348.5,348.3,346.5,350.3,358.9,371.8,384.1,394.8,403.2,408.9,413.3,417.4,342.5,342.3,343.2,344.2,345.1,352.7,361.6,371.6,381.6,389.8,348.0,343.4,338.6,334.0,336.6,337.3,339.1,344.1,349.0,343.9,345.2,348.0,350.0,346.6,343.6,362.4,367.3,371.9,376.6,370.9,366.2,342.6,339.0,339.1,340.9,344.5,353.2,365.0,353.7,344.7,341.1,338.8,339.3,343.0,339.7,341.5,345.0,362.4,345.7,342.1,340.3,235.4,245.7,256.1,266.4,275.7,283.4,288.8,291.9,291.9,290.3,287.2,281.8,273.5,262.3,249.1,235.7,222.3,218.4,210.1,205.9,203.6,203.8,199.8,196.0,195.2,198.0,204.7,211.7,217.9,224.0,230.4,240.4,240.8,240.8,239.0,237.5,223.3,218.4,217.2,219.6,221.4,222.9,214.5,209.6,209.0,211.5,213.3,214.2,260.7,253.7,249.7,249.7,247.8,249.7,253.8,260.0,262.9,264.4,265.0,264.5,260.1,253.4,252.8,251.4,254.2,257.7,259.1,259.7,43.2,37.7,34.7,34.5,35.4,36.6,35.6,32.1,37.0,49.1,67.7,85.3,100.4,112.4,120.9,127.7,134.4,28.1,27.4,28.4,29.5,30.4,41.1,53.8,68.1,82.0,93.2,34.4,27.3,19.9,13.1,17.2,18.2,20.6,27.8,34.8,29.7,31.5,35.6,38.2,33.3,29.0,55.2,62.1,68.3,74.7,66.7,60.3,26.7,20.8,20.8,23.2,28.2,40.7,57.6,41.3,28.4,23.3,20.3,21.3,27.3,21.6,24.1,29.0,54.0,30.0,24.9,22.6,-202.9,-184.9,-167.0,-149.4,-133.3,-119.5,-108.8,-101.7,-99.9,-101.1,-105.3,-112.8,-124.5,-140.4,-159.8,-179.9,-200.5,-226.7,-237.5,-240.6,-240.2,-236.3,-237.2,-241.1,-240.5,-234.5,-223.4,-221.2,-210.3,-199.7,-188.8,-178.1,-175.9,-174.2,-176.1,-177.5,-214.8,-220.5,-220.5,-214.5,-213.3,-212.9,-214.7,-220.8,-220.1,-215.0,-213.0,-213.2,-151.0,-158.6,-162.4,-161.1,-162.8,-159.1,-152.9,-143.7,-140.0,-138.9,-139.2,-142.3,-150.9,-156.9,-156.5,-157.4,-152.6,-148.1,-147.1,-147.6,1024.0,1017.4,1010.5,1003.5,994.0,980.3,961.7,939.2,922.3,912.7,910.2,907.5,904.3,903.7,906.1,910.2,915.5,1006.7,996.5,981.7,965.7,951.4,931.3,924.3,917.7,910.4,904.8,938.2,930.9,923.5,916.3,937.0,927.8,919.3,915.2,911.6,988.0,979.7,970.7,961.0,968.0,976.8,928.1,923.5,916.6,910.4,912.8,919.6,956.0,938.8,925.7,918.4,911.9,906.7,905.1,903.8,906.7,914.0,921.7,937.0,950.5,925.8,918.4,911.8,907.1,910.7,917.5,925.4,0.6709999999999999,-0.3339999999999999,0.914,0.147,354.788,240.891,6.148,-29.504,18.672,3.177,7.294,0.948,2.427,1.849,-0.17,-3.931,-2.431,-1.2990000000000002,-2.099,-0.319,2.323,-0.191,-0.511,-0.096,-0.633,-0.306,0.22,0.053,0.143,-0.178,-0.293,0.126,-0.205,-0.076,0.0579999999999999,-0.015,-0.001,-0.013,-0.003,0.003,0.0,0.0,0.0,0.0,0.0,0.0,0.0,0.0,0.0,0.0,0.0,0.0,0.0,0.0,0.0,0.0,0.0,0.0,0.0,0.0,0.0,0.0,0.0,0.0,0.0,0.0,0.0,0.0,0.0,0.0,0.0,0.0,0.0,0.0,0.0
65,0,2.135,0.03,0,0.0,0.0,0.0,0.0,0.0,0.0,0.0,0.0,341.7,343.0,344.8,345.9,345.8,344.6,342.7,341.5,341.3,341.4,341.8,343.1,344.9,346.4,347.5,345.7,343.5,341.8,341.0,340.8,343.1,343.6,344.4,345.0,345.1,344.5,343.8,343.2,362.1,363.5,366.2,368.7,369.5,368.1,365.3,362.7,360.1,361.2,363.0,365.6,368.7,371.7,374.0,371.5,368.5,365.5,363.1,361.2,364.7,365.8,367.0,367.7,367.3,366.2,365.0,364.4,222.5,220.2,218.7,219.0,220.9,223.4,224.7,224.4,225.5,223.1,221.0,219.7,219.7,220.7,222.5,223.4,223.9,224.6,225.2,225.6,223.1,223.2,222.6,221.6,220.8,220.7,221.3,222.3,214.7,211.9,210.5,211.1,213.5,216.2,217.7,217.3,217.4,214.9,212.9,211.8,212.1,213.3,215.2,216.0,216.4,216.8,217.2,217.6,215.7,215.9,215.3,214.1,213.1,212.8,213.5,214.6,27.9,30.1,33.0,34.8,34.5,32.5,29.4,27.6,27.4,27.5,28.2,30.1,33.0,35.5,37.3,34.2,30.7,28.0,26.6,26.5,30.2,31.0,32.3,33.3,33.4,32.6,31.3,30.4,53.4,55.5,59.4,62.8,63.7,61.6,57.7,54.1,50.6,52.1,54.6,58.3,62.6,66.8,70.1,66.4,62.1,57.9,54.5,52.0,57.1,58.6,60.3,61.2,60.8,59.3,57.6,56.7,-229.9,-234.0,-235.9,-234.5,-230.7,-226.3,-224.8,-226.1,-226.0,-229.7,-232.4,-233.9,-233.0,-230.7,-227.3,-226.0,-225.5,-225.1,-224.9,-225.0,-228.1,-227.5,-228.3,-230.1,-231.8,-232.4,-231.5,-229.8,-209.2,-213.5,-215.4,-213.8,-209.8,-205.5,-203.6,-204.8,-205.8,-209.1,-211.5,-212.7,-212.0,-210.1,-207.3,-205.7,-205.0,-204.6,-204.6,-204.7,-207.3,-206.6,-207.5,-209.3,-211.1,-211.8,-210.9,-209.1,1051.7,1052.4,1050.1,1046.1,1042.8,1041.8,1044.4,1048.4,1057.0,1055.1,1051.9,1048.1,1044.5,1041.7,1039.4,1040.1,1042.1,1045.0,1048.8,1053.1,1048.0,1046.3,1045.3,1045.6,1047.1,1048.8,1049.8,1049.5,905.3,906.9,906.0,903.4,900.4,898.9,899.7,902.5,907.3,906.2,904.5,902.5,901.1,900.6,900.4,898.7,898.0,898.8,901.0,904.2,903.3,902.1,901.7,902.4,903.7,904.9,905.2,904.6,44.5,-192.2,1023.0,-0.089,0.903,0.109,347.7,344.7,343.2,343.5,344.7,346.4,346.8,345.9,349.8,357.9,370.2,382.2,393.1,401.5,407.2,411.2,414.8,339.2,338.6,339.5,340.6,341.7,349.0,357.8,367.9,378.0,386.5,345.1,341.2,336.9,332.8,335.2,336.3,338.2,342.7,347.2,341.1,342.1,345.0,347.2,343.9,340.9,359.3,364.0,368.8,373.8,368.1,363.3,340.8,337.9,338.2,339.9,342.9,350.9,362.0,351.5,343.5,340.4,338.4,338.7,341.2,338.8,340.5,343.5,359.4,344.1,341.0,339.4,236.3,245.5,254.6,263.8,272.2,279.2,284.1,287.3,287.5,286.4,284.0,279.7,272.5,262.4,250.1,237.4,224.5,220.8,213.1,209.2,207.1,207.3,203.6,200.0,199.2,201.9,208.3,215.1,220.9,226.5,232.4,241.8,242.2,242.3,240.7,239.4,225.5,220.9,219.7,222.3,224.0,225.5,217.5,212.7,212.2,214.7,216.6,217.5,260.2,254.5,250.9,251.0,249.3,251.1,254.4,259.3,261.5,262.8,263.3,263.0,259.6,254.3,253.9,252.7,254.7,256.7,257.9,258.3,39.3,33.9,31.1,31.4,33.2,35.5,35.6,33.4,38.9,51.2,70.4,88.8,105.3,118.3,127.5,134.2,140.5,24.2,23.0,24.1,25.5,26.8,37.9,51.4,66.8,82.0,94.7,31.9,25.5,18.6,12.2,16.1,17.8,20.6,27.6,34.3,26.9,28.4,32.8,36.1,30.9,26.2,54.1,61.2,68.2,75.6,66.9,59.8,25.5,20.5,20.7,23.2,27.8,40.0,57.1,40.8,28.6,24.0,21.0,21.7,26.1,21.7,24.1,28.7,53.1,29.5,24.9,22.6,-214.1,-197.0,-180.1,-163.4,-147.9,-134.5,-124.0,-116.3,-114.0,-114.7,-118.1,-124.6,-135.4,-151.0,-170.4,-190.9,-211.9,-236.9,-247.5,-250.4,-249.7,-245.7,-246.7,-250.8,-250.5,-244.6,-233.5,-230.3,-219.5,-209.1,-198.4,-187.6,-185.4,-183.8,-185.6,-186.9,-225.0,-230.7,-230.6,-224.1,-222.8,-222.4,-224.4,-231.0,-230.3,-225.0,-222.5,-222.6,-161.5,-167.8,-171.3,-170.0,-171.7,-168.0,-162.8,-155.0,-152.0,-151.0,-151.4,-154.1,-161.5,-166.0,-165.5,-166.4,-162.7,-160.0,-159.2,-159.8,1088.7,1081.8,1074.9,1068.3,1059.6,1046.6,1028.0,1005.5,988.8,979.8,978.1,975.7,972.9,972.7,975.3,979.0,983.8,1070.6,1059.6,1044.0,1027.2,1012.0,992.3,985.7,979.7,973.1,968.3,999.8,992.5,985.0,977.8,998.6,990.0,982.0,978.1,974.6,1051.6,1042.7,1033.4,1023.7,1030.6,1039.8,990.6,986.3,979.7,974.0,975.9,982.5,1017.2,1000.1,987.6,981.0,975.0,970.7,969.9,968.3,970.7,977.5,984.6,999.0,1011.6,988.0,981.2,975.0,971.6,974.4,980.7,988.1,0.629,-0.272,0.873,0.103,352.579,241.733,21.79,-36.061,12.498,1.654,12.475,0.204,2.39,2.131,1.242,-2.852,-2.77,-1.43,-1.741,-1.129,1.793,-0.223,0.263,-0.431,-1.185,-0.361,0.071,-0.128,0.094,0.1119999999999999,-0.2789999999999999,0.183,-0.172,-0.087,0.049,-0.024,-0.012,-0.024,-0.005,0.011,0.0,0.0,0.0,0.0,0.0,0.0,0.0,0.0,0.0,0.0,0.0,0.0,0.0,0.0,0.0,0.0,0.0,0.0,0.0,0.0,0.0,0.0,0.0,0.0,0.0,0.0,0.0,0.0,0.0,0.0,0.0,0.0,0.0,0.0,0.0
66,0,2.169,0.03,0,0.0,0.0,0.0,0.0,0.0,0.0,0.0,0.0,337.6,338.9,340.8,342.0,342.0,340.8,338.8,337.5,337.0,337.2,337.8,339.1,341.0,342.6,343.8,341.9,339.7,337.9,337.0,336.7,339.1,339.7,340.5,341.1,341.1,340.6,339.7,339.2,359.5,360.9,363.7,366.2,367.0,365.6,362.8,360.2,357.4,358.6,360.5,363.2,366.3,369.2,371.4,369.0,366.0,363.1,360.6,358.6,362.2,363.3,364.5,365.1,364.8,363.7,362.4,361.8,224.8,222.5,221.1,221.4,223.2,225.7,226.9,226.6,227.7,225.3,223.3,222.0,222.1,223.1,224.9,225.7,226.1,226.8,227.4,227.8,225.4,225.5,224.9,223.9,223.1,223.0,223.6,224.6,217.6,214.9,213.6,214.3,216.7,219.4,220.8,220.3,220.2,217.9,216.0,215.0,215.3,216.6,218.4,219.2,219.6,219.9,220.2,220.5,218.7,219.0,218.4,217.3,216.2,215.9,216.5,217.7,21.3,23.6,26.6,28.7,28.5,26.5,23.2,21.2,20.4,20.7,21.6,23.8,26.9,29.6,31.5,28.3,24.6,21.8,20.2,19.8,23.9,24.8,26.1,27.1,27.1,26.3,24.9,23.9,50.2,52.4,56.4,59.9,60.9,58.7,54.8,51.1,47.3,49.0,51.6,55.4,59.8,64.0,67.3,63.6,59.3,55.1,51.6,48.9,54.0,55.6,57.3,58.2,57.8,56.3,54.5,53.6,-228.8,-232.9,-234.7,-233.3,-229.5,-225.1,-223.6,-225.0,-225.0,-228.6,-231.2,-232.7,-231.8,-229.5,-226.1,-224.9,-224.5,-224.0,-223.8,-224.0,-227.0,-226.4,-227.2,-229.0,-230.6,-231.2,-230.4,-228.6,-207.3,-211.5,-213.4,-211.8,-207.6,-203.4,-201.6,-202.8,-204.0,-207.1,-209.5,-210.5,-209.7,-207.9,-205.2,-203.6,-203.0,-202.7,-202.7,-202.8,-205.3,-204.6,-205.4,-207.2,-209.0,-209.8,-208.9,-207.1,1064.0,1064.8,1062.7,1058.8,1055.5,1054.5,1056.9,1060.7,1069.4,1067.4,1064.2,1060.6,1057.1,1054.5,1052.4,1052.9,1054.7,1057.5,1061.2,1065.4,1060.6,1058.9,1057.9,1058.3,1059.7,1061.4,1062.3,1062.0,915.7,917.2,916.5,914.0,911.1,909.6,910.3,913.0,917.6,916.5,914.8,912.8,911.6,911.4,911.4,909.6,908.8,909.4,911.5,914.6,913.8,912.7,912.4,913.0,914.3,915.4,915.7,915.0,39.2,-190.5,1032.5,-0.111,0.858,0.122,343.1,340.3,338.9,339.0,340.1,341.7,342.2,341.6,345.9,354.7,367.3,379.4,390.1,398.1,403.4,407.2,410.7,334.8,334.6,335.9,337.6,339.1,346.8,355.6,365.7,375.7,383.8,342.4,338.5,334.2,330.2,331.9,333.3,335.3,339.9,344.3,336.8,338.1,341.1,343.4,340.0,336.8,356.7,361.5,366.3,371.3,365.6,360.7,336.1,333.8,334.5,336.3,339.6,347.5,358.4,347.9,339.9,336.6,334.4,334.4,336.7,335.1,336.9,340.2,355.6,340.5,337.2,335.5,238.6,247.6,256.8,266.0,274.3,281.2,285.9,288.7,288.8,287.6,285.2,280.8,273.8,264.0,252.3,240.2,228.1,223.4,215.7,211.6,209.7,210.0,206.8,203.3,202.7,205.6,212.2,217.7,223.1,228.3,233.9,243.6,244.0,244.0,242.6,241.4,227.6,223.2,222.0,224.7,226.3,227.6,220.4,215.8,215.4,218.0,219.7,220.4,261.9,256.0,252.4,252.6,251.0,253.1,256.7,260.9,262.8,263.9,264.3,264.2,261.2,256.1,255.7,254.6,256.8,257.9,258.9,259.4,31.7,26.6,24.0,24.1,25.7,28.1,28.4,26.8,33.3,46.8,66.6,85.5,102.1,114.8,123.5,130.0,136.2,16.9,16.3,18.3,20.7,23.0,34.8,48.7,64.3,79.6,91.9,28.0,21.6,14.6,8.1,11.1,13.2,16.3,23.4,30.3,19.9,21.9,26.7,30.4,24.8,19.8,50.6,58.0,65.2,72.7,63.9,56.6,18.2,14.1,15.0,17.9,22.8,35.1,52.1,35.6,23.3,18.3,14.9,15.0,19.0,16.0,18.8,23.8,47.9,24.2,19.2,16.6,-212.6,-195.6,-178.5,-161.7,-146.1,-132.6,-122.5,-115.2,-113.1,-114.1,-117.8,-124.5,-135.3,-150.7,-169.6,-189.4,-209.7,-234.9,-245.7,-248.9,-248.2,-244.0,-244.8,-248.8,-248.4,-242.3,-231.1,-228.9,-218.5,-208.6,-198.2,-186.8,-184.7,-183.1,-184.7,-185.9,-223.6,-229.2,-229.1,-222.7,-221.5,-221.1,-222.8,-229.1,-228.3,-223.0,-220.7,-220.9,-160.2,-167.0,-170.7,-169.2,-170.9,-167.0,-161.3,-154.4,-151.7,-150.9,-151.3,-153.6,-160.4,-165.0,-164.5,-165.2,-161.3,-159.9,-159.2,-159.7,1101.4,1094.6,1087.8,1081.2,1072.4,1059.1,1039.7,1016.6,999.7,991.0,990.0,988.5,986.9,987.4,990.4,994.3,999.5,1081.3,1070.5,1055.0,1038.3,1023.2,1004.7,998.7,993.2,987.1,982.9,1011.1,1003.6,995.8,988.3,1009.2,1000.8,992.9,989.3,986.1,1062.2,1053.4,1044.5,1035.1,1041.7,1050.5,1003.4,999.2,992.9,987.6,989.2,995.5,1027.1,1010.0,997.8,991.4,985.8,982.0,982.0,979.7,981.5,987.9,994.7,1008.9,1021.6,998.2,991.6,985.8,983.5,985.1,991.1,998.1,0.621,-0.289,0.836,0.1159999999999999,349.101,243.841,27.301,-30.371,9.671,0.977,8.53,-1.938,1.348,0.883,1.401,-1.722,-2.106,-0.95,-1.0490000000000002,-1.08,1.4069999999999998,-0.069,0.031,-0.3289999999999999,-0.7659999999999999,-0.478,0.013,-0.196,0.158,0.071,-0.239,0.261,-0.14,-0.069,0.04,-0.027,-0.011,-0.022,-0.003,0.004,0.0,0.0,0.0,0.0,0.0,0.0,0.0,0.0,0.0,0.0,0.0,0.0,0.0,0.0,0.0,0.0,0.0,0.0,0.0,0.0,0.0,0.0,0.0,0.0,0.0,0.0,0.0,0.0,0.0,0.0,0.0,0.0,0.0,0.0,0.0
67,0,2.202,0.03,0,0.0,0.0,0.0,0.0,0.0,0.0,0.0,0.0,333.6,334.9,336.8,338.1,338.1,336.9,334.9,333.5,332.9,333.1,333.8,335.2,337.1,338.8,339.9,338.0,335.8,334.0,332.9,332.6,335.2,335.7,336.6,337.2,337.2,336.6,335.8,335.2,356.2,357.6,360.3,362.8,363.6,362.2,359.4,356.8,354.1,355.3,357.1,359.8,362.9,365.7,367.9,365.5,362.6,359.7,357.2,355.3,358.8,359.9,361.1,361.7,361.4,360.3,359.1,358.5,227.3,225.0,223.7,224.0,225.7,228.2,229.4,229.1,230.2,227.9,225.9,224.6,224.6,225.6,227.3,228.1,228.5,229.1,229.8,230.3,227.9,228.0,227.4,226.4,225.7,225.5,226.1,227.1,220.1,217.5,216.1,216.8,219.2,221.8,223.1,222.7,222.7,220.4,218.5,217.5,217.8,219.1,221.0,221.6,221.9,222.2,222.5,222.9,221.2,221.5,220.9,219.7,218.7,218.4,219.0,220.1,14.6,17.0,20.2,22.3,22.2,20.2,16.7,14.5,13.5,13.9,15.0,17.4,20.6,23.3,25.2,22.0,18.2,15.3,13.5,13.0,17.3,18.2,19.6,20.6,20.7,19.8,18.4,17.3,46.0,48.1,52.2,55.7,56.6,54.4,50.4,46.7,43.0,44.7,47.3,51.2,55.6,59.8,63.0,59.3,55.0,50.8,47.2,44.6,49.7,51.3,53.0,54.0,53.6,52.0,50.3,49.3,-226.5,-230.5,-232.4,-231.1,-227.4,-223.0,-221.5,-222.8,-222.5,-226.2,-228.9,-230.4,-229.7,-227.3,-224.0,-222.8,-222.4,-221.9,-221.6,-221.6,-224.7,-224.2,-225.0,-226.7,-228.4,-229.0,-228.1,-226.4,-206.3,-210.5,-212.4,-210.8,-206.7,-202.5,-200.6,-201.8,-202.9,-206.1,-208.4,-209.5,-208.7,-206.8,-204.1,-202.7,-202.1,-201.8,-201.8,-201.9,-204.3,-203.6,-204.4,-206.2,-208.0,-208.7,-207.9,-206.1,1073.3,1074.3,1072.2,1068.4,1065.0,1063.8,1066.1,1069.9,1078.5,1076.7,1073.6,1070.0,1066.7,1064.0,1061.9,1062.3,1064.0,1066.7,1070.4,1074.5,1069.9,1068.2,1067.3,1067.7,1069.2,1070.9,1071.8,1071.4,927.4,929.0,928.3,925.8,922.8,921.2,921.9,924.6,929.3,928.2,926.5,924.6,923.4,923.1,923.1,921.2,920.4,921.0,923.1,926.2,925.4,924.3,924.0,924.7,926.0,927.1,927.4,926.7,32.8,-187.8,1036.7,-0.157,0.838,0.142,338.6,335.8,334.4,334.3,335.3,336.7,337.2,336.7,341.3,350.4,363.0,375.1,385.5,393.2,398.3,402.0,405.5,330.6,330.9,332.6,334.5,336.3,344.2,352.9,362.7,372.3,379.8,339.4,335.4,331.2,327.1,328.3,329.8,331.8,336.4,340.8,332.6,334.1,337.2,339.6,336.1,332.8,353.4,358.1,362.9,367.8,362.2,357.3,331.5,329.4,330.3,332.3,335.7,343.7,354.5,343.9,335.8,332.3,329.9,329.7,332.2,330.9,332.9,336.3,351.7,336.5,333.0,331.1,241.5,250.7,259.9,269.2,277.6,284.4,288.7,291.0,290.8,289.5,286.9,282.5,275.5,265.8,254.4,242.6,230.9,226.0,218.3,214.1,212.0,212.4,209.1,205.8,205.3,208.2,214.6,219.9,225.0,230.0,235.3,245.4,245.6,245.6,244.2,243.1,230.2,225.7,224.6,227.1,228.7,230.0,222.8,218.3,217.9,220.5,222.1,222.8,264.0,257.5,253.7,253.8,252.2,254.4,258.6,262.7,264.4,265.6,266.1,266.2,263.3,257.5,257.0,256.0,258.6,259.6,260.6,261.1,24.0,19.0,16.3,16.1,17.7,19.8,20.2,18.9,26.0,40.1,60.1,79.1,95.4,107.6,116.0,122.5,128.8,9.7,10.1,12.8,15.7,18.5,30.9,44.6,60.0,74.8,86.4,23.3,16.8,9.8,3.3,5.2,7.6,10.9,18.1,25.0,13.0,15.3,20.4,24.1,18.4,13.2,45.6,53.0,60.3,67.7,58.9,51.5,10.7,7.0,8.4,11.6,16.9,29.3,46.2,29.6,16.9,11.5,7.9,7.5,11.8,9.4,12.4,17.8,41.9,18.1,12.7,9.8,-208.5,-191.3,-174.0,-156.8,-141.1,-127.8,-118.2,-111.9,-110.3,-111.5,-115.4,-122.3,-133.2,-148.6,-167.3,-186.6,-206.5,-231.4,-242.5,-246.3,-245.8,-241.8,-242.8,-246.7,-246.2,-240.2,-229.0,-226.8,-216.8,-207.2,-197.1,-184.9,-183.0,-181.6,-183.1,-184.3,-220.3,-226.1,-226.1,-220.0,-218.7,-218.2,-220.4,-226.6,-225.9,-220.6,-218.5,-218.7,-157.6,-165.4,-169.5,-168.2,-169.9,-165.7,-159.2,-152.3,-149.8,-148.9,-149.1,-151.1,-157.9,-163.4,-163.1,-163.9,-159.3,-158.1,-157.3,-157.7,1107.1,1100.2,1093.2,1086.3,1077.1,1063.2,1043.4,1019.8,1002.8,994.2,993.4,992.4,991.3,992.4,995.8,1000.3,1006.0,1086.3,1076.1,1061.2,1045.0,1030.2,1012.3,1006.5,1001.1,995.0,990.5,1017.7,1010.0,1002.0,994.3,1014.6,1006.2,998.4,994.9,991.8,1067.5,1059.0,1050.2,1040.9,1047.4,1056.0,1010.1,1006.0,999.9,994.6,996.1,1002.2,1031.9,1014.9,1002.7,996.2,990.8,986.9,986.9,984.2,985.8,992.1,998.9,1013.2,1026.5,1002.9,996.3,990.6,988.5,989.7,995.5,1002.6,0.618,-0.33,0.8220000000000001,0.136,345.119,245.966,24.441,-26.125,9.514,-0.035,5.0280000000000005,-3.589,0.903,0.7609999999999999,0.095,-1.513,-1.874,-0.642,-0.8190000000000001,-0.622,0.987,0.291,-0.037,-0.218,-0.355,-0.2689999999999999,0.13,-0.121,0.096,0.036,-0.203,0.17,-0.079,-0.071,-0.019,-0.015,0.006,-0.017,-0.005,0.005,0.0,0.0,0.0,0.0,0.0,0.0,0.0,0.0,0.0,0.0,0.0,0.0,0.0,0.0,0.0,0.0,0.0,0.0,0.0,0.0,0.0,0.0,0.0,0.0,0.0,0.0,0.0,0.0,0.0,0.0,0.0,0.0,0.0,0.0,0.0
68,0,2.236,0.03,0,0.0,0.0,0.0,0.0,0.0,0.0,0.0,0.0,330.8,332.2,334.1,335.4,335.3,334.1,332.0,330.7,330.0,330.3,331.0,332.4,334.4,336.0,337.1,335.2,333.0,331.2,330.1,329.7,332.4,332.9,333.8,334.4,334.4,333.8,333.0,332.4,353.4,354.9,357.5,359.9,360.6,359.1,356.5,354.0,351.5,352.6,354.4,356.9,359.9,362.7,364.8,362.4,359.5,356.7,354.3,352.5,356.0,357.0,358.1,358.8,358.5,357.4,356.3,355.7,230.6,228.5,227.1,227.3,228.9,231.2,232.4,232.3,233.7,231.3,229.3,227.9,227.8,228.8,230.4,231.1,231.5,232.2,232.9,233.6,231.2,231.2,230.6,229.7,229.0,228.9,229.5,230.4,222.7,220.2,218.9,219.5,221.7,224.1,225.4,225.2,225.3,223.0,221.1,220.1,220.4,221.6,223.4,224.0,224.3,224.5,224.9,225.4,223.7,223.9,223.4,222.3,221.3,221.1,221.7,222.7,10.0,12.4,15.7,17.9,17.8,15.7,12.1,9.9,8.7,9.2,10.4,12.9,16.2,18.9,20.7,17.5,13.7,10.7,8.9,8.2,12.7,13.7,15.1,16.1,16.2,15.2,13.8,12.8,43.1,45.3,49.4,52.8,53.6,51.4,47.4,43.8,40.2,41.8,44.5,48.3,52.6,56.8,60.0,56.3,51.9,47.7,44.3,41.7,46.8,48.3,50.0,51.0,50.7,49.2,47.4,46.4,-224.3,-228.2,-230.3,-229.2,-225.6,-221.3,-219.7,-220.8,-219.9,-223.7,-226.7,-228.4,-227.8,-225.7,-222.5,-221.3,-220.8,-220.2,-219.6,-219.3,-222.7,-222.2,-223.1,-224.8,-226.4,-226.9,-226.0,-224.2,-208.1,-212.2,-214.1,-212.6,-208.6,-204.5,-202.7,-203.7,-204.6,-207.8,-210.3,-211.4,-210.6,-208.7,-205.9,-204.6,-204.1,-203.9,-203.8,-203.7,-206.1,-205.5,-206.3,-208.1,-209.8,-210.5,-209.7,-207.9,1090.5,1091.7,1089.8,1086.0,1082.4,1081.0,1083.0,1086.9,1095.3,1093.7,1090.9,1087.5,1084.2,1081.5,1079.2,1079.5,1081.0,1083.7,1087.2,1091.3,1087.0,1085.3,1084.5,1085.0,1086.6,1088.3,1089.1,1088.5,953.1,954.9,954.2,951.5,948.3,946.6,947.2,950.1,954.8,953.9,952.3,950.4,949.0,948.5,948.2,946.4,945.7,946.4,948.6,951.7,951.0,949.8,949.5,950.3,951.6,952.8,953.1,952.3,27.6,-186.0,1048.2,-0.236,0.8220000000000001,0.173,335.2,332.3,330.8,330.5,331.2,332.4,332.6,332.1,336.8,346.1,358.9,370.9,381.2,388.8,393.7,397.4,400.8,327.9,328.5,330.5,332.5,334.5,342.3,350.6,360.1,369.1,376.1,337.1,333.1,328.8,324.6,325.4,326.9,328.9,333.5,337.9,329.7,331.4,334.5,336.7,333.2,330.0,350.7,355.3,360.0,364.6,359.2,354.5,327.7,325.8,327.0,329.0,332.6,340.2,350.6,340.2,332.1,328.6,326.2,325.8,328.4,327.4,329.4,333.0,347.8,333.0,329.5,327.5,246.0,254.9,264.1,273.2,281.5,288.0,291.7,293.2,292.6,291.1,288.7,284.3,277.4,267.8,256.6,245.2,233.8,230.1,222.3,217.9,215.6,215.7,212.3,208.9,208.4,211.0,217.2,222.4,227.2,231.8,236.8,247.3,247.4,247.2,245.8,244.7,233.7,229.1,227.9,230.1,231.7,233.2,225.4,221.0,220.5,223.0,224.4,225.2,266.3,259.3,255.2,255.2,253.5,255.8,260.2,263.9,265.4,266.7,267.3,267.8,265.4,259.0,258.4,257.3,260.2,260.7,261.9,262.5,18.2,13.0,10.1,9.6,10.8,12.6,12.8,11.6,19.1,33.7,54.0,73.1,89.6,101.9,110.1,116.6,122.9,5.1,6.1,9.3,12.7,15.8,28.3,41.7,56.7,71.0,81.8,19.9,13.2,6.1,-0.6,0.6,3.0,6.3,13.6,20.6,8.1,10.8,16.0,19.7,13.9,8.5,41.9,49.3,56.5,63.6,55.0,47.7,4.5,1.3,3.2,6.5,12.0,24.2,40.6,24.0,11.3,5.7,1.9,1.3,5.7,3.9,7.1,12.7,36.2,12.7,7.1,4.0,-203.0,-185.9,-168.5,-151.4,-135.7,-122.9,-114.3,-109.3,-108.5,-109.9,-113.7,-120.6,-131.6,-147.1,-165.7,-185.0,-204.6,-227.0,-238.7,-243.1,-243.4,-240.0,-241.7,-245.7,-245.3,-239.5,-228.3,-225.9,-216.4,-207.2,-197.6,-184.1,-182.5,-181.4,-183.0,-184.2,-217.1,-223.2,-223.6,-217.9,-216.4,-215.6,-219.4,-225.7,-225.1,-220.0,-218.0,-218.0,-155.4,-164.4,-169.1,-168.0,-169.8,-165.5,-158.5,-152.2,-149.9,-148.8,-148.8,-150.1,-156.0,-162.9,-162.8,-163.7,-158.6,-158.0,-157.1,-157.2,1119.7,1112.4,1105.0,1097.5,1087.7,1073.1,1052.7,1028.5,1011.4,1002.8,1002.2,1001.8,1001.6,1003.7,1007.9,1013.1,1019.7,1099.5,1090.1,1075.9,1060.2,1045.8,1028.7,1023.0,1017.6,1011.1,1005.8,1032.7,1024.6,1016.3,1008.1,1027.4,1019.1,1011.3,1007.9,1004.9,1080.7,1072.7,1064.3,1054.9,1061.2,1069.5,1024.9,1021.0,1014.9,1009.5,1010.9,1017.0,1042.8,1026.4,1014.7,1008.3,1003.0,998.9,998.4,995.4,996.9,1003.0,1009.8,1023.9,1037.5,1014.6,1008.0,1002.4,999.9,1001.2,1006.9,1013.9,0.61,-0.402,0.813,0.1669999999999999,341.791,248.341,21.909,-24.128,7.928999999999999,-0.259,0.711,-3.408,1.371,-0.526,-0.122,-1.652,-1.31,-0.511,-0.609,-0.5710000000000001,0.431,0.408,-0.15,0.162,-0.109,-0.08,0.171,-0.008,-0.123,0.129,-0.125,0.142,-0.102,-0.011,-0.019,-0.008,0.022,-0.0069999999999999,-0.004,0.009,0.0,0.0,0.0,0.0,0.0,0.0,0.0,0.0,0.0,0.0,0.0,0.0,0.0,0.0,0.0,0.0,0.0,0.0,0.0,0.0,0.0,0.0,0.0,0.0,0.0,0.0,0.0,0.0,0.0,0.0,0.0,0.0,0.0,0.0,0.0
69,0,2.269,0.03,0,0.0,0.0,0.0,0.0,0.0,0.0,0.0,0.0,327.6,329.0,330.9,332.2,332.1,330.9,328.8,327.5,326.8,327.1,327.8,329.3,331.2,332.8,333.9,332.0,329.8,328.0,326.9,326.5,329.1,329.7,330.5,331.1,331.2,330.6,329.8,329.2,350.4,351.9,354.5,356.9,357.5,356.1,353.4,350.9,348.4,349.6,351.4,354.0,356.9,359.6,361.7,359.3,356.5,353.7,351.3,349.5,352.9,353.9,355.1,355.7,355.4,354.4,353.3,352.6,231.2,229.1,227.8,228.1,229.8,232.1,233.2,232.9,234.2,231.9,229.9,228.6,228.7,229.7,231.3,232.0,232.4,233.0,233.6,234.1,231.9,232.0,231.4,230.5,229.7,229.6,230.2,231.1,224.7,222.2,221.0,221.7,223.9,226.3,227.6,227.2,227.1,224.9,223.2,222.2,222.6,223.9,225.7,226.3,226.5,226.7,226.9,227.3,225.7,226.0,225.5,224.4,223.4,223.2,223.7,224.8,4.5,6.9,10.3,12.5,12.4,10.2,6.6,4.4,3.1,3.6,4.9,7.4,10.7,13.5,15.3,12.1,8.3,5.2,3.3,2.6,7.2,8.2,9.6,10.7,10.8,9.8,8.3,7.3,39.1,41.4,45.5,48.9,49.8,47.5,43.5,39.8,36.1,37.9,40.6,44.4,48.8,53.0,56.1,52.4,48.1,43.9,40.3,37.7,42.9,44.4,46.1,47.1,46.8,45.3,43.5,42.5,-225.3,-229.3,-231.2,-229.9,-226.2,-221.9,-220.4,-221.7,-221.3,-225.0,-227.7,-229.2,-228.4,-226.2,-222.9,-221.8,-221.5,-221.0,-220.6,-220.5,-223.6,-223.0,-223.8,-225.6,-227.2,-227.7,-226.9,-225.2,-208.2,-212.3,-214.1,-212.5,-208.5,-204.4,-202.6,-203.8,-204.9,-208.0,-210.3,-211.4,-210.5,-208.5,-205.6,-204.4,-204.0,-203.8,-203.8,-203.9,-206.2,-205.5,-206.3,-208.0,-209.8,-210.5,-209.7,-207.9,1100.7,1101.8,1099.8,1096.0,1092.6,1091.3,1093.5,1097.3,1105.8,1104.0,1101.0,1097.5,1094.2,1091.6,1089.5,1089.8,1091.4,1094.1,1097.7,1101.8,1097.3,1095.6,1094.8,1095.2,1096.7,1098.4,1099.3,1098.8,967.8,969.4,968.7,966.1,963.0,961.4,962.1,964.9,969.6,968.5,966.9,964.9,963.6,963.2,963.1,961.3,960.6,961.2,963.4,966.5,965.7,964.5,964.2,965.0,966.3,967.4,967.7,967.0,22.4,-185.5,1058.2,-0.2189999999999999,0.8140000000000001,0.178,332.3,329.7,328.2,327.9,328.4,329.3,329.4,328.7,333.5,342.9,355.8,367.9,378.0,385.1,389.7,393.0,396.3,324.5,325.2,327.3,329.4,331.4,339.4,347.6,356.8,365.7,372.7,334.2,330.1,325.8,321.7,322.4,323.8,325.8,330.3,334.6,326.5,328.2,331.3,333.6,330.0,326.8,347.7,352.3,357.0,361.5,356.1,351.5,324.3,322.5,323.8,325.8,329.3,336.7,346.7,336.4,328.6,325.1,322.8,322.4,325.0,324.2,326.2,329.7,343.8,329.6,326.1,324.2,245.8,255.0,264.5,273.8,282.2,288.7,292.5,294.1,293.7,292.4,290.1,285.9,279.1,269.6,258.5,247.1,235.8,230.2,222.8,219.0,217.2,217.6,214.7,211.7,211.1,213.6,219.6,224.1,228.9,233.5,238.5,248.6,248.8,248.7,247.5,246.4,234.1,229.8,228.7,231.1,232.6,233.9,227.2,223.0,222.7,225.3,226.6,227.2,267.0,260.2,256.4,256.6,255.1,257.5,261.9,265.1,266.4,267.5,268.0,268.4,266.2,260.3,259.8,258.9,261.9,261.7,262.6,263.2,13.2,8.4,5.8,5.0,5.9,7.5,7.4,6.1,13.8,28.8,49.7,69.1,85.4,97.1,104.8,110.8,116.7,-1.0,0.4,4.0,7.5,10.7,23.8,37.1,51.9,66.1,77.0,15.2,8.4,1.3,-5.4,-4.3,-1.9,1.3,8.5,15.5,2.6,5.4,10.7,14.5,8.5,3.1,37.4,44.8,52.1,59.2,50.6,43.2,-1.1,-4.1,-1.9,1.3,6.9,18.7,34.8,18.2,5.8,0.2,-3.6,-4.3,0.0,-1.3,2.0,7.6,30.2,7.4,1.8,-1.3,-205.5,-187.8,-169.8,-152.2,-136.1,-123.0,-114.3,-109.1,-107.9,-109.1,-112.8,-119.5,-130.5,-146.0,-164.6,-183.9,-203.5,-228.9,-239.8,-243.3,-242.8,-238.9,-239.8,-243.5,-243.1,-237.7,-226.8,-225.3,-215.7,-206.4,-196.7,-183.9,-182.1,-180.8,-182.2,-183.4,-218.4,-224.1,-224.3,-218.4,-217.1,-216.5,-218.6,-224.6,-223.8,-218.5,-216.7,-217.0,-155.8,-164.5,-168.9,-167.5,-169.1,-164.7,-157.5,-151.9,-150.0,-149.1,-149.3,-150.7,-156.4,-162.5,-162.3,-162.9,-157.8,-158.3,-157.6,-157.8,1132.0,1125.1,1118.0,1110.5,1100.5,1085.7,1064.9,1040.6,1023.5,1015.0,1014.7,1014.5,1014.4,1016.1,1019.5,1024.0,1030.0,1109.4,1099.4,1085.0,1069.4,1055.2,1037.8,1032.3,1027.0,1020.9,1016.0,1042.4,1034.4,1026.2,1018.1,1037.9,1029.6,1021.9,1018.4,1015.6,1090.8,1082.7,1074.2,1065.0,1071.3,1079.7,1035.4,1031.2,1025.2,1020.0,1021.5,1027.4,1053.3,1036.8,1025.4,1019.2,1014.1,1010.3,1009.9,1007.0,1008.3,1014.3,1020.9,1034.6,1048.0,1025.3,1019.0,1013.7,1011.4,1012.5,1018.0,1024.8,0.604,-0.385,0.809,0.175,338.533,249.679,25.404,-19.381,5.601,-0.787,-1.596,-2.325,2.084,0.409,0.296,-3.934,-0.132,0.013,-0.8220000000000001,-0.629,1.136,0.04,0.1119999999999999,0.265,-0.474,-0.139,0.136,-0.121,-0.1009999999999999,0.156,-0.131,0.198,-0.111,-0.001,0.002,-0.026,0.016,-0.003,-0.003,0.011,0.0,0.0,0.0,0.0,0.0,0.0,0.0,0.0,0.0,0.0,0.0,0.0,0.0,0.0,0.0,0.0,0.0,0.0,0.0,0.0,0.0,0.0,0.0,0.0,0.0,0.0,0.0,0.0,0.0,0.0,0.0,0.0,0.0,0.0,0.0
70,0,2.302,0.03,0,0.0,0.0,0.0,0.0,0.0,0.0,0.0,0.0,325.8,327.1,328.9,330.2,330.1,328.9,326.9,325.7,325.0,325.3,326.0,327.3,329.2,330.8,331.8,330.0,327.9,326.1,325.1,324.8,327.3,327.8,328.6,329.2,329.2,328.7,327.9,327.3,347.8,349.2,351.8,354.0,354.7,353.3,350.7,348.3,345.8,346.9,348.7,351.2,354.0,356.7,358.8,356.5,353.7,351.0,348.7,346.9,350.2,351.2,352.3,352.9,352.7,351.7,350.5,349.9,231.8,229.7,228.4,228.7,230.4,232.7,233.8,233.5,234.6,232.4,230.5,229.3,229.4,230.4,232.0,232.7,233.0,233.6,234.2,234.6,232.4,232.6,232.0,231.1,230.3,230.2,230.8,231.7,225.4,223.0,221.7,222.4,224.5,227.0,228.2,227.8,227.8,225.6,223.9,222.9,223.3,224.5,226.3,226.9,227.1,227.3,227.6,228.0,226.4,226.7,226.1,225.1,224.1,223.8,224.4,225.4,1.3,3.7,7.0,9.2,9.1,7.0,3.4,1.2,0.0,0.5,1.7,4.2,7.5,10.2,12.1,8.8,5.0,2.0,0.2,-0.4,4.0,5.0,6.4,7.5,7.5,6.6,5.1,4.1,35.7,37.9,41.9,45.4,46.2,44.0,40.0,36.4,32.7,34.4,37.0,40.9,45.3,49.4,52.6,48.9,44.6,40.4,36.9,34.2,39.4,40.9,42.6,43.6,43.2,41.7,40.0,39.0,-228.1,-232.1,-233.9,-232.6,-228.9,-224.6,-223.1,-224.4,-224.2,-227.8,-230.5,-231.9,-231.1,-228.8,-225.5,-224.4,-224.1,-223.7,-223.4,-223.3,-226.3,-225.7,-226.5,-228.3,-229.9,-230.5,-229.7,-227.9,-210.7,-214.9,-216.7,-215.1,-211.0,-206.9,-205.1,-206.3,-207.3,-210.5,-212.9,-213.9,-213.1,-211.1,-208.3,-207.0,-206.5,-206.3,-206.3,-206.3,-208.7,-208.0,-208.8,-210.6,-212.4,-213.1,-212.3,-210.5,1119.3,1120.2,1118.2,1114.3,1110.9,1109.8,1112.1,1115.9,1124.5,1122.6,1119.5,1115.9,1112.5,1109.9,1107.8,1108.3,1109.9,1112.7,1116.3,1120.5,1115.8,1114.1,1113.2,1113.7,1115.1,1116.8,1117.7,1117.3,984.6,986.2,985.4,982.7,979.7,978.1,978.9,981.7,986.4,985.3,983.6,981.6,980.3,979.9,979.7,978.0,977.3,978.0,980.2,983.3,982.5,981.3,981.0,981.7,983.0,984.2,984.5,983.8,19.0,-183.6,1057.1,-0.179,0.8340000000000001,0.161,330.8,328.2,326.8,326.7,327.3,328.3,328.2,327.3,331.8,341.0,353.9,365.9,376.1,383.4,387.9,391.1,394.2,322.8,323.3,325.1,327.0,328.7,336.6,344.7,353.8,362.7,369.8,331.6,327.6,323.3,319.2,320.3,321.6,323.6,328.0,332.3,324.8,326.3,329.3,331.5,328.1,325.0,345.2,349.6,354.1,358.6,353.4,348.8,323.0,320.8,321.9,323.9,327.3,334.8,344.8,334.6,326.9,323.4,321.2,320.9,323.6,322.4,324.3,327.8,342.1,327.8,324.4,322.5,245.7,254.9,264.3,273.6,282.2,289.0,293.3,295.5,295.4,294.2,291.8,287.4,280.4,270.7,259.3,247.5,235.9,230.4,223.2,219.6,218.0,218.5,215.5,212.4,211.8,214.2,220.1,225.1,230.2,235.1,240.4,250.0,250.3,250.3,249.0,247.9,234.6,230.4,229.3,231.7,233.2,234.4,227.9,223.7,223.4,225.9,227.3,227.9,268.0,261.6,258.0,258.2,256.6,258.9,263.1,266.8,268.5,269.6,270.0,270.1,267.3,261.8,261.4,260.4,263.1,263.6,264.6,265.0,10.3,5.6,3.3,3.0,4.1,5.6,5.4,3.8,11.1,25.8,46.5,65.9,82.3,94.1,101.6,107.2,112.8,-3.8,-3.0,0.2,3.4,6.3,19.1,32.2,46.9,61.0,72.1,10.9,4.2,-2.8,-9.4,-7.7,-5.5,-2.3,4.8,11.8,-0.4,2.2,7.3,11.1,5.2,0.0,33.1,40.2,47.3,54.4,45.9,38.8,-3.3,-6.8,-5.0,-1.9,3.7,15.6,31.8,15.4,3.0,-2.5,-6.2,-6.8,-2.3,-4.2,-1.1,4.4,27.5,4.5,-1.1,-4.1,-205.2,-187.6,-169.8,-152.3,-136.2,-122.6,-113.0,-106.8,-105.1,-106.1,-110.0,-117.1,-128.2,-143.9,-162.8,-182.5,-202.4,-228.1,-238.6,-241.7,-240.8,-236.8,-237.6,-241.4,-241.1,-235.7,-225.0,-223.1,-213.1,-203.4,-193.3,-181.4,-179.4,-178.0,-179.5,-180.7,-217.2,-222.7,-222.7,-216.8,-215.6,-215.2,-216.8,-222.8,-221.9,-216.8,-214.9,-215.2,-154.1,-162.2,-166.2,-164.9,-166.5,-162.2,-155.4,-149.0,-146.6,-145.8,-146.1,-148.0,-154.4,-160.0,-159.7,-160.3,-155.6,-155.1,-154.4,-154.7,1129.2,1122.8,1116.1,1109.3,1100.0,1085.7,1065.3,1041.2,1023.9,1015.1,1014.3,1013.5,1012.7,1013.7,1016.6,1020.5,1025.8,1107.2,1096.9,1082.4,1066.8,1052.6,1034.5,1028.5,1023.0,1016.7,1011.8,1039.9,1032.2,1024.2,1016.5,1036.8,1028.3,1020.5,1016.9,1013.9,1088.9,1080.6,1072.0,1062.9,1069.3,1077.7,1032.4,1027.9,1021.8,1016.5,1018.3,1024.4,1053.3,1036.5,1024.7,1018.3,1012.8,1008.8,1008.4,1005.9,1007.6,1013.9,1020.7,1034.7,1047.9,1024.9,1018.3,1012.6,1010.0,1011.6,1017.4,1024.4,0.605,-0.347,0.83,0.158,336.527,250.726,23.034,-22.839,7.572,-0.71,-1.244,-1.588,2.573,1.047,0.748,-3.964,-0.187,-0.498,-0.7709999999999999,-0.653,1.849,-0.297,0.17,0.11,-0.409,-0.384,0.061,-0.147,0.2,0.241,-0.1939999999999999,0.226,-0.089,-0.01,0.022,-0.044,0.01,-0.006,-0.004,-0.001,0.0,0.0,0.0,0.0,0.0,0.0,0.0,0.0,0.0,0.0,0.0,0.0,0.0,0.0,0.0,0.0,0.0,0.0,0.0,0.0,0.0,0.0,0.0,0.0,0.0,0.0,0.0,0.0,0.0,0.0,0.0,0.0,0.0,0.0,0.0
71,0,2.336,0.03,0,0.0,0.0,0.0,0.0,0.0,0.0,0.0,0.0,326.1,327.3,329.0,330.2,330.1,329.0,327.2,326.0,325.5,325.7,326.2,327.5,329.2,330.7,331.7,330.0,328.0,326.4,325.5,325.2,327.5,328.0,328.7,329.3,329.3,328.8,328.1,327.5,346.6,347.9,350.3,352.4,353.0,351.7,349.3,347.1,344.8,345.8,347.4,349.7,352.4,354.9,356.9,354.7,352.1,349.5,347.4,345.8,348.8,349.8,350.8,351.4,351.1,350.2,349.1,348.6,233.3,231.3,230.0,230.3,231.9,234.1,235.2,235.0,236.1,233.9,232.1,230.9,230.9,231.8,233.3,234.0,234.4,235.0,235.6,236.1,233.9,234.0,233.5,232.6,231.8,231.7,232.3,233.2,226.6,224.3,223.1,223.6,225.6,227.9,229.2,228.9,229.0,226.9,225.2,224.2,224.5,225.6,227.3,227.9,228.1,228.4,228.7,229.2,227.5,227.7,227.2,226.2,225.3,225.1,225.6,226.6,2.0,4.3,7.5,9.6,9.5,7.4,4.0,1.8,0.9,1.2,2.3,4.6,7.8,10.5,12.4,9.2,5.5,2.5,0.8,0.3,4.6,5.5,6.9,7.9,8.0,7.1,5.7,4.7,35.7,37.9,41.8,45.2,46.1,43.9,40.0,36.4,32.9,34.5,37.0,40.7,45.1,49.3,52.5,48.8,44.5,40.3,36.9,34.4,39.4,40.9,42.6,43.5,43.2,41.7,40.0,39.0,-235.9,-239.9,-241.9,-240.6,-236.9,-232.5,-231.0,-232.2,-231.9,-235.6,-238.3,-239.9,-239.1,-236.8,-233.6,-232.4,-232.0,-231.5,-231.2,-231.1,-234.2,-233.6,-234.5,-236.2,-237.9,-238.4,-237.6,-235.8,-220.8,-225.0,-226.8,-225.3,-221.3,-217.2,-215.3,-216.4,-217.3,-220.6,-223.0,-224.2,-223.4,-221.5,-218.6,-217.3,-216.7,-216.4,-216.4,-216.3,-218.9,-218.2,-219.0,-220.9,-222.6,-223.3,-222.4,-220.6,1171.5,1172.4,1170.3,1166.4,1163.1,1161.9,1164.3,1168.1,1176.8,1174.9,1171.8,1168.2,1164.7,1162.0,1159.9,1160.4,1162.1,1164.9,1168.6,1172.8,1168.0,1166.3,1165.4,1165.8,1167.3,1169.0,1169.9,1169.5,1041.1,1042.7,1041.8,1039.1,1036.0,1034.5,1035.3,1038.2,1043.0,1042.0,1040.3,1038.2,1036.7,1036.1,1035.8,1034.2,1033.6,1034.4,1036.7,1039.9,1038.9,1037.7,1037.4,1038.0,1039.4,1040.6,1041.0,1040.3,18.8,-188.5,1093.2,-0.175,0.853,0.16,330.7,328.1,327.0,327.1,327.8,328.4,328.0,326.9,331.1,339.9,352.6,364.6,375.0,382.4,386.6,389.4,392.1,323.5,323.7,325.4,327.1,328.6,336.0,343.4,351.8,359.9,366.6,331.0,327.2,323.0,319.1,320.5,321.6,323.4,327.6,331.7,325.2,326.6,329.3,331.4,328.2,325.4,344.2,348.2,352.4,356.7,351.8,347.6,323.2,321.0,322.0,323.7,326.9,334.0,343.5,333.9,326.6,323.4,321.3,321.2,323.7,322.4,324.1,327.3,340.9,327.3,324.2,322.5,246.6,255.2,264.0,272.9,281.2,287.8,292.0,294.3,294.4,293.5,291.5,287.5,280.9,271.5,260.1,248.2,236.4,232.1,225.3,222.0,220.5,220.8,217.9,214.5,213.7,215.6,220.8,226.7,231.8,236.8,242.1,251.1,251.4,251.5,250.1,249.0,236.0,231.9,230.9,233.1,234.6,235.9,229.1,224.9,224.6,226.8,228.3,229.0,268.4,262.3,259.0,259.1,257.6,259.6,263.4,267.0,268.5,269.6,270.1,270.2,267.7,262.7,262.2,261.2,263.4,263.8,264.8,265.2,10.6,5.8,3.6,3.8,5.0,6.1,5.3,3.2,10.2,24.9,45.9,65.9,83.2,95.6,102.9,107.9,113.0,-2.7,-2.3,0.7,3.7,6.2,18.7,31.1,45.0,58.3,69.0,10.3,3.7,-3.3,-9.9,-7.7,-5.7,-2.7,4.4,11.2,0.4,2.8,7.6,11.2,5.7,0.7,32.6,39.2,46.1,53.0,44.8,38.0,-3.1,-6.8,-5.1,-2.1,3.2,15.0,30.6,14.7,2.6,-2.7,-6.2,-6.5,-2.2,-4.4,-1.5,3.9,26.4,3.9,-1.4,-4.2,-209.7,-192.9,-175.6,-158.5,-142.4,-128.9,-119.1,-112.5,-110.5,-111.1,-114.3,-120.8,-131.6,-147.4,-166.9,-187.4,-208.1,-232.4,-242.5,-245.3,-244.5,-240.8,-241.9,-246.0,-246.0,-241.1,-231.1,-227.9,-217.6,-207.7,-197.4,-185.8,-183.7,-182.3,-183.9,-185.1,-221.7,-227.3,-227.4,-221.6,-220.3,-219.8,-222.0,-228.1,-227.3,-222.3,-220.3,-220.5,-158.5,-166.4,-170.4,-169.0,-170.7,-166.6,-160.1,-153.9,-151.7,-150.8,-151.1,-152.8,-158.9,-164.2,-163.9,-164.6,-160.3,-160.1,-159.4,-159.7,1162.9,1156.8,1150.7,1144.7,1136.1,1122.2,1101.7,1077.2,1059.5,1050.2,1048.8,1047.7,1046.8,1047.8,1050.4,1053.7,1058.6,1142.5,1132.1,1117.8,1102.4,1088.4,1070.1,1063.5,1057.4,1050.3,1044.3,1075.5,1067.9,1060.1,1052.6,1072.5,1064.0,1056.2,1052.5,1049.2,1124.6,1116.3,1107.6,1098.4,1104.9,1113.4,1066.7,1062.0,1055.7,1050.1,1052.2,1058.5,1088.2,1071.8,1060.4,1053.8,1048.1,1043.7,1042.5,1040.7,1042.8,1049.4,1056.4,1070.0,1082.6,1060.5,1053.7,1047.8,1044.2,1046.9,1053.0,1060.1,0.585,-0.342,0.8490000000000001,0.158,336.01199999999994,251.509,23.317,-29.965,4.618,-2.436,-3.6010000000000004,0.002,3.63,1.972,1.91,-3.593,0.6609999999999999,-0.7,0.626,-0.8029999999999999,0.74,-0.6970000000000001,0.5479999999999999,0.411,-0.416,-0.337,0.22,0.177,0.06,0.295,-0.213,0.143,-0.063,-0.044,0.018,-0.011,0.003,-0.003,-0.001,-0.006,0.0,0.0,0.0,0.0,0.0,0.0,0.0,0.0,0.0,0.0,0.0,0.0,0.0,0.0,0.0,0.0,0.0,0.0,0.0,0.0,0.0,0.0,0.0,0.0,0.0,0.0,0.0,0.0,0.0,0.0,0.0,0.0,0.0,0.0,0.0
72,0,2.369,0.03,0,0.0,0.0,0.0,0.0,0.0,0.0,0.0,0.0,327.2,328.5,330.2,331.3,331.2,330.1,328.3,327.2,326.7,326.8,327.4,328.7,330.4,331.8,332.8,331.1,329.1,327.5,326.6,326.4,328.6,329.1,329.9,330.4,330.4,329.9,329.2,328.7,347.4,348.6,351.0,353.0,353.6,352.3,350.0,347.8,345.7,346.6,348.1,350.4,353.0,355.5,357.4,355.3,352.7,350.2,348.1,346.6,349.6,350.5,351.5,352.0,351.8,350.9,349.9,349.3,233.9,231.9,230.6,230.9,232.5,234.7,235.8,235.5,236.5,234.4,232.6,231.4,231.5,232.4,234.0,234.6,235.0,235.6,236.1,236.6,234.5,234.6,234.0,233.1,232.4,232.3,232.9,233.7,227.4,225.1,223.9,224.5,226.5,228.7,229.9,229.6,229.7,227.6,225.9,225.0,225.3,226.4,228.1,228.7,228.9,229.2,229.5,229.9,228.3,228.5,228.0,227.0,226.1,225.9,226.4,227.4,4.2,6.6,9.7,11.8,11.6,9.6,6.2,4.1,3.2,3.5,4.5,6.9,10.1,12.7,14.6,11.4,7.7,4.7,3.1,2.6,6.8,7.7,9.1,10.1,10.2,9.3,7.9,6.9,37.8,40.0,43.9,47.3,48.1,46.0,42.0,38.5,35.0,36.6,39.1,42.8,47.2,51.4,54.6,50.9,46.5,42.4,39.0,36.5,41.5,43.0,44.7,45.6,45.3,43.8,42.1,41.1,-237.8,-241.8,-243.7,-242.4,-238.6,-234.3,-232.8,-234.1,-233.8,-237.5,-240.2,-241.7,-240.9,-238.6,-235.3,-234.1,-233.8,-233.3,-233.0,-233.0,-236.0,-235.4,-236.3,-238.0,-239.6,-240.2,-239.4,-237.6,-224.3,-228.5,-230.3,-228.8,-224.8,-220.7,-218.8,-219.9,-220.7,-224.1,-226.6,-227.7,-226.9,-224.9,-222.0,-220.7,-220.1,-219.8,-219.8,-219.8,-222.4,-221.7,-222.5,-224.3,-226.1,-226.7,-225.9,-224.1,1185.8,1186.6,1184.5,1180.6,1177.2,1176.1,1178.5,1182.4,1191.0,1189.1,1186.0,1182.3,1178.9,1176.2,1174.0,1174.6,1176.3,1179.1,1182.8,1187.0,1182.2,1180.5,1179.6,1180.0,1181.4,1183.2,1184.1,1183.7,1063.7,1065.3,1064.4,1061.6,1058.6,1057.1,1057.9,1060.9,1065.6,1064.6,1062.9,1060.8,1059.2,1058.6,1058.3,1056.7,1056.2,1057.0,1059.3,1062.5,1061.6,1060.3,1060.0,1060.6,1062.0,1063.2,1063.5,1062.9,20.7,-191.4,1113.9,-0.178,0.8540000000000001,0.168,331.7,329.1,328.0,328.0,328.6,329.2,328.7,327.5,331.6,340.3,352.8,364.8,375.1,382.5,386.7,389.4,392.0,324.8,325.0,326.7,328.3,329.8,337.1,344.3,352.4,360.3,366.8,332.1,328.4,324.3,320.4,321.8,322.9,324.6,328.7,332.7,326.4,327.7,330.4,332.5,329.4,326.6,345.0,349.0,353.1,357.2,352.4,348.3,324.2,322.2,323.2,324.9,328.1,335.0,344.2,334.7,327.6,324.4,322.4,322.3,324.7,323.5,325.3,328.4,341.6,328.3,325.2,323.6,246.9,255.3,264.0,272.7,280.8,287.3,291.3,293.6,293.7,292.9,291.1,287.4,281.1,271.9,260.7,248.9,237.2,232.6,225.9,222.8,221.4,221.7,218.8,215.5,214.7,216.5,221.7,227.5,232.6,237.6,242.9,251.6,252.0,252.1,250.7,249.7,236.5,232.5,231.5,233.8,235.2,236.4,229.9,225.7,225.4,227.6,229.1,229.7,268.4,262.7,259.5,259.6,258.1,260.1,263.7,266.9,268.3,269.3,269.7,269.9,267.7,263.0,262.6,261.6,263.7,263.8,264.7,265.1,12.6,7.7,5.5,5.6,6.7,7.6,6.6,4.3,11.3,26.0,47.3,67.5,85.1,97.7,105.0,109.9,114.8,-0.4,-0.1,3.0,5.9,8.5,21.0,33.2,47.0,60.1,70.7,12.5,5.9,-1.2,-7.8,-5.6,-3.7,-0.7,6.4,13.1,2.6,4.9,9.7,13.3,7.8,2.8,34.6,41.2,48.0,54.9,46.8,40.0,-1.3,-4.8,-3.0,-0.1,5.3,16.9,32.4,16.4,4.3,-1.1,-4.5,-4.7,-0.5,-2.5,0.4,5.8,28.1,5.7,0.4,-2.4,-212.8,-196.0,-178.8,-161.7,-145.7,-132.2,-122.5,-115.9,-113.9,-114.2,-117.1,-123.2,-133.8,-149.6,-169.1,-189.7,-210.6,-235.5,-245.6,-248.3,-247.4,-243.8,-244.7,-248.9,-248.9,-244.1,-234.0,-230.8,-220.4,-210.3,-199.8,-188.4,-186.3,-184.8,-186.4,-187.6,-224.8,-230.4,-230.5,-224.6,-223.3,-222.8,-224.9,-231.0,-230.3,-225.2,-223.2,-223.4,-161.5,-169.1,-172.8,-171.4,-173.1,-169.0,-162.8,-157.0,-155.0,-154.2,-154.5,-156.2,-161.8,-166.7,-166.4,-167.1,-163.0,-163.3,-162.7,-163.1,1183.0,1177.0,1171.0,1165.1,1156.7,1142.8,1122.1,1097.5,1079.8,1070.4,1069.0,1068.0,1067.1,1068.0,1070.5,1073.7,1078.4,1162.7,1152.3,1138.1,1122.7,1108.7,1090.3,1083.5,1077.3,1070.1,1064.0,1095.7,1088.2,1080.5,1073.0,1092.9,1084.4,1076.6,1072.8,1069.5,1144.8,1136.5,1127.8,1118.6,1125.2,1133.7,1086.8,1082.1,1075.6,1070.0,1072.2,1078.6,1108.6,1092.1,1080.9,1074.2,1068.5,1064.2,1062.7,1061.1,1063.3,1069.8,1076.8,1090.4,1102.9,1080.9,1074.1,1068.2,1064.4,1067.3,1073.4,1080.6,0.574,-0.344,0.8490000000000001,0.165,336.903,251.866,22.932,-31.077,2.886,-3.588,-3.482,1.885,3.4,2.261,1.878,-3.043,0.578,-0.825,0.8220000000000001,-0.6409999999999999,0.708,-0.515,0.642,0.368,-0.43,-0.205,0.111,0.18,0.004,0.303,-0.0969999999999999,0.099,-0.079,-0.042,0.018,-0.011,0.012,-0.001,-0.001,-0.001,0.0,0.0,0.0,0.0,0.0,0.0,0.0,0.0,0.0,0.0,0.0,0.0,0.0,0.0,0.0,0.0,0.0,0.0,0.0,0.0,0.0,0.0,0.0,0.0,0.0,0.0,0.0,0.0,0.0,0.0,0.0,0.0,0.0,0.0,0.0
73,0,2.402,0.03,0,0.0,0.0,0.0,0.0,0.0,0.0,0.0,0.0,330.7,331.9,333.6,334.7,334.6,333.4,331.6,330.5,330.1,330.3,330.9,332.1,333.7,335.1,336.1,334.4,332.4,330.9,330.0,329.8,332.0,332.5,333.2,333.8,333.8,333.3,332.6,332.1,350.3,351.5,353.8,355.8,356.3,355.0,352.7,350.7,348.7,349.5,351.0,353.2,355.7,358.2,360.0,357.9,355.4,353.0,351.0,349.5,352.4,353.3,354.3,354.8,354.6,353.7,352.7,352.2,235.6,233.6,232.4,232.6,234.1,236.2,237.3,237.1,238.4,236.2,234.4,233.1,233.1,233.9,235.4,236.1,236.5,237.1,237.7,238.3,236.1,236.1,235.6,234.7,234.1,234.0,234.6,235.4,228.3,226.1,224.9,225.4,227.2,229.4,230.6,230.4,230.6,228.6,226.9,225.8,226.1,227.1,228.8,229.3,229.6,229.9,230.3,230.7,229.1,229.3,228.7,227.8,227.0,226.8,227.3,228.3,10.8,13.3,16.4,18.4,18.1,16.0,12.6,10.6,9.8,10.2,11.2,13.5,16.6,19.2,21.0,17.8,14.1,11.2,9.6,9.2,13.4,14.2,15.6,16.7,16.8,15.9,14.5,13.5,43.7,45.9,49.8,53.1,53.8,51.5,47.7,44.2,41.0,42.5,44.9,48.5,52.9,57.0,60.2,56.4,52.1,48.0,44.7,42.3,47.2,48.7,50.4,51.3,51.0,49.6,47.9,46.9,-237.8,-241.7,-243.7,-242.6,-239.0,-234.7,-233.1,-234.2,-233.4,-237.2,-240.1,-241.8,-241.2,-239.0,-235.8,-234.6,-234.2,-233.6,-233.1,-232.9,-236.1,-235.7,-236.5,-238.2,-239.8,-240.3,-239.4,-237.7,-227.6,-231.7,-233.6,-232.2,-228.3,-224.2,-222.4,-223.3,-223.9,-227.3,-229.9,-231.2,-230.4,-228.4,-225.5,-224.2,-223.7,-223.4,-223.2,-223.1,-225.7,-225.1,-226.0,-227.7,-229.4,-230.0,-229.2,-227.4,1202.0,1203.0,1201.0,1197.0,1193.5,1192.2,1194.5,1198.5,1207.0,1205.3,1202.3,1198.8,1195.3,1192.5,1190.1,1190.6,1192.4,1195.2,1198.9,1203.0,1198.4,1196.7,1195.8,1196.2,1197.8,1199.5,1200.4,1199.9,1086.8,1088.4,1087.5,1084.6,1081.4,1079.7,1080.6,1083.7,1088.5,1087.6,1086.0,1083.8,1082.1,1081.3,1080.7,1079.2,1078.8,1079.7,1082.1,1085.3,1084.4,1083.1,1082.7,1083.4,1084.8,1086.1,1086.5,1085.8,25.9,-193.8,1134.8,-0.243,0.857,0.203,334.4,331.6,330.3,330.3,330.7,331.0,330.5,329.2,333.1,341.5,353.8,365.6,376.0,383.6,388.1,390.9,393.7,328.3,328.7,330.5,332.1,333.6,340.7,347.6,355.4,362.9,369.1,335.6,331.8,327.7,323.8,324.9,325.9,327.6,331.7,335.6,329.8,331.2,333.8,335.7,332.7,330.0,348.0,351.8,355.8,359.8,355.1,351.1,326.9,325.2,326.2,327.9,331.0,337.6,346.4,337.1,330.1,327.0,325.0,324.9,327.3,326.3,328.0,331.1,343.9,331.0,327.9,326.3,249.1,257.2,265.7,274.2,282.1,288.2,291.9,293.5,293.3,292.5,291.0,287.6,281.6,272.6,261.6,249.9,238.4,234.6,227.9,224.7,223.1,223.1,219.9,216.6,215.6,217.2,222.1,228.5,233.4,238.2,243.2,252.1,252.4,252.4,251.1,250.0,238.3,234.2,233.1,235.1,236.7,238.0,230.8,226.6,226.2,228.3,229.8,230.5,269.0,263.1,259.9,259.9,258.4,260.2,263.7,266.7,267.9,269.0,269.5,270.0,268.3,263.3,262.8,261.7,263.8,263.6,264.6,265.1,17.9,12.5,10.0,9.9,10.6,11.2,9.9,7.5,14.1,28.6,49.7,70.1,88.0,101.3,109.3,114.5,120.0,6.3,7.0,10.1,13.0,15.4,27.8,39.7,53.1,65.8,76.1,18.8,12.0,4.8,-2.0,-0.1,1.6,4.6,11.7,18.5,9.0,11.4,16.1,19.5,14.0,9.1,40.5,47.1,53.8,60.3,52.4,45.7,3.4,0.3,2.1,5.0,10.4,21.7,36.8,20.8,8.8,3.4,0.0,-0.1,4.2,2.4,5.3,10.6,32.6,10.3,5.1,2.4,-212.0,-195.5,-178.5,-161.5,-145.6,-132.4,-123.5,-117.9,-116.4,-116.7,-119.2,-124.9,-135.3,-150.9,-170.5,-191.4,-212.5,-236.1,-246.6,-249.7,-249.4,-246.3,-247.9,-252.4,-252.6,-248.0,-238.1,-233.7,-223.5,-213.6,-203.2,-191.0,-189.1,-187.8,-189.5,-190.7,-225.6,-231.6,-232.0,-226.4,-224.9,-224.2,-227.7,-234.1,-233.5,-228.5,-226.4,-226.5,-163.2,-171.3,-175.4,-174.2,-176.0,-172.0,-165.6,-160.4,-158.6,-157.7,-157.8,-158.8,-163.7,-169.3,-169.2,-170.0,-165.8,-166.6,-165.8,-166.0,1202.5,1196.1,1189.8,1183.6,1174.8,1160.6,1140.0,1115.4,1097.5,1087.9,1086.3,1085.3,1084.7,1086.2,1089.4,1093.2,1098.6,1184.2,1174.4,1160.4,1145.3,1131.5,1113.2,1106.5,1100.1,1092.6,1085.8,1118.1,1110.3,1102.4,1094.7,1113.8,1105.2,1097.4,1093.7,1090.3,1166.2,1158.2,1149.6,1140.3,1146.7,1155.2,1108.3,1103.8,1097.4,1091.5,1093.7,1100.0,1128.2,1112.3,1101.3,1094.5,1088.9,1084.2,1082.1,1080.6,1082.9,1089.5,1096.5,1110.0,1122.5,1101.0,1094.2,1088.2,1083.8,1087.2,1093.4,1100.7,0.564,-0.405,0.848,0.1969999999999999,339.561,252.57,18.171,-33.562,1.374,-3.719,-3.832,3.2460000000000004,3.383,1.516,1.348,-2.612,0.607,-0.324,0.415,-0.461,0.3929999999999999,-0.293,0.296,0.465,-0.5920000000000001,-0.005,0.141,-0.035,-0.107,0.2189999999999999,0.061,0.1,-0.071,-0.016,0.008,-0.0069999999999999,0.018,-0.005,0.002,0.005,0.0,0.0,0.0,0.0,0.0,0.0,0.0,0.0,0.0,0.0,0.0,0.0,0.0,0.0,0.0,0.0,0.0,0.0,0.0,0.0,0.0,0.0,0.0,0.0,0.0,0.0,0.0,0.0,0.0,0.0,0.0,0.0,0.0,0.0,0.0
74,0,2.436,0.03,0,0.0,0.0,0.0,0.0,0.0,0.0,0.0,0.0,334.9,336.1,337.7,338.7,338.5,337.4,335.7,334.7,334.4,334.5,335.0,336.2,337.8,339.1,340.0,338.3,336.5,335.0,334.2,334.0,336.1,336.6,337.3,337.8,337.9,337.4,336.7,336.2,353.4,354.6,356.9,358.8,359.2,358.0,355.8,353.8,351.8,352.7,354.1,356.2,358.7,361.1,362.9,360.8,358.4,356.0,354.1,352.6,355.5,356.3,357.3,357.8,357.6,356.8,355.8,355.3,235.4,233.4,232.2,232.4,233.9,236.0,237.1,236.9,238.0,235.9,234.2,233.0,233.0,233.9,235.3,235.9,236.3,236.9,237.5,238.0,235.9,236.0,235.4,234.6,233.9,233.8,234.4,235.2,228.5,226.4,225.2,225.7,227.5,229.7,230.8,230.6,230.8,228.8,227.1,226.1,226.4,227.5,229.1,229.6,229.9,230.2,230.5,230.9,229.3,229.5,229.0,228.1,227.3,227.1,227.6,228.5,19.3,21.8,24.8,26.7,26.4,24.2,20.9,19.0,18.5,18.8,19.7,21.9,24.9,27.4,29.1,25.9,22.3,19.5,18.0,17.7,21.7,22.6,23.9,25.0,25.1,24.3,23.0,21.9,50.3,52.5,56.4,59.7,60.3,58.1,54.2,50.8,47.6,49.1,51.5,55.1,59.4,63.6,66.7,63.0,58.6,54.6,51.3,48.9,53.8,55.3,56.9,57.9,57.6,56.2,54.5,53.5,-244.3,-248.3,-250.2,-249.0,-245.3,-241.0,-239.5,-240.7,-240.2,-243.9,-246.7,-248.3,-247.6,-245.3,-242.0,-240.9,-240.5,-240.0,-239.6,-239.5,-242.6,-242.1,-242.9,-244.7,-246.2,-246.8,-245.9,-244.2,-232.8,-236.9,-238.8,-237.3,-233.4,-229.3,-227.5,-228.5,-229.2,-232.6,-235.1,-236.4,-235.6,-233.6,-230.6,-229.3,-228.7,-228.5,-228.4,-228.3,-230.9,-230.3,-231.1,-232.9,-234.6,-235.2,-234.4,-232.6,1232.8,1233.7,1231.5,1227.5,1224.1,1222.9,1225.4,1229.3,1237.9,1236.1,1233.0,1229.4,1225.8,1223.0,1220.7,1221.3,1223.2,1226.1,1229.8,1234.0,1229.1,1227.4,1226.4,1226.8,1228.3,1230.1,1231.0,1230.7,1113.7,1115.2,1114.3,1111.4,1108.2,1106.6,1107.6,1110.7,1115.5,1114.6,1112.9,1110.7,1109.0,1108.2,1107.6,1106.1,1105.7,1106.6,1109.0,1112.3,1111.3,1110.0,1109.6,1110.3,1111.7,1113.0,1113.4,1112.7,33.4,-200.0,1167.4,-0.218,0.8740000000000001,0.207,338.2,335.3,334.0,334.2,334.7,335.1,334.6,333.2,336.7,344.6,356.4,368.1,378.4,386.1,390.7,393.5,396.3,332.7,332.9,334.4,335.9,337.1,343.9,350.6,358.2,365.5,371.7,339.0,335.3,331.4,327.6,328.8,329.7,331.4,335.4,339.2,334.1,335.3,337.8,339.7,336.7,334.2,351.2,354.9,358.8,362.7,358.1,354.2,331.2,329.4,330.2,331.8,334.7,341.3,349.9,340.9,334.0,331.0,329.2,329.3,331.6,330.4,331.9,334.8,347.6,334.8,331.9,330.5,248.1,255.8,263.8,272.0,279.6,285.8,289.7,291.8,291.9,291.3,290.0,286.9,281.1,272.5,261.6,250.1,238.7,233.8,227.6,224.7,223.3,223.5,220.4,217.0,216.1,217.7,222.4,228.8,233.7,238.4,243.5,251.9,252.2,252.3,251.0,250.0,238.0,234.0,233.0,235.1,236.5,237.7,230.9,226.9,226.5,228.6,230.1,230.8,268.2,262.7,259.6,259.7,258.3,260.1,263.4,266.5,267.8,268.8,269.2,269.5,267.5,263.0,262.5,261.5,263.5,263.6,264.4,264.9,25.8,20.1,17.6,17.8,18.7,19.3,17.8,15.0,21.1,35.0,55.9,76.5,94.8,108.6,116.9,122.4,127.9,14.8,15.1,17.8,20.3,22.3,34.4,46.2,59.5,72.3,82.7,25.5,18.7,11.5,4.6,7.0,8.5,11.5,18.5,25.3,17.4,19.6,24.1,27.3,22.0,17.3,47.4,53.9,60.6,67.1,59.2,52.5,11.5,7.9,9.4,12.1,17.3,28.9,44.1,28.1,16.0,10.8,7.6,7.8,12.1,9.7,12.4,17.5,40.1,17.4,12.4,9.8,-219.3,-203.2,-186.8,-170.1,-154.3,-140.9,-131.2,-124.6,-122.5,-122.4,-124.6,-130.0,-140.0,-155.5,-175.2,-196.3,-217.6,-243.8,-253.8,-256.2,-255.6,-252.2,-253.6,-258.2,-258.3,-253.7,-243.9,-239.5,-229.2,-219.0,-208.6,-196.9,-194.8,-193.3,-194.9,-196.1,-232.4,-238.3,-238.5,-232.6,-231.3,-230.7,-233.5,-239.9,-239.2,-234.1,-232.0,-232.2,-169.5,-177.0,-180.8,-179.6,-181.2,-177.2,-171.0,-165.4,-163.5,-162.8,-163.0,-164.5,-169.8,-174.8,-174.6,-175.3,-171.1,-171.6,-171.0,-171.4,1232.4,1226.3,1220.4,1214.9,1206.9,1193.4,1173.4,1149.0,1131.0,1121.1,1119.0,1117.5,1116.2,1117.1,1119.7,1123.1,1128.0,1215.3,1205.0,1190.7,1175.5,1161.7,1142.7,1135.7,1129.2,1121.5,1114.6,1148.4,1140.8,1133.2,1125.8,1145.3,1136.7,1128.9,1125.0,1121.4,1197.7,1189.4,1180.6,1171.2,1177.8,1186.5,1138.0,1133.4,1126.8,1120.9,1123.2,1129.7,1160.9,1144.5,1133.2,1126.4,1120.5,1115.6,1113.4,1112.3,1115.0,1121.8,1129.0,1142.8,1155.1,1133.2,1126.1,1119.9,1115.2,1119.1,1125.5,1132.9,0.5489999999999999,-0.381,0.858,0.1989999999999999,343.164,252.227,17.069000000000003,-38.709,2.596,-3.813,-1.6869999999999998,3.523,2.776,2.562,1.91,-1.928,1.348,-0.272,0.11,-0.758,0.252,-0.428,0.435,0.347,-0.618,-0.033,-0.031,-0.104,0.123,0.222,0.173,0.132,-0.055,-0.04,0.012,-0.011,0.001,-0.006,0.005,0.003,0.0,0.0,0.0,0.0,0.0,0.0,0.0,0.0,0.0,0.0,0.0,0.0,0.0,0.0,0.0,0.0,0.0,0.0,0.0,0.0,0.0,0.0,0.0,0.0,0.0,0.0,0.0,0.0,0.0,0.0,0.0,0.0,0.0,0.0,0.0
75,0,2.469,0.03,0,0.0,0.0,0.0,0.0,0.0,0.0,0.0,0.0,338.9,340.3,342.0,343.0,342.8,341.5,339.7,338.6,338.2,338.5,339.1,340.4,342.0,343.3,344.2,342.5,340.5,339.0,338.1,337.9,340.2,340.6,341.4,342.0,342.1,341.6,340.9,340.3,358.2,359.6,361.9,363.8,364.1,362.7,360.4,358.5,356.5,357.5,359.0,361.1,363.6,366.0,367.7,365.6,363.1,360.7,358.7,357.3,360.2,361.1,362.1,362.7,362.5,361.7,360.7,360.1,233.7,231.8,230.7,230.9,232.4,234.5,235.5,235.2,236.5,234.3,232.5,231.3,231.4,232.3,233.8,234.4,234.7,235.2,235.8,236.3,234.3,234.4,233.9,233.0,232.4,232.3,232.8,233.6,227.3,225.2,224.1,224.6,226.4,228.4,229.6,229.3,229.6,227.5,225.9,224.9,225.2,226.4,228.1,228.5,228.7,228.9,229.2,229.7,228.1,228.3,227.8,226.9,226.1,225.9,226.4,227.3,26.5,29.2,32.4,34.2,33.7,31.3,27.9,26.0,25.4,25.9,27.0,29.3,32.3,34.7,36.3,33.0,29.4,26.5,25.0,24.6,28.9,29.7,31.1,32.2,32.5,31.7,30.3,29.1,57.6,60.1,64.0,67.1,67.6,65.1,61.2,57.9,54.8,56.4,58.9,62.5,66.8,70.8,73.7,69.9,65.6,61.5,58.3,56.0,61.0,62.4,64.1,65.2,65.0,63.6,61.9,60.8,-241.3,-245.1,-246.9,-245.6,-242.0,-237.9,-236.4,-237.7,-237.0,-240.8,-243.6,-245.1,-244.3,-242.0,-238.6,-237.7,-237.5,-237.1,-236.7,-236.5,-239.5,-238.9,-239.7,-241.4,-242.9,-243.5,-242.7,-241.0,-230.4,-234.4,-236.1,-234.6,-230.8,-226.9,-225.1,-226.2,-226.7,-230.2,-232.7,-233.9,-233.0,-230.8,-227.7,-226.6,-226.2,-226.1,-226.1,-225.9,-228.4,-227.8,-228.6,-230.3,-231.9,-232.6,-231.8,-230.1,1201.6,1202.6,1200.4,1196.4,1193.0,1191.7,1194.1,1198.1,1206.7,1204.9,1201.9,1198.3,1194.7,1191.9,1189.5,1190.1,1192.0,1194.8,1198.5,1202.7,1197.9,1196.2,1195.3,1195.7,1197.2,1199.0,1199.9,1199.5,1091.7,1093.4,1092.5,1089.4,1086.1,1084.4,1085.4,1088.5,1093.4,1092.6,1091.0,1088.8,1087.0,1085.9,1085.2,1083.7,1083.4,1084.4,1086.9,1090.2,1089.2,1087.9,1087.5,1088.2,1089.7,1091.0,1091.4,1090.7,39.0,-193.9,1126.8,-0.263,0.88,0.252,342.6,339.6,338.0,337.7,337.8,338.0,337.1,335.4,338.9,347.1,359.3,371.2,381.7,389.6,394.4,397.7,401.0,336.7,337.1,338.8,340.3,341.5,348.9,355.9,363.6,371.1,377.2,343.5,339.4,335.1,330.9,332.1,332.9,334.5,338.8,342.9,338.0,339.5,342.1,343.9,340.7,338.0,355.8,359.8,363.7,367.5,362.9,358.9,334.6,332.6,333.6,335.2,338.5,345.5,354.6,344.8,337.2,333.9,332.0,332.1,335.0,333.6,335.3,338.5,352.2,338.3,335.1,333.5,247.5,255.7,264.4,273.1,281.1,287.4,291.4,293.3,293.3,292.8,291.5,288.2,282.2,273.3,262.1,250.4,238.8,232.5,225.9,222.9,221.4,221.5,218.7,215.5,214.9,216.7,221.7,227.1,232.1,237.0,242.2,250.9,251.1,251.2,250.0,249.0,236.4,232.4,231.4,233.6,234.9,236.1,229.7,225.7,225.3,227.6,228.9,229.5,268.0,262.1,259.0,259.0,257.6,259.5,263.2,266.5,267.8,268.8,269.2,269.5,267.4,262.2,261.7,260.8,263.3,263.6,264.5,265.0,33.5,27.5,24.3,23.7,23.7,23.7,21.7,18.3,24.1,37.9,58.8,79.1,96.9,110.5,119.0,125.1,131.3,21.8,22.4,25.2,27.6,29.4,41.9,53.8,66.9,79.3,89.2,32.5,25.2,17.5,10.3,12.6,13.7,16.5,23.7,30.8,23.9,26.4,30.9,33.9,28.5,23.8,53.8,60.5,66.9,73.1,65.2,58.8,17.1,13.4,14.9,17.7,23.2,35.0,50.5,33.7,20.9,15.4,12.1,12.5,17.7,15.0,17.8,23.2,46.5,22.9,17.5,14.9,-213.4,-196.7,-179.4,-162.2,-146.2,-132.9,-123.4,-117.4,-115.5,-115.4,-117.4,-122.7,-132.8,-148.2,-167.7,-188.5,-209.5,-238.3,-248.3,-250.9,-250.3,-247.0,-247.8,-251.7,-251.4,-246.4,-236.3,-234.3,-223.9,-213.8,-203.3,-191.8,-189.7,-188.1,-189.7,-190.8,-227.3,-233.1,-233.2,-227.3,-226.2,-225.8,-227.5,-233.6,-232.8,-227.5,-225.9,-226.2,-164.2,-172.0,-175.7,-174.4,-175.9,-171.8,-165.2,-159.4,-157.6,-156.8,-157.1,-158.7,-164.4,-170.0,-169.7,-170.4,-165.2,-165.4,-164.8,-165.1,1192.7,1186.4,1180.1,1173.9,1165.0,1150.9,1130.9,1106.7,1088.9,1079.1,1077.2,1075.8,1074.3,1074.9,1077.6,1081.3,1086.5,1174.8,1164.6,1150.6,1135.5,1121.9,1102.7,1095.8,1089.2,1081.6,1074.8,1108.2,1100.6,1092.8,1085.3,1105.2,1096.2,1088.1,1084.1,1080.7,1156.7,1148.7,1140.1,1130.8,1137.3,1145.8,1098.2,1093.6,1087.0,1080.9,1083.3,1089.8,1122.0,1105.3,1093.4,1086.3,1080.2,1075.3,1073.2,1071.8,1074.3,1081.2,1088.7,1103.1,1116.4,1093.2,1086.0,1079.6,1074.9,1078.5,1085.0,1092.7,0.569,-0.423,0.858,0.239,346.99300000000005,251.742,11.261,-33.032,7.654,-3.677,-1.824,6.349,2.949,2.687,1.921,-2.7230000000000003,0.465,0.25,-0.332,-0.6,0.737,-0.305,0.564,-0.035,-0.492,-0.264,0.151,-0.196,-0.187,0.062,0.035,0.035,0.0069999999999999,-0.035,0.009,-0.01,0.026,-0.013,0.001,0.006,0.0,0.0,0.0,0.0,0.0,0.0,0.0,0.0,0.0,0.0,0.0,0.0,0.0,0.0,0.0,0.0,0.0,0.0,0.0,0.0,0.0,0.0,0.0,0.0,0.0,0.0,0.0,0.0,0.0,0.0,0.0,0.0,0.0,0.0,0.0
76,0,2.503,0.03,0,0.0,0.0,0.0,0.0,0.0,0.0,0.0,0.0,340.6,342.3,344.3,345.6,345.4,343.9,341.7,340.4,339.5,340.1,341.0,342.7,344.6,346.0,346.9,344.9,342.7,340.8,339.7,339.2,342.1,342.7,343.6,344.3,344.4,343.9,343.0,342.2,364.0,365.6,368.2,370.2,370.5,368.9,366.3,364.1,361.9,363.1,364.9,367.4,370.1,372.5,374.2,371.9,369.2,366.6,364.4,362.8,366.1,367.0,368.1,368.9,368.7,367.8,366.7,366.0,231.0,229.1,227.9,228.3,229.9,232.0,233.0,232.6,233.9,231.6,229.7,228.5,228.7,229.8,231.6,232.1,232.2,232.7,233.2,233.8,231.7,231.9,231.4,230.5,229.8,229.7,230.2,231.0,225.8,223.6,222.6,223.3,225.4,227.5,228.5,228.0,228.1,226.0,224.3,223.4,224.0,225.5,227.5,227.8,227.8,227.8,228.0,228.3,226.9,227.2,226.7,225.8,224.9,224.6,225.1,226.0,27.2,30.1,33.6,35.7,35.1,32.5,28.8,26.7,25.3,26.3,27.9,30.6,33.8,36.2,37.7,34.3,30.5,27.4,25.5,24.8,29.7,30.6,32.1,33.4,33.6,32.7,31.2,29.9,62.5,65.3,69.4,72.4,72.7,70.0,65.9,62.6,59.4,61.3,64.0,67.8,72.0,75.9,78.6,74.7,70.4,66.3,63.0,60.6,65.9,67.2,69.0,70.2,70.1,68.7,66.9,65.8,-224.4,-228.0,-229.6,-228.2,-224.6,-220.7,-219.5,-220.9,-220.3,-224.1,-226.8,-228.2,-227.1,-224.6,-221.1,-220.3,-220.3,-220.1,-219.9,-219.7,-222.5,-221.8,-222.5,-224.1,-225.6,-226.3,-225.6,-224.0,-215.5,-219.3,-220.7,-218.9,-215.0,-211.2,-209.8,-211.2,-212.1,-215.4,-217.7,-218.6,-217.3,-214.8,-211.4,-210.6,-210.5,-210.7,-210.9,-211.1,-213.2,-212.5,-213.1,-214.7,-216.4,-217.2,-216.6,-214.9,1094.0,1095.2,1093.3,1089.5,1086.0,1084.5,1086.6,1090.5,1098.9,1097.3,1094.4,1091.1,1087.7,1085.0,1082.8,1083.1,1084.6,1087.2,1090.8,1094.9,1090.5,1088.9,1088.1,1088.6,1090.1,1091.8,1092.6,1092.1,1009.6,1011.3,1010.4,1007.5,1004.2,1002.5,1003.4,1006.4,1011.3,1010.5,1008.9,1006.8,1005.1,1004.2,1003.5,1001.9,1001.5,1002.4,1004.8,1008.1,1007.2,1005.9,1005.5,1006.2,1007.7,1008.9,1009.3,1008.6,37.7,-175.6,1018.3,-0.364,0.81,0.365,342.3,338.3,335.8,334.6,333.6,333.0,331.7,330.2,334.8,344.6,358.7,372.3,384.3,393.5,399.5,403.9,408.5,337.9,339.4,342.0,344.2,346.1,355.3,363.2,371.5,379.1,384.9,347.8,343.1,338.1,333.2,332.9,333.9,335.9,340.6,345.1,339.1,341.5,344.6,346.6,342.9,339.6,361.2,365.8,370.2,374.0,369.0,364.6,332.3,331.5,333.4,335.4,339.3,346.7,355.8,345.0,336.7,332.7,330.3,330.0,333.0,332.9,335.1,338.9,353.1,338.3,334.4,332.4,247.1,255.9,265.2,274.7,283.4,290.2,294.3,296.0,296.3,296.4,296.0,293.3,287.4,278.2,266.5,254.0,241.8,229.4,222.2,218.8,217.3,217.6,215.4,212.5,212.5,215.0,220.9,224.1,229.2,234.1,239.5,249.4,249.8,250.1,249.1,248.3,233.8,229.5,228.7,231.3,232.5,233.5,228.2,224.2,224.1,227.0,228.0,228.3,268.4,261.8,258.5,258.8,257.5,260.2,265.1,267.4,267.8,268.6,268.9,269.4,267.8,262.2,261.8,261.0,264.9,263.4,264.1,264.5,29.8,22.9,18.4,16.2,14.5,13.2,11.0,8.2,15.2,30.2,51.9,72.8,91.3,105.5,115.1,122.5,130.3,21.9,24.2,28.2,31.5,34.0,48.0,60.2,72.8,84.1,92.4,36.4,28.6,20.5,12.7,12.5,14.0,17.0,24.3,31.2,23.6,27.2,32.2,35.2,29.3,24.2,57.2,64.1,70.5,76.1,68.4,62.0,11.7,10.4,13.1,16.1,22.2,33.4,47.4,30.7,18.0,11.9,8.3,7.9,12.8,12.4,15.6,21.5,43.3,20.5,14.7,11.6,-195.0,-178.7,-161.8,-144.7,-128.9,-115.8,-106.9,-101.5,-99.3,-98.1,-98.6,-102.6,-111.6,-126.0,-144.6,-164.5,-184.5,-221.7,-231.9,-234.5,-233.7,-230.1,-229.5,-232.5,-231.0,-225.3,-214.7,-216.7,-206.9,-197.5,-187.7,-175.6,-173.4,-171.6,-172.5,-173.1,-210.5,-216.1,-215.8,-209.7,-209.0,-209.0,-208.1,-213.5,-212.2,-206.4,-205.4,-206.3,-147.6,-155.8,-159.1,-157.6,-158.6,-153.7,-145.9,-142.1,-141.7,-141.5,-142.1,-143.3,-147.8,-153.4,-152.8,-153.0,-146.3,-149.1,-149.0,-149.6,1086.1,1079.6,1073.2,1067.0,1057.6,1043.1,1022.6,997.8,979.7,970.0,968.4,967.6,967.2,968.8,972.0,976.0,981.6,1067.7,1058.0,1044.6,1030.0,1016.6,997.9,991.3,984.9,977.2,970.4,1002.6,994.7,986.8,979.2,998.2,989.5,981.6,977.9,974.6,1049.2,1041.7,1033.4,1024.6,1030.6,1038.8,992.8,988.4,982.0,976.2,978.4,984.7,1013.6,997.5,986.2,979.1,973.2,968.5,966.3,964.7,966.9,973.6,981.0,994.9,1008.1,985.8,978.6,972.5,967.9,971.2,977.5,985.1,0.63,-0.523,0.7909999999999999,0.35,348.526,251.514,5.6370000000000005,-29.799,2.143,-6.744,-4.534,6.138,1.365,0.964,2.428,-0.268,-0.596,-0.513,-0.498,-0.407,0.767,-0.705,0.708,-0.032,-0.256,-0.474,0.104,-0.165,-0.312,-0.085,0.099,0.084,0.095,-0.0289999999999999,-0.017,-0.02,0.018,0.0069999999999999,0.0139999999999999,0.003,0.0,0.0,0.0,0.0,0.0,0.0,0.0,0.0,0.0,0.0,0.0,0.0,0.0,0.0,0.0,0.0,0.0,0.0,0.0,0.0,0.0,0.0,0.0,0.0,0.0,0.0,0.0,0.0,0.0,0.0,0.0,0.0,0.0,0.0,0.0
77,0,2.536,0.57,0,0.0,0.0,0.0,0.0,0.0,0.0,0.0,0.0,343.5,345.3,347.5,348.6,348.2,346.5,344.2,343.0,342.4,343.0,344.0,345.6,347.5,348.8,349.6,347.5,345.1,343.3,342.2,342.0,344.9,345.4,346.3,347.1,347.4,346.8,345.9,345.1,367.3,369.3,372.1,374.2,374.3,372.4,369.6,367.3,365.0,366.5,368.5,371.1,373.9,376.5,378.2,375.6,372.7,369.9,367.6,365.9,369.6,370.5,371.7,372.6,372.5,371.6,370.4,369.5,228.9,226.8,225.7,226.2,228.0,230.3,231.2,230.7,231.9,229.4,227.4,226.2,226.6,227.9,230.0,230.5,230.6,231.0,231.4,231.9,229.7,230.0,229.5,228.6,227.8,227.6,228.1,229.0,225.1,222.9,222.0,222.9,225.2,227.5,228.4,227.7,227.5,225.2,223.5,222.8,223.6,225.4,227.7,228.1,227.9,227.8,227.8,227.9,226.5,226.9,226.5,225.5,224.5,224.1,224.5,225.5,29.9,32.9,36.2,38.0,37.1,34.3,30.8,29.0,28.3,29.3,30.7,33.2,36.1,38.2,39.2,35.9,32.3,29.4,27.8,27.4,32.0,32.8,34.3,35.6,36.0,35.2,33.7,32.4,62.6,65.5,69.7,72.5,72.5,69.6,65.5,62.3,59.3,61.3,64.2,67.9,72.0,75.6,78.1,74.2,69.8,65.8,62.6,60.3,65.7,67.0,68.8,70.0,70.1,68.8,67.0,65.7,-212.0,-215.5,-216.8,-215.1,-211.5,-207.6,-206.7,-208.3,-208.1,-211.9,-214.5,-215.6,-214.2,-211.4,-207.7,-207.0,-207.2,-207.2,-207.2,-207.3,-209.8,-209.1,-209.6,-211.2,-212.7,-213.5,-212.9,-211.4,-199.4,-203.0,-204.1,-202.0,-198.0,-194.4,-193.3,-195.0,-196.2,-199.4,-201.6,-202.2,-200.6,-197.7,-194.1,-193.3,-193.5,-193.9,-194.4,-194.9,-196.8,-195.9,-196.4,-198.0,-199.7,-200.6,-200.2,-198.6,1016.4,1017.3,1015.0,1011.1,1007.7,1006.7,1009.1,1013.1,1021.6,1019.9,1016.8,1013.1,1009.5,1006.7,1004.4,1005.0,1006.9,1009.8,1013.5,1017.7,1012.8,1011.1,1010.2,1010.5,1012.0,1013.7,1014.7,1014.3,929.5,931.0,929.9,927.0,923.8,922.4,923.4,926.5,931.4,930.5,928.9,926.6,924.7,923.8,923.1,921.7,921.3,922.4,924.8,928.2,927.1,925.8,925.3,926.0,927.4,928.7,929.1,928.5,37.9,-166.1,961.1,-0.387,0.833,0.437,346.2,341.5,338.3,336.4,335.1,334.0,332.3,330.2,334.5,344.6,359.3,373.7,386.4,396.2,403.0,408.4,413.8,341.5,343.2,345.6,347.6,349.2,358.7,367.1,375.9,383.8,389.5,350.4,345.0,339.2,333.6,333.4,334.4,336.3,341.1,345.7,342.1,344.4,347.6,349.2,345.4,342.1,364.3,369.3,374.0,378.0,372.4,367.7,332.2,331.3,333.0,334.8,338.7,346.0,355.4,343.9,335.4,331.6,329.4,329.4,332.8,332.4,334.4,338.1,352.5,337.3,333.7,331.8,244.9,254.2,264.1,274.2,283.6,291.0,295.6,297.7,298.2,298.7,298.5,296.0,290.1,280.6,268.6,255.9,243.3,226.1,218.8,215.6,214.2,214.8,213.1,210.7,211.1,214.2,220.8,222.3,227.5,232.5,237.9,248.6,249.2,249.7,248.9,248.4,231.8,227.2,226.6,229.6,230.9,231.7,227.6,223.4,223.7,227.2,228.1,228.1,268.7,261.9,258.4,258.9,257.8,261.3,266.9,268.6,268.6,269.1,269.2,269.6,268.1,262.6,262.4,261.9,266.5,263.6,264.0,264.2,34.6,26.8,21.5,18.4,16.1,14.2,11.3,7.8,13.9,28.5,49.7,70.5,88.8,103.0,113.2,121.4,130.0,26.5,28.9,32.3,34.9,36.8,50.3,62.4,74.8,85.6,93.3,38.2,29.8,21.0,12.6,12.6,14.0,16.7,23.6,30.2,27.0,30.3,35.0,37.2,31.5,26.8,58.3,65.5,71.9,77.2,69.2,62.9,11.0,9.4,11.8,14.4,19.9,30.4,43.9,27.3,15.1,9.7,6.4,6.6,11.7,10.9,13.8,19.1,39.8,18.0,12.7,10.0,-188.3,-172.1,-155.1,-138.0,-121.9,-108.4,-99.2,-93.5,-91.0,-89.2,-89.2,-92.7,-101.1,-114.9,-132.7,-151.6,-170.8,-215.1,-224.5,-226.5,-225.1,-221.1,-219.2,-221.0,-218.8,-212.4,-201.3,-206.6,-197.3,-188.3,-179.0,-166.8,-164.4,-162.3,-162.6,-162.8,-202.3,-207.8,-206.9,-200.3,-199.8,-200.2,-196.6,-201.6,-199.8,-193.3,-192.6,-194.0,-138.8,-146.8,-150.1,-148.3,-149.0,-143.1,-134.5,-132.0,-132.5,-132.7,-133.6,-134.9,-139.0,-143.9,-143.1,-142.8,-135.4,-140.3,-140.6,-141.5,1028.8,1023.0,1017.2,1011.3,1002.6,988.6,968.7,944.5,926.1,915.6,913.0,911.1,909.6,910.2,912.6,915.8,920.6,1010.1,1000.0,986.2,971.3,957.8,938.2,931.0,924.2,916.3,909.4,943.8,936.5,929.2,922.1,941.2,932.8,925.1,921.0,917.4,992.3,984.3,975.3,966.2,972.8,981.5,933.4,928.5,921.7,915.8,918.2,924.9,956.7,940.7,929.4,922.6,916.8,911.7,909.2,908.4,911.3,918.0,925.2,938.7,951.0,929.2,922.3,916.1,910.9,915.2,921.4,928.7,0.6679999999999999,-0.544,0.81,0.418,350.084,251.294,9.28,-28.177,-2.297,-4.349,-2.9610000000000003,2.214,-1.705,-0.868,1.398,-0.507,0.489,0.698,-0.195,-0.996,0.015,-0.547,0.8109999999999999,0.612,-0.025,-0.4529999999999999,-0.151,0.099,-0.251,0.266,0.1,0.25,0.01,0.001,0.018,0.003,0.017,-0.001,0.019,0.004,0.0,0.0,0.0,0.0,0.0,0.0,0.0,0.0,0.0,0.0,0.0,0.0,0.0,0.0,0.0,0.0,0.0,0.0,0.0,0.0,0.0,0.0,0.0,0.0,0.0,0.0,0.0,0.0,0.0,0.0,0.0,0.0,0.0,0.0,0.0
78,0,2.569,0.57,0,0.0,0.0,0.0,0.0,0.0,0.0,0.0,0.0,346.3,348.3,350.4,351.4,350.7,348.9,346.6,345.6,345.5,346.1,346.9,348.4,350.1,351.4,352.0,349.8,347.5,345.7,344.8,344.8,347.6,348.0,348.9,349.8,350.1,349.7,348.7,347.9,369.5,371.6,374.6,376.7,376.7,374.6,371.6,369.3,367.1,368.6,370.7,373.4,376.4,379.0,380.7,377.9,374.7,371.8,369.5,367.8,371.8,372.7,374.0,374.9,374.9,374.0,372.7,371.8,226.3,224.1,222.9,223.5,225.5,228.0,228.9,228.3,229.4,226.7,224.6,223.4,223.9,225.5,227.8,228.4,228.5,228.8,229.2,229.6,227.3,227.6,227.1,226.1,225.2,225.0,225.5,226.4,223.3,221.0,220.1,221.2,223.7,226.1,226.9,226.1,225.9,223.4,221.6,220.8,221.8,223.8,226.5,226.9,226.7,226.6,226.4,226.5,224.9,225.4,225.0,224.0,222.9,222.4,222.8,223.8,32.3,35.3,38.4,39.8,38.6,35.8,32.6,31.2,31.3,32.1,33.2,35.3,37.9,39.6,40.4,37.2,33.7,31.2,30.0,30.0,34.1,34.7,36.1,37.4,37.9,37.3,35.9,34.6,61.9,65.0,69.0,71.7,71.4,68.4,64.4,61.5,58.7,60.8,63.5,67.2,71.0,74.6,76.8,72.9,68.6,64.6,61.6,59.5,64.9,66.0,67.8,69.1,69.2,68.1,66.3,65.0,-202.9,-206.4,-207.6,-205.8,-202.1,-198.2,-197.5,-199.2,-199.3,-203.0,-205.6,-206.5,-204.9,-201.9,-198.0,-197.3,-197.6,-197.7,-197.9,-198.2,-200.6,-199.8,-200.3,-201.9,-203.5,-204.2,-203.7,-202.2,-190.2,-193.8,-194.7,-192.4,-188.3,-184.8,-183.9,-185.7,-187.1,-190.4,-192.5,-193.0,-191.1,-188.1,-184.3,-183.5,-183.6,-184.2,-184.9,-185.6,-187.5,-186.5,-186.9,-188.5,-190.2,-191.2,-190.8,-189.3,954.4,954.9,952.3,948.3,945.1,944.4,947.2,951.3,959.9,958.0,954.7,950.8,946.9,944.0,941.7,942.6,944.8,947.9,951.8,956.0,950.7,949.0,947.9,948.0,949.4,951.2,952.3,952.1,875.1,876.3,875.0,872.0,869.0,867.7,869.0,872.3,877.2,876.3,874.5,872.0,869.9,868.9,868.1,866.8,866.7,867.9,870.5,874.0,872.6,871.3,870.7,871.3,872.6,873.9,874.5,873.9,38.1,-158.3,912.4,-0.392,0.887,0.481,350.9,345.8,342.3,340.1,338.3,336.7,334.4,331.4,335.0,345.1,360.2,375.2,388.4,398.5,406.0,412.0,417.9,345.1,346.4,348.4,349.8,351.0,360.3,369.1,378.3,386.6,392.7,352.0,346.0,339.7,333.5,334.0,334.8,336.6,341.2,345.8,345.2,347.2,350.3,351.6,347.8,344.7,366.3,371.6,376.4,380.5,374.5,369.7,333.0,331.6,333.0,334.6,338.2,345.3,354.6,343.1,334.8,331.4,329.4,329.7,333.3,332.4,334.2,337.6,351.6,336.9,333.5,331.9,242.3,252.4,263.1,273.8,283.9,292.0,297.2,299.8,300.4,301.1,300.7,297.9,291.7,281.7,269.2,256.0,242.7,222.6,215.2,212.1,210.9,211.8,210.3,208.0,208.5,212.0,219.1,220.0,225.6,231.1,236.9,248.1,248.9,249.5,248.8,248.3,229.3,224.5,223.9,227.4,228.7,229.5,225.9,221.5,221.9,226.0,226.9,226.8,269.5,262.5,259.0,259.7,258.6,262.4,268.4,269.8,269.8,270.2,270.2,270.5,268.7,263.6,263.5,263.1,267.8,264.2,264.5,264.6,40.3,32.2,26.7,23.2,20.2,17.5,13.8,9.1,14.0,27.7,48.5,68.8,86.5,100.4,110.8,119.2,127.9,30.6,32.4,34.8,36.3,37.4,49.8,61.6,73.8,84.5,92.2,38.3,29.6,20.6,11.8,12.8,13.9,16.1,22.5,28.8,30.3,33.0,37.2,38.7,33.4,29.2,58.0,64.9,71.1,76.2,68.2,62.0,11.6,9.3,11.2,13.3,18.3,27.9,40.5,24.8,13.5,8.8,6.1,6.7,11.9,10.3,12.8,17.4,36.5,16.5,11.9,9.7,-183.4,-166.7,-149.3,-132.0,-115.6,-101.8,-92.1,-86.0,-83.4,-81.4,-81.5,-85.0,-93.3,-106.9,-124.1,-142.6,-161.4,-209.9,-218.7,-220.1,-218.1,-213.6,-210.9,-212.3,-209.8,-203.1,-191.8,-198.8,-189.4,-180.4,-171.0,-158.9,-156.3,-154.1,-154.2,-154.2,-196.0,-201.4,-200.2,-193.0,-192.6,-193.4,-188.1,-193.1,-190.9,-184.0,-183.2,-185.0,-130.7,-138.3,-141.5,-139.5,-140.1,-134.0,-125.3,-123.4,-124.0,-124.4,-125.4,-126.8,-130.9,-135.1,-134.2,-133.8,-126.3,-132.1,-132.6,-133.6,979.5,974.3,968.8,963.1,954.7,941.2,922.1,898.6,879.9,868.8,864.9,861.7,859.0,858.3,859.8,861.9,865.7,960.6,949.8,935.4,920.2,906.5,886.2,878.3,871.0,862.8,855.9,893.0,886.5,879.9,873.4,892.6,884.4,876.9,872.3,868.3,943.0,934.5,925.1,915.9,922.8,932.2,881.9,876.5,869.3,863.3,866.0,873.2,907.7,892.2,881.2,874.6,868.7,863.3,860.1,860.6,864.3,871.0,878.1,890.9,901.9,881.3,874.5,868.3,862.1,867.7,874.0,881.0,0.705,-0.547,0.858,0.457,351.555,250.827,9.317,-26.741,-6.244,-1.196,-0.239,0.972,-1.786,-1.619,2.315,-0.8859999999999999,1.354,1.334,-0.96,-0.588,0.315,-0.311,0.883,1.052,-0.263,-0.674,-0.115,-0.086,-0.228,0.397,0.142,0.252,-0.062,0.009,0.022,-0.018,0.003,-0.009,0.021,0.001,0.0,0.0,0.0,0.0,0.0,0.0,0.0,0.0,0.0,0.0,0.0,0.0,0.0,0.0,0.0,0.0,0.0,0.0,0.0,0.0,0.0,0.0,0.0,0.0,0.0,0.0,0.0,0.0,0.0,0.0,0.0,0.0,0.0,0.0,0.0
79,0,2.603,0.03,0,0.0,0.0,0.0,0.0,0.0,0.0,0.0,0.0,346.7,348.7,350.8,351.8,351.0,349.2,346.9,345.9,346.0,346.6,347.3,348.7,350.5,351.7,352.3,350.1,347.7,345.9,345.1,345.2,348.0,348.4,349.3,350.2,350.5,350.1,349.2,348.3,369.6,371.8,375.0,377.2,377.2,375.0,371.8,369.4,367.0,368.7,370.9,373.8,376.8,379.6,381.3,378.4,375.1,372.0,369.6,367.9,372.0,373.0,374.3,375.3,375.3,374.3,373.0,372.0,225.0,222.7,221.5,222.2,224.4,227.1,228.0,227.2,228.2,225.4,223.2,222.0,222.7,224.4,226.9,227.6,227.7,228.0,228.3,228.5,226.2,226.5,226.0,225.0,224.0,223.7,224.2,225.2,222.7,220.2,219.3,220.6,223.3,225.8,226.7,225.7,225.4,222.7,220.8,220.1,221.2,223.4,226.2,226.7,226.6,226.4,226.2,226.1,224.4,225.0,224.6,223.5,222.3,221.8,222.2,223.3,31.5,34.4,37.3,38.6,37.4,34.7,31.6,30.3,30.8,31.4,32.4,34.3,36.7,38.3,39.1,35.9,32.6,30.1,29.1,29.4,33.2,33.8,35.0,36.3,36.8,36.3,35.0,33.7,59.1,62.1,66.2,68.9,68.6,65.6,61.6,58.7,55.8,57.9,60.7,64.3,68.2,71.7,74.0,70.1,65.7,61.8,58.8,56.7,62.1,63.2,65.0,66.3,66.4,65.2,63.5,62.2,-196.0,-199.5,-200.6,-198.7,-194.9,-191.0,-190.3,-192.2,-192.6,-196.3,-198.7,-199.6,-197.8,-194.6,-190.6,-189.9,-190.2,-190.5,-190.8,-191.4,-193.6,-192.8,-193.2,-194.7,-196.4,-197.3,-196.8,-195.3,-181.8,-185.4,-186.3,-183.9,-179.8,-176.2,-175.3,-177.3,-178.8,-182.1,-184.2,-184.5,-182.7,-179.6,-175.8,-174.8,-175.0,-175.5,-176.3,-177.2,-179.1,-178.0,-178.4,-180.0,-181.8,-182.8,-182.4,-180.9,913.5,913.7,911.0,906.9,903.9,903.5,906.5,910.5,919.2,917.1,913.7,909.6,905.7,902.8,900.6,901.6,903.9,907.2,911.1,915.4,909.8,908.0,906.9,906.9,908.2,910.0,911.2,911.1,833.0,834.1,832.8,829.9,827.0,825.8,827.1,830.3,835.3,834.2,832.3,829.8,827.9,826.9,826.2,825.0,824.8,826.0,828.6,832.0,830.6,829.3,828.7,829.2,830.5,831.8,832.4,831.9,37.1,-152.5,881.8,-0.351,0.917,0.471,352.5,347.2,343.6,341.3,339.6,338.2,336.0,332.8,336.1,345.9,361.1,376.1,389.4,399.7,407.6,414.0,420.3,345.7,346.8,348.3,349.4,350.3,359.6,368.8,378.5,387.5,394.2,351.5,345.3,338.8,332.4,333.6,334.4,336.0,340.8,345.5,345.8,347.6,350.6,351.9,348.0,344.9,366.3,371.8,376.8,381.2,374.9,369.8,333.4,331.4,332.6,334.2,337.7,345.1,354.9,342.9,334.5,331.1,329.1,329.7,333.6,332.1,333.8,337.2,351.8,336.6,333.2,331.6,240.1,250.8,261.9,273.2,283.9,292.9,299.2,302.7,303.6,304.1,303.4,300.1,293.3,282.7,269.7,256.0,242.2,220.4,212.7,209.6,208.7,209.8,208.5,206.2,206.9,210.8,218.4,219.2,225.1,230.9,237.1,248.5,249.5,250.2,249.5,249.1,228.0,223.1,222.6,226.6,227.9,228.6,225.4,220.8,221.3,225.7,226.8,226.5,270.6,263.6,260.0,260.9,259.7,263.8,270.0,271.9,272.0,272.4,272.3,272.2,269.9,264.8,264.8,264.4,269.4,266.2,266.5,266.4,41.4,33.3,27.7,24.2,21.5,19.1,15.7,10.8,15.0,27.9,48.0,67.7,84.9,98.3,108.8,117.4,126.2,30.6,31.8,33.4,34.4,35.2,46.9,58.9,71.2,82.4,90.6,36.3,27.7,18.7,9.9,11.8,12.7,14.8,21.1,27.4,30.2,32.5,36.4,37.8,32.6,28.6,55.8,62.9,69.0,74.2,66.1,59.9,11.8,8.8,10.3,12.3,17.0,26.6,39.5,23.7,12.6,8.1,5.5,6.5,12.0,9.6,11.9,16.3,35.5,15.4,11.0,9.0,-180.7,-163.7,-146.3,-128.7,-111.9,-97.4,-86.5,-79.4,-76.5,-74.7,-75.3,-79.3,-87.9,-101.8,-118.9,-137.3,-156.1,-206.4,-215.0,-216.0,-213.6,-208.7,-205.5,-206.6,-203.9,-196.8,-185.3,-192.8,-183.3,-174.2,-164.7,-152.9,-150.1,-147.8,-147.9,-147.8,-191.4,-196.6,-195.1,-187.6,-187.2,-188.2,-182.0,-186.9,-184.5,-177.5,-176.6,-178.5,-124.9,-132.3,-135.4,-133.2,-133.7,-127.6,-118.8,-116.4,-116.9,-117.3,-118.4,-120.3,-125.0,-129.0,-127.9,-127.4,-119.9,-125.0,-125.6,-126.7,948.1,943.2,938.0,932.6,924.8,912.1,894.0,871.1,852.5,841.2,836.8,833.0,829.4,827.8,828.6,830.1,833.2,929.5,918.3,903.4,887.9,874.1,853.0,845.0,837.5,829.6,823.2,861.0,854.9,848.7,842.7,862.5,854.3,846.6,841.9,837.9,912.0,903.1,893.4,884.1,891.4,901.1,849.9,844.3,836.8,831.0,833.7,841.0,878.5,862.7,851.5,844.9,838.9,833.4,830.4,831.1,835.0,841.9,849.0,861.9,872.6,851.8,845.0,838.7,832.5,838.1,844.6,851.7,0.73,-0.508,0.885,0.447,351.837,251.11900000000003,8.312000000000001,-27.346,-4.612,2.091,2.013,-0.623,-2.653,-1.514,1.6840000000000002,-1.98,0.2269999999999999,1.632,-2.395,-0.254,1.146,-0.478,0.765,1.097,-0.589,-0.6659999999999999,-0.365,-0.191,-0.5479999999999999,0.122,0.151,0.132,-0.188,0.051,0.046,-0.006,0.013,-0.013,0.021,0.0069999999999999,0.0,0.0,0.0,0.0,0.0,0.0,0.0,0.0,0.0,0.0,0.0,0.0,0.0,0.0,0.0,0.0,0.0,0.0,0.0,0.0,0.0,0.0,0.0,0.0,0.0,0.0,0.0,0.0,0.0,0.0,0.0,0.0,0.0,0.0,0.0
80,0,2.636,0.03,0,0.0,0.0,0.0,0.0,0.0,0.0,0.0,0.0,346.5,348.4,350.5,351.4,350.7,348.9,346.7,345.7,346.0,346.4,347.1,348.4,350.2,351.4,352.0,349.8,347.4,345.6,344.9,345.1,347.7,348.2,349.1,349.9,350.2,349.8,348.9,348.1,369.0,371.2,374.4,376.8,376.8,374.6,371.3,368.8,366.3,368.0,370.2,373.2,376.4,379.3,381.1,378.1,374.7,371.5,369.0,367.2,371.4,372.5,373.9,374.8,374.8,373.8,372.4,371.4,224.5,222.0,220.8,221.5,223.9,226.6,227.6,226.9,227.8,224.8,222.5,221.3,221.9,223.8,226.5,227.3,227.5,227.8,228.1,228.3,225.7,226.0,225.5,224.4,223.4,223.0,223.6,224.7,221.9,219.2,218.2,219.6,222.4,225.1,226.1,225.0,224.7,221.8,219.8,219.1,220.2,222.4,225.4,226.1,226.1,225.9,225.7,225.5,223.7,224.2,223.8,222.6,221.4,220.8,221.2,222.4,30.2,32.9,35.7,36.9,35.8,33.2,30.2,29.1,29.7,30.3,31.0,32.8,35.1,36.7,37.4,34.3,31.1,28.8,27.9,28.3,31.8,32.4,33.6,34.8,35.3,34.8,33.5,32.3,56.0,58.9,62.9,65.6,65.5,62.6,58.6,55.6,52.8,54.8,57.5,61.1,65.0,68.6,70.9,67.0,62.6,58.7,55.7,53.6,59.0,60.2,61.9,63.2,63.2,62.0,60.3,59.0,-190.4,-194.0,-195.1,-193.1,-189.3,-185.3,-184.6,-186.5,-187.1,-190.8,-193.3,-194.1,-192.3,-189.1,-184.9,-184.1,-184.3,-184.5,-184.9,-185.6,-188.0,-187.1,-187.6,-189.2,-190.9,-191.7,-191.2,-189.7,-175.8,-179.5,-180.4,-178.1,-173.8,-170.2,-169.3,-171.3,-172.8,-176.2,-178.3,-178.7,-176.8,-173.8,-170.0,-168.8,-168.8,-169.3,-170.1,-171.0,-173.1,-172.1,-172.5,-174.1,-175.9,-176.9,-176.5,-174.9,884.1,884.1,881.3,877.2,874.3,874.0,877.1,881.2,889.8,887.7,884.2,880.1,876.1,873.2,871.0,872.2,874.5,877.8,881.8,886.0,880.3,878.6,877.3,877.4,878.6,880.4,881.6,881.6,800.7,801.7,800.3,797.4,794.7,793.7,795.0,798.1,803.0,801.9,800.0,797.5,795.5,794.6,794.0,792.8,792.6,793.8,796.4,799.8,798.4,797.1,796.5,796.9,798.1,799.4,800.0,799.6,35.8,-147.1,853.6,-0.317,0.95,0.4479999999999999,353.0,347.7,344.1,341.9,340.3,339.1,337.2,334.2,337.4,347.1,362.1,377.1,390.2,400.6,408.9,415.5,422.0,345.7,346.6,347.7,348.6,349.4,358.5,368.0,378.2,387.6,394.7,350.6,344.5,338.0,331.6,333.1,334.0,335.6,340.4,345.1,345.8,347.4,350.4,351.5,347.8,344.7,365.6,371.2,376.4,381.0,374.4,369.2,333.6,331.2,332.1,333.6,336.9,344.4,354.6,342.5,334.1,330.9,329.0,329.7,333.8,331.8,333.4,336.5,351.4,336.1,332.9,331.4,239.3,250.4,261.8,273.4,284.5,294.0,301.1,305.5,306.6,306.9,305.6,301.6,294.1,282.8,269.3,255.0,240.6,219.0,211.0,207.5,206.5,207.8,206.1,203.6,204.3,208.6,216.8,218.4,224.8,230.9,237.5,249.3,250.4,251.1,250.4,249.9,227.6,222.4,221.9,226.1,227.7,228.5,224.7,219.7,220.3,224.8,226.3,226.0,272.3,265.1,261.3,262.2,260.9,265.1,271.6,274.3,274.8,275.3,275.2,274.7,271.6,266.4,266.4,266.0,271.0,268.6,268.9,268.8,40.9,33.0,27.5,24.3,21.9,19.9,16.9,12.3,16.3,28.6,47.8,66.6,83.0,96.0,106.5,115.1,123.7,29.7,30.6,31.6,32.2,32.8,43.8,55.8,68.3,79.6,87.8,33.9,25.6,16.9,8.5,10.8,11.8,13.9,19.9,25.8,29.1,31.1,34.9,36.0,31.2,27.4,52.9,59.8,65.9,71.3,63.2,57.0,11.6,8.2,9.3,11.1,15.4,24.9,37.7,22.4,11.7,7.6,5.2,6.2,11.8,8.9,10.9,14.9,33.8,14.2,10.2,8.3,-176.4,-159.3,-141.9,-124.4,-107.6,-92.7,-81.1,-73.2,-70.1,-68.7,-70.0,-74.8,-83.9,-98.0,-115.1,-133.5,-152.4,-201.9,-210.8,-212.0,-209.7,-204.5,-201.4,-202.6,-199.8,-192.3,-180.5,-187.3,-177.7,-168.4,-158.7,-146.8,-144.0,-141.7,-141.9,-141.8,-186.0,-191.3,-189.7,-182.0,-181.4,-182.4,-176.5,-181.7,-179.3,-172.2,-170.9,-172.8,-118.6,-126.0,-129.3,-127.1,-127.7,-121.6,-112.8,-109.4,-109.4,-109.8,-110.8,-113.2,-118.7,-122.7,-121.6,-121.2,-113.8,-117.9,-118.4,-119.5,918.9,914.3,909.1,903.7,896.1,883.8,866.4,844.1,825.8,814.3,809.3,804.7,800.3,798.1,798.6,799.8,802.4,900.6,889.7,874.6,858.8,845.0,823.2,814.8,807.1,799.1,792.9,832.0,826.3,820.5,814.9,834.3,826.4,819.0,814.2,810.0,883.3,874.3,864.3,855.0,862.5,872.4,820.4,814.6,806.9,801.0,803.8,811.4,850.3,834.9,823.7,817.2,811.1,805.4,802.3,803.4,807.8,814.7,821.7,834.3,844.5,824.1,817.4,811.1,804.5,810.7,817.1,824.2,0.755,-0.475,0.915,0.424,351.783,251.515,4.229,-28.484,-5.255,4.319,5.29,-4.005,-2.544,-2.009,0.833,-1.91,-1.735,0.498,-3.059,-0.488,1.37,-0.51,0.6809999999999999,1.295,-0.492,-0.615,-0.62,-0.352,-0.354,0.258,0.048,0.081,-0.2269999999999999,0.037,0.046,-0.009,0.02,-0.015,0.017,0.019,0.0,0.0,0.0,0.0,0.0,0.0,0.0,0.0,0.0,0.0,0.0,0.0,0.0,0.0,0.0,0.0,0.0,0.0,0.0,0.0,0.0,0.0,0.0,0.0,0.0,0.0,0.0,0.0,0.0,0.0,0.0,0.0,0.0,0.0,0.0
81,0,2.669,0.03,0,0.0,0.0,0.0,0.0,0.0,0.0,0.0,0.0,346.8,348.7,350.7,351.6,350.9,349.1,347.0,346.1,346.6,346.9,347.4,348.7,350.4,351.6,352.1,349.9,347.6,345.9,345.3,345.6,348.1,348.5,349.3,350.2,350.5,350.1,349.2,348.4,368.3,370.5,373.7,376.0,376.1,373.8,370.7,368.2,365.8,367.3,369.5,372.4,375.6,378.6,380.4,377.4,373.9,370.8,368.3,366.6,370.8,371.8,373.2,374.1,374.1,373.1,371.7,370.8,225.3,222.7,221.4,222.1,224.5,227.4,228.4,227.7,228.6,225.5,223.1,221.8,222.5,224.4,227.2,228.1,228.4,228.8,229.0,229.2,226.4,226.8,226.2,225.1,224.0,223.7,224.3,225.4,222.1,219.3,218.3,219.7,222.6,225.4,226.4,225.3,225.0,222.0,219.9,219.1,220.2,222.5,225.5,226.3,226.4,226.4,226.1,225.9,223.9,224.5,224.0,222.8,221.5,221.0,221.4,222.6,30.4,33.0,35.6,36.7,35.6,33.2,30.4,29.3,30.2,30.6,31.2,32.8,35.0,36.5,37.2,34.2,31.0,28.9,28.1,28.7,32.0,32.4,33.6,34.7,35.2,34.7,33.6,32.4,54.7,57.6,61.5,64.2,64.0,61.2,57.3,54.4,51.7,53.6,56.2,59.7,63.6,67.1,69.4,65.5,61.2,57.3,54.4,52.5,57.7,58.9,60.6,61.8,61.9,60.7,59.0,57.8,-187.3,-190.9,-192.1,-190.2,-186.3,-182.4,-181.6,-183.5,-184.0,-187.9,-190.4,-191.3,-189.5,-186.2,-181.9,-181.0,-181.1,-181.2,-181.7,-182.4,-185.0,-184.1,-184.7,-186.2,-187.9,-188.7,-188.2,-186.7,-174.3,-177.9,-178.9,-176.5,-172.3,-168.6,-167.7,-169.7,-171.1,-174.6,-176.9,-177.3,-175.5,-172.4,-168.5,-167.2,-167.0,-167.4,-168.3,-169.2,-171.5,-170.5,-170.9,-172.5,-174.4,-175.4,-175.0,-173.4,874.7,874.6,871.7,867.7,864.8,864.6,867.8,871.8,880.4,878.4,874.9,870.6,866.6,863.6,861.4,862.7,865.2,868.5,872.5,876.7,870.9,869.2,867.9,867.9,869.1,870.9,872.2,872.2,794.8,795.6,794.2,791.2,788.5,787.7,789.2,792.3,797.2,796.1,794.1,791.5,789.4,788.4,787.8,786.7,786.6,787.9,790.5,794.0,792.4,791.1,790.5,790.9,792.0,793.3,794.0,793.6,35.1,-143.2,841.8,-0.295,0.977,0.441,352.1,346.7,343.2,341.5,340.2,339.1,337.5,334.6,337.4,346.5,360.9,375.8,389.3,400.3,409.0,415.9,422.5,346.2,347.0,347.8,348.5,349.3,358.5,367.8,377.5,386.4,393.2,350.2,344.2,337.8,331.5,333.2,334.0,335.8,340.3,344.8,346.3,347.7,350.6,351.6,348.0,345.2,365.1,370.5,375.6,380.2,373.7,368.5,334.1,331.6,332.3,333.6,336.6,344.1,354.0,342.4,334.2,331.3,329.5,330.4,334.1,332.0,333.4,336.2,351.0,335.8,333.0,331.7,239.5,250.5,261.8,273.4,284.6,294.6,302.4,307.6,309.1,309.5,308.1,303.9,296.3,284.7,270.7,255.7,240.4,218.6,210.8,207.6,206.5,207.6,205.9,203.1,203.7,207.7,215.4,218.9,225.6,232.2,239.0,251.0,252.2,253.0,252.2,251.7,228.4,223.0,222.5,226.8,228.7,229.4,225.0,219.8,220.3,225.0,226.7,226.5,275.0,267.7,263.9,264.8,263.5,267.7,274.1,277.8,278.5,279.0,278.8,278.0,274.4,269.1,269.2,268.7,273.7,271.9,272.3,272.1,38.9,31.0,25.9,23.4,21.3,19.6,17.0,12.7,16.0,27.4,45.5,64.0,80.5,93.8,104.6,113.4,121.9,30.0,30.7,31.3,31.7,32.2,43.2,54.5,66.3,76.6,84.3,32.8,24.9,16.5,8.3,10.7,11.7,13.8,19.5,25.1,29.5,31.2,34.7,35.6,31.1,27.6,51.3,57.8,63.8,69.0,61.2,55.1,12.1,8.6,9.5,11.0,14.8,24.1,36.4,21.9,11.6,8.1,5.9,7.0,12.1,9.0,10.8,14.2,32.8,13.8,10.3,8.6,-173.1,-156.6,-139.7,-122.5,-105.8,-90.7,-78.3,-69.5,-66.0,-64.6,-65.9,-70.6,-79.7,-93.9,-111.3,-130.1,-149.5,-199.5,-208.0,-208.9,-206.6,-201.8,-198.5,-199.8,-197.1,-190.0,-178.7,-183.8,-174.0,-164.4,-154.6,-142.5,-139.7,-137.4,-137.5,-137.5,-182.3,-187.8,-186.2,-178.4,-177.5,-178.6,-173.0,-178.4,-176.1,-168.8,-167.3,-169.2,-113.3,-120.8,-124.2,-122.0,-122.7,-116.5,-107.9,-103.6,-103.3,-103.6,-104.7,-107.4,-113.4,-117.5,-116.4,-116.1,-108.7,-112.0,-112.4,-113.7,903.7,899.4,894.8,890.0,883.1,871.7,855.4,833.9,815.6,803.6,797.7,792.1,786.7,783.7,783.6,784.3,786.3,887.4,876.6,861.9,846.4,832.9,809.9,801.0,792.9,784.3,777.3,819.5,814.3,809.0,803.8,822.5,814.9,807.7,802.7,798.2,871.1,861.9,851.7,842.3,850.0,860.2,806.3,800.4,792.4,786.3,789.4,797.2,838.6,823.5,812.4,805.9,799.7,793.6,789.9,791.8,796.9,803.9,811.0,823.4,832.6,813.0,806.2,799.7,792.2,799.6,806.1,813.2,0.767,-0.4539999999999999,0.942,0.419,351.631,252.905,-6.178,-36.178,-7.303999999999999,5.323,8.149,-5.518,-2.424,-1.884,1.784,-0.626,-1.964,0.935,-2.779,-1.564,0.222,-0.8590000000000001,1.086,1.334,-0.4589999999999999,-0.7240000000000001,-0.5379999999999999,-0.3979999999999999,-0.313,0.1669999999999999,-0.043,-0.083,-0.1669999999999999,0.01,0.046,0.026,0.009,-0.018,0.026,0.015,0.0,0.0,0.0,0.0,0.0,0.0,0.0,0.0,0.0,0.0,0.0,0.0,0.0,0.0,0.0,0.0,0.0,0.0,0.0,0.0,0.0,0.0,0.0,0.0,0.0,0.0,0.0,0.0,0.0,0.0,0.0,0.0,0.0,0.0,0.0
82,0,2.7030000000000003,0.03,0,0.0,0.0,0.0,0.0,0.0,0.0,0.0,0.0,347.3,349.1,351.0,351.9,351.3,349.6,347.5,346.6,347.1,347.4,347.8,349.0,350.8,352.0,352.6,350.4,348.0,346.4,345.8,346.1,348.5,348.9,349.8,350.6,350.9,350.5,349.6,348.8,368.4,370.5,373.7,376.0,376.1,374.0,370.8,368.4,365.9,367.4,369.5,372.5,375.7,378.7,380.6,377.6,374.1,370.9,368.5,366.7,370.9,371.9,373.3,374.2,374.2,373.2,371.8,370.9,225.4,222.7,221.4,222.2,224.7,227.6,228.7,227.9,228.6,225.4,223.1,221.8,222.5,224.6,227.5,228.5,228.9,229.2,229.4,229.4,226.6,226.9,226.4,225.2,224.1,223.8,224.3,225.5,222.7,219.8,218.8,220.2,223.2,226.1,227.1,226.0,225.6,222.5,220.3,219.5,220.7,223.0,226.1,227.1,227.4,227.3,227.0,226.7,224.5,225.1,224.6,223.4,222.1,221.5,221.9,223.1,30.6,33.1,35.7,36.7,35.8,33.5,30.8,29.7,30.7,31.0,31.4,33.0,35.2,36.7,37.4,34.5,31.4,29.3,28.6,29.2,32.3,32.8,33.9,34.9,35.4,34.9,33.8,32.7,54.6,57.4,61.2,63.9,63.9,61.2,57.3,54.5,51.7,53.5,56.0,59.5,63.4,67.1,69.4,65.5,61.2,57.4,54.5,52.5,57.7,58.8,60.5,61.7,61.7,60.5,58.8,57.7,-185.4,-189.0,-190.2,-188.2,-184.2,-180.2,-179.4,-181.4,-182.2,-186.1,-188.6,-189.4,-187.5,-184.1,-179.6,-178.6,-178.7,-178.8,-179.4,-180.3,-183.0,-182.1,-182.6,-184.2,-185.9,-186.8,-186.3,-184.7,-172.9,-176.7,-177.6,-175.2,-170.9,-167.2,-166.2,-168.3,-169.8,-173.4,-175.7,-176.2,-174.3,-171.2,-167.2,-165.7,-165.4,-165.7,-166.6,-167.7,-170.2,-169.2,-169.6,-171.2,-173.1,-174.1,-173.7,-172.1,866.1,865.9,863.0,859.0,856.3,856.2,859.4,863.4,871.9,869.8,866.2,862.0,857.9,855.1,853.0,854.3,856.8,860.1,864.1,868.3,862.4,860.7,859.4,859.3,860.5,862.2,863.5,863.6,792.0,792.6,791.1,788.2,785.8,785.1,786.7,789.8,794.6,793.4,791.3,788.6,786.6,785.7,785.2,784.2,784.1,785.4,788.0,791.5,789.8,788.5,787.8,788.1,789.2,790.4,791.1,790.8,35.0,-138.3,827.3,-0.235,0.998,0.408,350.8,345.5,342.4,341.4,340.3,339.4,338.3,335.8,338.4,347.2,361.1,375.9,389.5,400.8,409.8,416.9,423.4,346.6,347.2,347.8,348.4,349.3,358.8,367.9,377.5,386.1,392.8,350.2,344.3,338.1,331.9,333.7,334.6,336.5,340.9,345.2,346.8,348.2,351.0,351.9,348.6,345.8,365.2,370.5,375.7,380.3,373.9,368.7,334.8,332.5,333.2,334.4,337.3,344.7,354.0,343.5,335.7,332.9,331.2,331.7,334.9,332.9,334.3,336.8,351.3,336.9,334.3,332.9,239.4,250.5,261.8,273.4,284.7,295.2,304.0,310.5,312.6,313.1,311.2,306.4,298.2,286.3,271.8,256.4,240.5,217.8,210.0,207.0,206.0,207.4,206.0,202.9,203.5,207.5,215.2,219.5,226.8,233.9,241.3,253.1,254.6,255.6,254.8,254.2,228.5,222.9,222.5,227.2,229.2,229.8,225.7,220.2,220.7,225.6,227.6,227.4,277.9,270.8,267.0,268.0,266.8,271.0,277.5,282.4,283.6,284.0,283.6,282.1,277.4,272.5,272.6,272.2,277.2,276.5,276.8,276.4,36.3,28.8,24.4,22.8,21.1,19.7,17.8,14.1,17.1,28.0,45.1,63.1,79.2,92.7,103.6,112.3,120.4,30.0,30.3,30.6,30.9,31.6,42.7,53.5,64.8,74.6,81.9,32.2,24.5,16.5,8.6,11.2,12.2,14.5,20.0,25.2,29.6,31.2,34.6,35.4,31.3,27.9,50.6,56.7,62.5,67.7,60.1,54.2,12.9,9.6,10.4,11.8,15.3,24.4,35.8,23.0,13.3,10.0,7.8,8.7,12.9,10.1,11.7,14.8,32.6,14.9,11.7,10.1,-169.9,-153.6,-137.2,-120.4,-103.9,-88.4,-75.1,-64.8,-60.7,-59.1,-61.0,-66.3,-75.9,-90.2,-107.7,-126.6,-146.2,-197.1,-205.3,-205.8,-203.3,-198.3,-194.4,-195.9,-193.2,-186.1,-175.0,-179.6,-169.3,-159.3,-149.1,-137.4,-134.3,-131.8,-132.0,-131.9,-179.1,-184.7,-182.8,-174.6,-173.7,-175.0,-168.7,-174.3,-171.9,-164.5,-162.7,-164.6,-107.7,-114.9,-118.1,-115.9,-116.6,-110.3,-101.8,-96.2,-95.3,-95.7,-97.0,-100.5,-107.6,-111.3,-110.2,-109.8,-102.5,-104.4,-105.0,-106.5,886.0,882.3,878.3,874.3,868.3,858.0,843.1,822.7,804.4,792.1,785.4,779.0,772.7,769.0,768.2,768.2,769.2,871.6,860.7,845.9,830.3,817.0,794.0,784.5,776.0,767.0,759.8,804.1,799.3,794.5,789.9,808.4,801.0,794.2,789.0,784.3,856.1,846.8,836.3,827.1,835.0,845.3,790.0,783.9,775.6,769.7,772.9,781.0,824.8,810.3,799.2,792.6,786.2,779.9,776.1,778.9,784.6,791.8,799.0,810.9,818.8,800.1,793.2,786.5,778.5,786.8,793.6,800.7,0.78,-0.3979999999999999,0.961,0.39,352.082,254.651,-17.588,-41.571000000000005,-8.869,8.061,11.408,-7.747000000000001,-2.529,-2.909,3.744,1.408,-1.247,0.095,-2.258,-1.354,-0.266,-2.027,1.043,1.276,0.184,-0.743,-0.461,-0.3229999999999999,-0.375,0.223,-0.039,-0.053,-0.2739999999999999,-0.022,0.032,0.049,0.003,-0.037,0.031,0.013,0.0,0.0,0.0,0.0,0.0,0.0,0.0,0.0,0.0,0.0,0.0,0.0,0.0,0.0,0.0,0.0,0.0,0.0,0.0,0.0,0.0,0.0,0.0,0.0,0.0,0.0,0.0,0.0,0.0,0.0,0.0,0.0,0.0,0.0,0.0
83,0,2.736,0.03,0,0.0,0.0,0.0,0.0,0.0,0.0,0.0,0.0,348.8,350.5,352.4,353.3,352.6,351.1,349.0,348.2,348.8,349.0,349.3,350.5,352.2,353.4,353.9,351.8,349.5,347.9,347.3,347.7,350.0,350.4,351.2,352.0,352.3,351.9,351.1,350.3,368.7,370.8,373.9,376.3,376.5,374.4,371.2,368.7,366.3,367.8,369.8,372.8,376.1,379.1,381.0,378.0,374.5,371.3,368.9,367.2,371.3,372.3,373.7,374.6,374.5,373.5,372.1,371.2,225.7,222.9,221.6,222.5,225.1,228.1,229.1,228.2,228.8,225.5,223.1,221.9,222.7,224.9,228.2,229.2,229.6,229.9,230.0,229.8,226.9,227.3,226.7,225.5,224.4,224.0,224.6,225.8,223.4,220.4,219.4,220.9,224.0,227.0,228.0,226.8,226.4,223.1,220.8,220.0,221.2,223.6,226.9,228.2,228.5,228.5,228.2,227.7,225.2,225.9,225.4,224.1,222.8,222.1,222.6,223.9,32.3,34.7,37.1,38.1,37.1,35.0,32.4,31.4,32.6,32.8,33.1,34.5,36.6,38.1,38.7,35.9,32.9,30.9,30.3,31.0,33.9,34.3,35.4,36.4,36.8,36.4,35.3,34.3,54.2,56.8,60.5,63.2,63.2,60.6,56.9,54.1,51.4,53.1,55.5,58.9,62.8,66.5,68.8,65.0,60.7,56.9,54.1,52.2,57.2,58.3,60.0,61.1,61.1,59.9,58.3,57.2,-182.6,-186.2,-187.3,-185.2,-181.2,-177.2,-176.5,-178.6,-179.5,-183.6,-186.1,-186.8,-184.7,-181.2,-176.5,-175.4,-175.4,-175.6,-176.3,-177.5,-180.1,-179.2,-179.7,-181.3,-183.0,-184.0,-183.5,-181.9,-169.2,-173.0,-173.9,-171.4,-167.1,-163.4,-162.5,-164.6,-166.0,-169.9,-172.2,-172.7,-170.7,-167.6,-163.4,-161.7,-161.3,-161.5,-162.5,-163.8,-166.5,-165.4,-165.8,-167.5,-169.4,-170.4,-170.0,-168.4,854.8,854.5,851.4,847.5,844.9,845.0,848.3,852.3,860.7,858.6,854.9,850.5,846.5,843.7,841.7,843.2,845.7,849.1,853.0,857.2,851.2,849.5,848.1,848.0,849.1,850.8,852.2,852.3,779.1,779.5,777.9,775.1,772.8,772.4,774.1,777.2,781.9,780.6,778.4,775.6,773.6,772.8,772.4,771.5,771.5,772.8,775.4,778.9,777.0,775.8,775.1,775.2,776.2,777.4,778.1,778.0,36.7,-135.6,825.5,-0.1689999999999999,1.022,0.375,350.1,344.9,342.1,341.7,340.7,340.4,340.1,338.6,340.7,348.5,361.0,375.0,388.4,400.2,409.9,417.5,424.2,347.7,348.3,348.7,349.3,350.1,359.7,368.6,378.1,386.5,393.3,351.0,345.6,339.8,334.0,335.6,336.5,338.6,342.8,346.8,348.3,349.7,352.4,353.1,350.1,347.4,365.7,370.7,376.0,380.7,374.4,369.1,337.3,335.2,335.9,336.8,339.2,346.3,354.6,345.7,338.8,336.6,335.0,335.2,337.3,335.6,336.8,338.7,352.3,339.4,337.3,336.1,239.1,250.4,261.8,273.5,284.7,295.4,304.8,312.1,314.6,315.2,313.3,308.6,300.3,288.3,273.6,257.7,241.1,216.6,209.3,206.8,206.0,207.3,206.2,203.1,203.6,207.7,215.4,220.3,228.1,235.7,243.5,255.1,256.7,257.9,257.1,256.6,228.7,222.9,222.7,227.8,229.9,230.4,226.5,220.6,221.2,226.5,228.8,228.6,281.2,274.2,270.4,271.5,270.3,274.8,281.3,287.2,288.8,289.1,288.6,286.4,280.8,275.9,276.1,275.7,281.0,281.4,281.6,281.0,35.2,27.8,23.8,23.1,21.7,20.9,20.2,17.8,20.2,29.7,45.1,61.9,77.8,91.7,103.3,112.3,120.4,31.3,31.7,31.7,31.9,32.5,43.5,54.1,65.0,74.5,81.9,33.1,26.1,18.6,11.3,13.6,14.7,17.2,22.3,27.2,31.7,33.1,36.4,36.9,33.2,30.0,50.8,56.7,62.5,67.8,60.4,54.5,16.1,13.2,13.8,14.9,17.7,26.4,36.5,25.7,17.2,14.6,12.7,13.2,16.0,13.5,14.9,17.2,33.8,18.0,15.6,14.2,-169.4,-153.0,-136.5,-119.8,-103.5,-87.9,-73.9,-62.7,-58.2,-56.5,-58.3,-63.7,-73.2,-87.4,-105.0,-124.3,-144.3,-197.9,-205.3,-205.1,-202.4,-197.6,-193.2,-194.5,-191.7,-184.5,-173.5,-177.9,-167.2,-156.8,-146.2,-134.5,-131.4,-128.9,-129.0,-128.8,-178.2,-184.1,-181.9,-173.2,-172.1,-173.7,-166.8,-172.8,-170.3,-162.5,-160.4,-162.4,-103.1,-110.4,-113.8,-111.5,-112.2,-105.7,-97.1,-90.3,-89.0,-89.4,-90.8,-94.9,-102.9,-107.0,-105.9,-105.5,-97.7,-98.4,-99.0,-100.6,881.2,877.9,874.3,870.6,864.9,855.5,842.3,823.5,805.9,793.7,786.3,779.0,771.5,766.6,764.8,763.9,763.7,867.8,856.6,841.9,826.3,813.4,789.8,779.7,770.9,761.8,754.5,801.0,797.0,793.0,789.1,806.9,800.0,793.6,788.3,783.4,853.6,844.1,833.3,824.2,832.3,843.0,785.8,779.7,771.2,765.4,768.7,777.0,823.5,809.8,799.0,792.6,786.3,779.9,775.8,779.6,786.2,793.3,800.4,811.5,817.4,800.1,793.4,786.8,778.4,787.8,794.5,801.5,0.782,-0.337,0.981,0.361,353.423,256.465,-33.873000000000005,-47.595,-11.237,12.122,19.717,-9.498,0.044,-3.587,6.37,2.614,-0.833,-0.072,-2.5580000000000003,-2.107,-0.813,-0.939,1.486,1.228,0.3329999999999999,-0.6940000000000001,-0.1639999999999999,-0.322,-0.488,0.109,-0.148,-0.0579999999999999,-0.331,-0.019,0.0559999999999999,0.036,0.01,-0.036,0.023,0.016,0.0,0.0,0.0,0.0,0.0,0.0,0.0,0.0,0.0,0.0,0.0,0.0,0.0,0.0,0.0,0.0,0.0,0.0,0.0,0.0,0.0,0.0,0.0,0.0,0.0,0.0,0.0,0.0,0.0,0.0,0.0,0.0,0.0,0.0,0.0
84,0,2.769,0.03,0,0.0,0.0,0.0,0.0,0.0,0.0,0.0,0.0,363.4,365.3,366.3,365.8,364.2,362.4,361.3,361.8,365.1,364.8,364.1,364.0,364.3,364.5,364.2,362.5,361.0,360.4,361.2,362.9,363.4,363.2,363.7,364.5,365.2,365.4,365.0,364.2,372.9,375.3,377.8,378.9,378.0,375.6,373.1,371.9,371.2,372.4,373.8,375.8,378.2,380.6,381.9,378.7,375.4,372.8,371.4,370.9,374.4,374.9,376.0,377.0,377.4,376.9,375.8,374.8,231.9,228.9,227.1,227.4,229.8,233.0,234.6,234.3,236.2,232.4,229.4,227.4,227.7,229.5,232.5,233.7,234.5,235.4,236.1,236.6,232.7,232.8,232.0,230.7,229.7,229.5,230.4,231.7,223.4,220.5,219.1,219.9,222.6,225.5,227.0,226.5,227.3,223.6,220.8,219.3,220.0,222.2,225.5,226.6,227.0,227.3,227.5,227.8,224.8,225.2,224.5,223.3,222.1,221.7,222.3,223.6,48.2,50.5,51.5,50.7,48.5,46.3,45.2,46.0,50.6,50.2,49.1,48.7,48.8,48.7,48.2,46.3,44.6,44.2,45.3,47.7,48.0,47.6,48.1,49.1,50.0,50.4,49.9,48.9,57.0,59.9,62.6,63.6,62.3,59.5,56.8,55.7,55.2,56.6,58.1,60.1,62.6,65.2,66.6,62.9,59.1,56.3,54.9,54.6,58.6,59.0,60.2,61.4,62.0,61.5,60.4,59.1,-160.8,-164.4,-166.0,-164.7,-161.2,-157.2,-156.0,-157.3,-156.3,-160.8,-164.0,-165.6,-164.3,-161.2,-157.0,-155.9,-155.6,-155.3,-155.2,-155.3,-158.9,-158.4,-159.1,-160.6,-162.1,-162.7,-162.0,-160.4,-162.6,-166.2,-167.3,-165.4,-161.5,-158.1,-156.9,-158.4,-158.6,-162.8,-165.7,-166.7,-164.9,-161.7,-157.4,-156.2,-156.0,-156.2,-156.7,-157.2,-160.2,-159.4,-159.9,-161.4,-163.1,-163.9,-163.4,-161.9,789.4,788.7,785.3,781.0,778.4,778.7,782.5,786.8,793.9,792.6,789.7,785.4,780.6,776.9,774.1,776.4,779.9,783.7,787.5,791.1,785.1,783.2,781.7,781.4,782.6,784.4,786.0,786.2,749.0,749.2,746.4,742.4,739.4,739.2,742.0,746.3,751.5,750.7,748.4,744.7,740.9,738.0,735.7,736.1,737.7,740.4,744.1,748.1,745.3,743.5,742.3,742.4,743.7,745.5,746.7,746.6,41.7,-120.2,759.2,-0.893,1.252,0.948,381.8,375.9,371.8,368.6,363.8,358.2,351.5,344.0,343.3,350.2,363.3,376.8,388.4,398.7,407.5,415.4,422.8,368.8,367.8,365.8,362.8,360.4,365.8,373.0,380.8,387.6,392.6,358.6,351.2,343.4,335.7,341.4,340.5,340.6,343.6,346.7,364.8,364.2,364.7,363.5,361.6,361.1,370.4,374.6,378.1,381.6,375.4,371.8,344.8,340.1,338.6,338.4,340.6,346.5,354.9,345.1,338.5,336.6,336.1,339.0,343.7,338.1,338.3,340.1,352.5,340.7,338.8,338.7,253.8,267.4,281.0,294.2,305.3,313.5,318.5,320.7,319.8,318.4,315.0,309.5,300.3,287.8,273.1,257.7,242.1,225.6,216.2,211.4,208.9,209.6,206.3,202.2,201.6,204.3,211.5,222.2,229.9,237.3,245.1,259.6,260.1,260.4,258.8,257.3,236.1,229.1,227.7,232.2,234.8,236.4,227.2,220.6,220.1,225.0,227.3,228.0,287.3,278.6,273.5,273.9,272.1,275.8,282.0,287.0,289.0,290.1,290.5,290.2,286.1,279.1,278.6,277.6,282.0,282.1,283.1,283.5,74.2,66.3,60.5,56.0,49.1,41.4,32.3,22.6,21.2,28.6,43.0,57.2,69.1,79.7,89.0,97.6,105.9,56.4,54.5,51.0,46.3,42.7,47.6,55.1,63.1,69.6,74.1,39.7,30.8,21.5,12.5,19.5,18.2,18.1,21.5,24.9,50.2,48.9,48.8,46.8,45.0,44.9,52.3,56.6,59.8,63.1,56.6,53.2,24.0,18.0,15.9,15.6,17.9,24.5,33.6,22.8,15.4,13.4,13.0,16.6,22.4,15.4,15.5,17.4,31.1,18.0,16.1,16.1,-138.9,-120.6,-102.2,-84.4,-69.4,-57.9,-50.5,-46.6,-46.6,-47.3,-50.5,-55.8,-65.1,-78.1,-93.8,-110.5,-127.7,-173.1,-182.9,-185.7,-185.2,-181.3,-179.3,-181.3,-179.1,-173.1,-162.8,-162.8,-153.0,-143.6,-133.9,-119.4,-117.6,-116.1,-116.9,-117.7,-156.2,-163.2,-162.7,-155.4,-153.7,-153.9,-153.0,-159.2,-157.6,-150.4,-148.9,-150.1,-87.7,-96.8,-101.5,-100.0,-101.2,-95.7,-87.7,-82.8,-81.4,-81.0,-81.4,-82.9,-88.5,-94.9,-94.6,-94.8,-88.2,-89.7,-89.3,-89.7,822.7,818.9,813.8,807.3,797.6,783.4,766.3,747.1,729.6,715.4,704.8,694.5,685.5,680.1,678.5,679.0,680.8,810.1,800.1,786.1,771.2,757.9,733.5,722.4,711.2,699.3,689.4,742.9,739.5,736.1,732.7,748.2,740.5,733.0,726.4,720.6,792.7,784.3,773.7,764.4,772.5,783.0,724.4,718.1,708.6,700.7,705.6,714.8,759.2,747.6,737.7,730.8,724.2,715.3,707.6,713.4,721.1,728.4,735.8,746.8,753.9,737.4,730.5,723.6,710.9,723.3,730.4,737.5,0.851,-0.884,1.203,0.7659999999999999,359.866,260.192,-18.417,-21.11,-11.347,0.789,18.412,-3.478,3.585,0.604,1.476,5.057,1.127,1.839,-0.047,-0.001,-0.488,0.06,-1.164,0.1369999999999999,-1.015,0.27,-0.96,-0.222,-0.585,-0.217,0.122,-0.268,-0.093,-0.072,-0.059,-0.008,0.021,-0.033,0.001,0.002,0.0,0.0,0.0,0.0,0.0,0.0,0.0,0.0,0.0,0.0,0.0,0.0,0.0,0.0,0.0,0.0,0.0,0.0,0.0,0.0,0.0,0.0,0.0,0.0,0.0,0.0,0.0,0.0,0.0,0.0,0.0,0.0,0.0,0.0,0.0
85,0,2.803,0.03,0,0.0,0.0,0.0,0.0,0.0,0.0,0.0,0.0,376.5,378.3,378.7,377.6,375.5,373.8,373.3,374.5,378.9,378.4,377.2,376.4,376.0,375.6,374.9,373.5,372.6,372.7,374.0,376.2,375.9,375.4,375.5,376.3,377.2,377.7,377.5,376.8,379.0,381.3,383.3,383.7,382.3,380.0,378.0,377.6,377.7,378.8,379.8,381.1,382.7,384.5,385.4,382.4,379.6,377.5,376.7,376.9,379.8,380.0,380.8,381.9,382.4,382.3,381.4,380.4,232.8,229.8,227.8,228.1,230.4,233.7,235.4,235.1,237.2,233.4,230.3,228.3,228.4,230.1,233.0,234.3,235.1,236.0,236.9,237.5,233.5,233.6,232.8,231.5,230.4,230.3,231.2,232.5,223.7,220.9,219.5,220.2,222.7,225.5,227.0,226.6,227.6,224.0,221.2,219.6,220.3,222.4,225.6,226.6,227.0,227.3,227.6,228.0,225.0,225.3,224.7,223.4,222.3,222.0,222.6,223.9,64.2,66.4,66.6,64.8,62.1,60.0,59.8,61.5,67.5,66.8,65.2,63.8,62.9,62.1,61.0,59.5,58.7,59.1,61.0,64.0,63.1,62.3,62.4,63.3,64.5,65.3,65.2,64.3,66.2,69.0,71.1,71.2,69.2,66.5,64.4,64.2,64.8,66.0,67.1,68.3,69.9,71.8,72.5,69.1,65.8,63.7,63.0,63.5,66.8,66.9,67.8,69.0,69.8,69.8,68.9,67.7,-158.5,-162.1,-163.8,-162.6,-159.3,-155.4,-154.1,-155.2,-153.9,-158.3,-161.7,-163.4,-162.3,-159.4,-155.3,-154.2,-154.0,-153.6,-153.2,-153.1,-156.8,-156.3,-157.1,-158.6,-160.1,-160.6,-159.8,-158.3,-167.0,-170.3,-171.4,-169.5,-165.9,-162.6,-161.5,-162.9,-162.8,-167.0,-170.0,-171.0,-169.2,-165.8,-161.4,-160.5,-160.5,-160.8,-161.2,-161.6,-164.6,-163.8,-164.3,-165.7,-167.3,-168.1,-167.7,-166.2,784.0,783.1,779.5,775.3,773.1,773.7,777.7,781.8,787.9,786.8,784.2,780.1,775.3,771.6,768.8,771.4,775.2,779.1,782.7,785.7,779.8,778.0,776.4,776.0,777.0,778.8,780.3,780.8,770.6,770.3,767.1,762.8,760.0,760.3,763.6,768.1,773.2,772.3,769.9,765.8,761.5,758.0,755.4,756.5,758.8,762.1,765.9,770.0,766.6,764.7,763.3,763.2,764.4,766.3,767.7,767.8,49.1,-115.7,740.0,-1.526,1.281,1.5590000000000002,404.7,398.9,394.0,389.0,381.4,372.4,361.4,350.0,347.0,353.4,367.2,380.2,390.4,398.6,405.8,412.6,419.8,385.7,383.0,379.1,373.7,369.2,372.1,378.1,384.8,390.6,395.0,366.1,357.1,347.8,338.8,348.4,346.0,344.5,347.0,349.9,378.6,377.2,376.4,374.3,373.2,373.9,376.9,380.5,382.7,385.1,379.6,377.2,353.8,346.9,343.8,343.1,344.9,350.0,358.0,347.9,341.8,340.3,340.6,345.1,351.8,343.4,343.0,344.6,355.7,344.8,343.1,343.7,257.8,272.6,287.1,300.8,311.8,319.2,322.9,323.6,321.7,319.7,315.6,309.3,299.3,286.4,271.8,256.8,241.9,229.3,218.8,213.0,210.3,211.1,208.0,203.6,202.8,205.5,213.4,222.3,229.9,237.3,245.2,260.7,260.9,260.9,259.2,257.3,237.0,230.1,228.4,232.7,235.4,237.2,227.5,220.9,220.3,225.2,227.3,228.0,288.9,280.1,275.0,275.4,273.5,276.9,282.7,287.0,288.9,290.0,290.6,290.8,287.6,280.4,279.8,278.7,282.6,282.1,283.3,283.9,101.7,93.9,87.0,80.1,69.8,57.5,43.3,29.0,25.0,31.5,45.9,59.1,69.1,77.2,84.4,91.6,99.4,76.6,72.4,66.3,58.6,52.2,53.9,59.8,66.1,71.2,74.8,47.6,37.1,26.3,15.8,27.4,24.3,22.4,24.9,28.0,66.2,63.9,62.0,58.7,58.0,59.7,58.5,62.0,63.5,65.4,59.9,58.1,34.1,25.6,21.7,20.7,22.5,27.9,36.4,25.5,18.9,17.4,17.9,23.4,31.6,21.2,20.5,22.1,34.0,22.3,20.7,21.6,-130.5,-111.1,-92.0,-74.0,-59.6,-49.5,-44.1,-42.3,-43.4,-44.6,-48.3,-54.3,-64.1,-77.1,-92.1,-107.9,-123.8,-164.9,-176.1,-180.1,-180.1,-176.0,-173.9,-176.0,-173.8,-167.6,-156.7,-159.6,-150.2,-141.2,-131.7,-116.1,-114.8,-113.5,-114.4,-115.5,-151.8,-158.8,-158.7,-151.6,-150.1,-149.9,-149.5,-155.3,-153.9,-146.7,-145.7,-146.9,-84.2,-93.3,-98.0,-96.6,-97.9,-92.8,-85.2,-81.3,-80.1,-79.7,-79.9,-80.7,-85.3,-91.8,-91.6,-91.9,-85.7,-88.0,-87.5,-87.7,803.0,799.3,793.9,787.2,777.5,763.8,747.6,730.1,712.5,696.9,684.4,673.1,664.2,659.1,657.3,657.5,659.1,793.6,784.5,770.9,756.5,743.2,719.6,707.7,695.1,682.3,672.2,728.7,726.3,724.0,721.5,735.9,728.3,720.7,713.7,707.5,776.2,768.6,758.4,749.3,757.5,767.7,709.5,702.5,692.8,684.6,690.4,699.9,745.4,735.0,725.4,718.7,711.8,702.0,692.6,700.1,708.7,716.3,723.6,733.9,740.7,724.9,718.1,710.9,696.6,710.5,717.7,724.7,0.8690000000000001,-1.357,1.269,1.217,366.848,261.421,-8.883,-4.72,-9.749,3.965,13.667,2.051,2.062,2.064,3.855,5.396,2.656,0.355,0.145,-0.081,-0.236,0.259,-0.96,0.397,-1.267,0.816,-0.916,-0.054,-0.357,-0.087,0.389,-0.368,-0.2319999999999999,-0.03,-0.09,-0.0069999999999999,0.018,-0.006,0.001,-0.008,0.0,0.0,0.0,0.0,0.0,0.0,0.0,0.0,0.0,0.0,0.0,0.0,0.0,0.0,0.0,0.0,0.0,0.0,0.0,0.0,0.0,0.0,0.0,0.0,0.0,0.0,0.0,0.0,0.0,0.0,0.0,0.0,0.0,0.0,0.0
86,0,2.8360000000000003,0.03,0,0.0,0.0,0.0,0.0,0.0,0.0,0.0,0.0,387.4,389.2,389.4,387.8,385.4,383.6,383.5,385.0,389.9,389.4,388.2,387.1,386.2,385.3,384.3,383.1,382.6,383.0,384.6,387.1,386.3,385.6,385.7,386.4,387.5,388.2,388.1,387.3,385.4,387.7,389.2,389.1,387.4,385.1,383.6,383.7,384.3,385.3,386.1,386.9,388.0,389.3,389.7,387.0,384.5,382.9,382.6,383.2,385.7,385.6,386.3,387.3,388.0,388.1,387.4,386.4,237.0,234.1,232.1,232.2,234.3,237.5,239.2,239.2,241.5,237.8,234.6,232.5,232.4,234.0,236.6,237.9,238.7,239.7,240.7,241.5,237.6,237.6,236.7,235.4,234.5,234.5,235.3,236.6,226.8,224.1,222.6,223.2,225.6,228.3,229.7,229.5,230.7,227.1,224.3,222.7,223.3,225.3,228.4,229.2,229.6,229.9,230.3,230.9,227.9,228.1,227.5,226.3,225.3,225.0,225.7,226.9,78.7,80.8,80.7,78.3,75.2,73.0,73.2,75.5,82.2,81.5,79.7,77.9,76.4,74.9,73.3,72.2,71.8,72.7,75.0,78.4,76.9,75.8,75.8,76.7,78.1,79.1,79.2,78.2,75.8,78.6,80.2,79.6,77.2,74.4,72.8,73.4,74.6,75.9,76.6,77.2,78.1,79.3,79.5,76.3,73.5,71.9,71.8,73.0,75.7,75.5,76.2,77.4,78.4,78.7,78.0,76.8,-155.1,-158.6,-160.4,-159.4,-156.4,-152.6,-151.2,-152.0,-150.1,-154.6,-158.1,-160.1,-159.2,-156.5,-152.6,-151.7,-151.4,-150.8,-150.2,-149.7,-153.6,-153.2,-154.0,-155.5,-156.8,-157.2,-156.4,-154.9,-167.1,-170.4,-171.5,-169.8,-166.3,-163.1,-162.0,-163.3,-162.8,-167.1,-170.0,-171.2,-169.5,-166.1,-161.7,-161.0,-161.2,-161.5,-161.8,-161.9,-164.9,-164.1,-164.6,-166.0,-167.5,-168.3,-167.8,-166.4,793.1,791.9,788.3,784.4,782.5,783.3,787.2,791.1,796.5,795.6,793.2,789.3,784.7,781.0,778.2,781.0,784.8,788.7,792.0,794.7,789.0,787.2,785.7,785.2,786.0,787.7,789.3,789.8,789.0,788.4,784.9,780.6,777.9,778.6,782.0,786.6,791.7,790.7,788.2,784.0,779.3,775.5,772.6,774.2,777.1,780.6,784.6,788.5,784.8,782.9,781.4,781.1,782.3,784.1,785.7,785.9,57.4,-114.7,752.8,-1.809,1.209,1.831,417.1,410.6,404.8,398.9,390.4,380.1,367.6,354.3,349.9,355.3,368.5,381.0,391.4,400.0,407.3,414.2,421.7,398.2,394.9,390.3,384.2,378.7,380.2,385.2,390.7,395.0,398.1,374.2,364.7,354.9,345.3,355.7,352.5,350.4,352.5,355.1,389.7,388.1,386.6,383.7,383.1,384.5,383.6,386.6,388.0,389.4,384.5,383.1,360.5,353.1,349.7,348.4,349.7,353.8,360.8,351.2,345.7,344.8,345.7,350.9,358.3,349.1,348.1,349.2,358.7,349.0,347.9,349.1,263.8,277.8,291.7,304.7,315.0,321.8,324.6,324.3,321.9,319.9,316.3,310.5,301.2,289.0,274.9,260.2,245.8,236.3,225.5,219.4,216.2,216.3,213.2,208.9,208.0,210.6,218.3,225.5,232.6,239.3,246.5,262.5,262.3,262.1,260.3,258.5,241.4,234.4,232.5,236.4,238.9,241.0,230.6,224.0,223.4,228.0,229.8,230.7,290.5,281.3,276.0,276.3,274.3,277.5,283.3,286.8,288.4,289.6,290.4,291.3,289.0,281.3,280.5,279.3,283.2,281.8,283.1,283.9,119.1,110.2,102.1,93.7,82.0,68.0,51.5,34.7,28.8,34.2,48.2,61.0,71.2,79.8,87.3,94.6,102.8,93.9,88.7,81.5,72.5,64.7,64.6,69.1,74.1,77.4,79.6,58.2,46.9,35.2,23.9,36.7,32.6,29.8,31.9,34.6,81.2,78.5,75.7,71.2,71.3,73.9,67.4,70.2,70.8,71.6,66.7,66.0,43.0,33.5,29.1,27.3,28.6,32.9,40.2,29.8,23.9,23.0,24.3,30.9,40.0,28.4,26.9,28.0,38.2,27.7,26.8,28.4,-124.3,-105.8,-87.4,-70.2,-56.4,-47.1,-42.8,-42.3,-44.1,-45.4,-48.4,-53.9,-63.1,-75.6,-90.3,-105.8,-121.4,-158.5,-170.6,-175.4,-176.2,-173.1,-171.6,-173.6,-171.4,-165.3,-154.4,-159.1,-150.5,-142.2,-133.4,-116.6,-115.7,-114.8,-115.8,-116.8,-148.9,-156.3,-156.6,-150.0,-148.5,-147.8,-148.9,-155.0,-153.6,-146.6,-145.9,-146.9,-84.0,-93.9,-99.0,-97.9,-99.2,-94.1,-86.3,-83.4,-82.6,-82.0,-81.9,-81.9,-85.3,-92.8,-92.8,-93.2,-86.9,-90.3,-89.8,-89.6,813.0,809.5,804.3,798.0,789.1,776.4,761.2,744.8,727.4,710.9,697.0,684.5,674.9,669.4,667.3,667.2,668.6,805.9,797.6,784.5,770.7,757.8,735.3,722.8,709.5,695.8,685.0,744.2,742.6,741.0,739.3,752.2,744.9,737.4,730.2,723.7,789.4,782.2,772.3,763.3,771.5,781.4,723.9,716.7,707.0,698.4,704.8,714.4,760.1,750.7,741.7,735.1,728.0,717.7,707.4,715.8,724.9,732.6,739.9,749.5,755.7,741.1,734.4,727.0,711.5,726.6,734.1,740.9,0.852,-1.659,1.229,1.51,373.065,263.89,-1.587,-5.073,-8.959,3.896,9.497,3.899,3.262,1.061,6.282,4.944,3.789,0.92,1.179,0.24,-0.489,0.433,-0.2239999999999999,1.016,-0.1119999999999999,0.5529999999999999,-0.659,-0.122,-0.504,-0.01,0.185,-0.389,-0.08,-0.012,-0.072,-0.009,0.008,0.008,-0.002,-0.008,0.0,0.0,0.0,0.0,0.0,0.0,0.0,0.0,0.0,0.0,0.0,0.0,0.0,0.0,0.0,0.0,0.0,0.0,0.0,0.0,0.0,0.0,0.0,0.0,0.0,0.0,0.0,0.0,0.0,0.0,0.0,0.0,0.0,0.0,0.0
87,0,2.87,0.03,0,0.0,0.0,0.0,0.0,0.0,0.0,0.0,0.0,399.1,401.0,400.6,398.3,395.3,393.4,393.8,396.2,402.4,401.8,400.0,398.2,396.6,395.0,393.4,392.5,392.4,393.4,395.7,399.0,397.2,396.2,396.1,396.9,398.2,399.2,399.3,398.5,390.9,393.5,394.9,394.4,392.2,389.7,388.3,388.8,389.8,391.0,391.8,392.4,393.2,394.2,394.3,391.4,388.9,387.4,387.3,388.3,390.9,390.7,391.3,392.4,393.3,393.6,392.9,391.8,235.3,232.0,229.8,230.1,232.6,236.2,238.1,237.8,240.3,236.1,232.5,230.2,230.3,232.2,235.4,236.7,237.5,238.5,239.6,240.4,236.1,236.2,235.2,233.8,232.7,232.6,233.6,235.0,225.6,222.8,221.3,222.1,224.8,227.7,229.1,228.6,229.9,225.9,222.9,221.2,222.1,224.6,228.2,229.1,229.3,229.5,229.8,230.2,227.0,227.4,226.8,225.5,224.3,224.0,224.6,225.9,81.8,83.7,82.8,79.9,76.5,74.5,75.4,78.4,85.8,85.0,82.8,80.4,78.0,76.0,74.0,73.3,73.7,75.2,78.0,81.8,79.3,78.0,77.6,78.4,79.9,81.2,81.6,80.8,74.6,77.3,78.5,77.5,74.8,72.1,70.9,71.9,73.5,74.8,75.4,75.6,76.0,76.7,76.5,73.5,71.0,69.8,70.1,71.6,74.1,73.6,74.1,75.3,76.5,77.0,76.4,75.2,-137.6,-140.9,-142.5,-141.6,-138.6,-134.9,-133.6,-134.6,-132.7,-137.2,-140.6,-142.4,-141.4,-138.6,-134.7,-133.9,-133.8,-133.4,-132.9,-132.4,-136.0,-135.6,-136.3,-137.7,-139.1,-139.5,-138.8,-137.3,-151.9,-155.0,-155.8,-153.9,-150.5,-147.5,-146.6,-148.1,-147.7,-152.0,-154.8,-155.8,-153.7,-150.1,-145.5,-145.0,-145.4,-145.9,-146.4,-146.7,-149.5,-148.7,-149.1,-150.4,-151.9,-152.7,-152.3,-151.0,694.1,692.4,688.8,685.2,683.9,685.2,689.2,692.7,697.1,696.1,693.9,690.2,685.8,682.4,680.0,683.0,686.9,690.7,693.7,695.9,690.3,688.7,687.1,686.4,687.0,688.5,690.1,690.9,711.1,710.1,706.4,702.2,699.9,700.9,704.6,709.1,714.0,712.8,710.2,705.8,701.1,697.2,694.5,696.4,699.5,703.2,707.2,711.1,707.0,705.1,703.5,703.1,704.1,705.9,707.5,708.0,61.5,-108.9,713.7,-1.978,1.138,2.051,433.1,425.0,417.6,410.1,400.5,388.7,374.6,359.8,354.0,357.8,370.1,381.6,391.6,400.9,409.7,418.4,427.4,413.0,408.9,402.5,394.2,386.8,386.2,390.9,396.3,400.3,403.0,381.2,371.1,360.5,350.3,361.8,358.1,355.3,356.7,358.7,402.3,399.8,397.1,392.8,393.0,395.5,389.0,392.3,393.1,394.1,388.8,387.8,366.8,358.6,354.4,352.5,353.2,356.5,363.0,354.1,349.2,349.0,350.5,356.5,364.1,353.7,352.1,352.6,361.2,352.7,352.3,354.1,265.2,279.0,292.7,305.8,316.1,322.7,325.1,324.4,321.9,320.3,317.5,312.9,304.5,293.3,280.0,266.1,252.1,233.9,222.3,215.7,211.9,212.1,209.2,205.1,205.0,208.8,217.8,223.5,230.7,237.6,244.9,261.9,261.8,261.5,259.9,258.2,240.1,232.3,230.4,235.2,237.7,239.8,229.7,222.6,222.2,227.9,229.5,230.2,290.6,281.3,275.8,276.1,274.2,278.1,284.4,287.0,288.1,289.3,289.9,291.0,289.0,281.3,280.6,279.6,284.1,281.4,282.6,283.4,132.4,122.2,112.5,102.8,90.1,74.9,57.3,39.4,32.0,35.4,47.5,58.4,67.4,75.9,84.2,92.5,101.4,107.0,100.9,91.6,80.4,70.5,67.7,71.4,75.6,78.2,79.7,63.0,51.6,39.8,28.3,41.9,37.4,33.9,35.0,36.8,92.2,88.3,83.9,78.0,79.1,83.2,69.6,72.4,72.1,72.2,67.4,67.4,48.1,38.3,33.0,30.7,31.1,34.2,40.6,31.5,26.6,26.7,28.6,35.8,44.7,32.3,30.2,30.4,38.9,30.5,30.4,32.6,-116.2,-98.9,-81.7,-65.5,-52.5,-43.9,-40.2,-40.2,-42.0,-42.8,-44.8,-48.6,-56.2,-66.8,-79.5,-93.0,-106.8,-153.4,-165.6,-170.6,-171.9,-168.7,-166.8,-167.9,-164.5,-157.0,-145.2,-153.1,-144.9,-137.1,-128.9,-111.7,-110.8,-110.0,-110.6,-111.3,-142.8,-150.7,-150.8,-143.6,-142.3,-141.8,-141.6,-147.6,-145.9,-138.0,-137.8,-139.2,-79.9,-89.5,-94.7,-93.5,-94.6,-89.0,-80.8,-79.2,-79.1,-78.6,-78.7,-78.4,-81.3,-88.4,-88.4,-88.6,-81.7,-86.6,-86.2,-86.1,770.6,768.4,764.3,758.9,751.2,739.7,725.7,710.9,694.4,677.8,662.6,648.4,636.9,629.3,625.2,623.1,622.5,765.0,756.4,743.5,730.1,717.7,695.3,681.9,667.5,653.1,641.9,705.0,704.8,704.6,704.3,716.4,709.5,702.3,694.9,688.2,749.3,742.1,732.0,723.4,731.8,741.9,683.7,676.0,665.8,656.9,664.0,674.1,724.3,715.5,707.1,700.8,693.8,683.4,672.4,682.2,691.6,699.2,706.1,714.9,720.1,706.6,700.2,693.0,676.8,692.8,700.1,706.5,0.898,-1.86,1.183,1.759,379.257,263.63,5.676,-7.8,-10.648,2.031,18.705,2.511,4.15,2.793,4.231,8.286,3.642,1.477,0.43,1.4280000000000002,0.402,0.264,-0.644,1.894,0.431,0.943,-0.37,0.039,-0.508,-0.127,0.509,-0.408,0.0969999999999999,-0.022,-0.073,0.023,0.006,0.019,-0.009,-0.003,0.0,0.0,0.0,0.0,0.0,0.0,0.0,0.0,0.0,0.0,0.0,0.0,0.0,0.0,0.0,0.0,0.0,0.0,0.0,0.0,0.0,0.0,0.0,0.0,0.0,0.0,0.0,0.0,0.0,0.0,0.0,0.0,0.0,0.0,0.0
88,0,2.903,0.03,0,0.0,0.0,0.0,0.0,0.0,0.0,0.0,0.0,409.2,411.3,411.0,408.4,405.1,402.9,403.3,405.9,415.1,413.4,410.9,408.4,406.3,404.8,403.4,402.3,402.4,403.9,406.6,410.6,407.2,406.0,405.9,406.8,408.3,409.4,409.6,408.7,396.3,399.2,400.8,400.1,397.6,394.7,393.1,393.8,395.6,396.8,397.3,397.4,397.7,398.2,398.0,395.3,393.1,391.9,392.3,393.8,396.2,395.9,396.6,397.8,398.8,399.1,398.4,397.2,236.9,233.0,230.5,231.0,234.0,238.2,240.3,239.9,242.4,237.4,233.4,230.8,231.0,233.1,236.5,238.1,239.0,240.2,241.4,242.4,237.9,238.1,237.0,235.3,234.0,233.8,234.9,236.6,223.8,220.9,219.4,220.2,222.8,225.7,227.2,226.8,228.7,224.8,221.6,219.7,220.3,222.4,225.7,226.4,226.6,227.0,227.6,228.6,225.1,225.5,224.9,223.7,222.6,222.2,222.8,224.0,79.6,81.3,80.5,77.6,74.3,72.4,73.4,76.3,85.6,83.9,81.2,78.4,75.8,74.0,72.3,71.7,72.3,74.2,77.2,81.2,77.1,75.9,75.5,76.3,77.7,79.0,79.4,78.6,77.8,80.9,82.1,80.9,77.9,74.9,73.6,74.8,77.6,78.7,79.0,78.6,78.3,78.4,77.8,75.2,73.2,72.4,73.2,75.2,77.2,76.7,77.2,78.5,79.7,80.2,79.7,78.4,-116.3,-119.6,-121.2,-120.1,-117.0,-113.3,-112.1,-113.2,-111.8,-116.3,-119.6,-121.4,-120.3,-117.6,-114.0,-113.2,-113.1,-112.7,-112.2,-111.6,-114.6,-114.1,-114.8,-116.3,-117.6,-118.1,-117.4,-116.0,-148.6,-151.6,-152.3,-150.5,-147.2,-144.3,-143.5,-144.9,-144.2,-148.3,-151.2,-152.3,-150.5,-147.3,-143.1,-142.9,-143.4,-143.9,-144.1,-143.8,-146.2,-145.5,-145.8,-147.0,-148.4,-149.2,-148.9,-147.6,594.1,592.5,588.8,585.2,583.8,585.1,589.2,592.8,597.6,596.6,594.4,590.9,586.6,583.1,580.5,583.8,587.9,591.6,594.6,596.7,590.3,588.7,587.1,586.4,587.0,588.5,590.2,590.9,686.2,685.2,681.4,677.1,674.8,675.8,679.6,684.2,690.8,689.6,687.0,682.5,677.5,673.3,670.3,672.8,676.3,680.2,684.3,688.0,681.9,680.1,678.5,678.1,679.1,680.9,682.5,682.9,64.6,-101.6,673.5,-2.129,1.061,2.186,447.1,438.1,429.8,421.5,410.3,396.8,380.8,364.1,356.6,359.2,370.7,381.8,391.9,401.7,411.5,420.8,430.6,427.2,422.1,414.4,404.7,395.8,393.1,396.9,401.7,405.0,406.9,388.7,378.1,367.0,356.1,368.4,364.1,360.8,361.5,363.1,414.3,411.0,407.3,402.4,402.9,406.3,395.0,397.6,397.6,398.0,393.0,392.7,372.9,364.1,359.5,357.2,357.3,359.7,365.3,357.1,353.1,353.4,355.4,361.9,369.6,358.6,356.5,356.4,363.7,356.8,356.9,359.1,270.7,284.6,298.4,311.7,321.9,328.0,329.7,328.3,325.2,323.0,319.8,314.9,306.2,294.5,280.9,266.5,251.9,235.2,223.0,215.7,211.4,211.1,206.8,201.8,201.2,204.5,213.2,222.8,230.4,237.6,245.2,263.7,263.3,262.8,260.9,259.0,242.3,233.8,231.4,235.9,238.9,241.5,228.4,220.9,220.0,225.6,227.5,228.5,293.7,284.2,278.4,278.5,276.3,279.7,285.4,287.2,288.3,289.8,290.7,292.6,291.6,284.0,283.1,281.8,285.2,281.7,283.1,284.1,141.1,130.4,120.2,109.9,96.2,79.7,60.8,41.8,33.0,34.7,45.3,54.9,63.2,71.5,79.9,88.2,97.0,117.5,110.4,100.0,87.5,76.6,71.2,73.7,76.7,78.1,78.4,67.6,56.3,44.6,33.1,46.9,41.7,37.8,38.2,39.5,100.6,95.9,90.6,84.2,85.8,90.8,71.7,73.6,72.5,71.7,67.7,68.5,52.2,42.1,36.8,33.9,33.7,35.6,40.6,32.9,29.3,29.9,32.3,39.6,48.3,35.7,33.2,32.7,39.3,33.2,33.6,36.3,-103.2,-86.9,-70.6,-55.0,-42.9,-35.5,-33.0,-33.9,-36.4,-37.6,-39.8,-43.6,-50.9,-61.0,-73.2,-86.1,-99.2,-143.5,-155.8,-161.4,-163.4,-160.9,-160.2,-162.0,-158.9,-152.0,-140.6,-145.6,-137.6,-130.0,-122.0,-103.9,-103.3,-102.8,-103.7,-104.7,-132.6,-140.8,-141.6,-135.0,-133.3,-132.3,-134.9,-141.0,-139.6,-132.1,-131.8,-132.9,-72.2,-81.6,-86.8,-86.0,-87.4,-82.5,-75.3,-74.7,-74.6,-73.9,-73.6,-72.5,-74.0,-80.8,-81.0,-81.6,-76.1,-81.7,-81.1,-80.7,726.6,724.9,721.3,716.2,709.1,698.6,686.0,672.7,656.7,639.6,622.9,607.2,594.7,586.3,581.4,578.9,577.6,723.4,715.5,703.5,691.1,679.7,657.6,644.0,629.3,614.4,602.4,667.3,667.7,668.3,668.7,678.8,672.3,665.5,658.2,651.4,708.4,701.7,692.1,684.0,692.1,701.7,644.8,637.3,627.2,618.2,625.6,635.6,684.9,676.9,669.3,663.5,656.7,646.3,634.7,645.3,654.8,662.0,668.5,676.3,681.0,668.8,662.8,655.8,639.1,655.8,662.9,668.8,0.951,-2.051,1.131,1.933,385.315,264.706,6.484,-11.577,-15.269,-1.719,20.413,4.737,5.281000000000001,2.211,3.267,10.219,3.703,2.0980000000000003,-1.5490000000000002,0.845,1.866,-0.7140000000000001,-1.942,1.533,0.271,0.507,0.315,-0.563,-0.071,-0.337,1.021,0.011,0.059,-0.042,-0.037,0.059,0.092,-0.052,0.003,0.0579999999999999,0.0,0.0,0.0,0.0,0.0,0.0,0.0,0.0,0.0,0.0,0.0,0.0,0.0,0.0,0.0,0.0,0.0,0.0,0.0,0.0,0.0,0.0,0.0,0.0,0.0,0.0,0.0,0.0,0.0,0.0,0.0,0.0,0.0,0.0,0.0
89,0,2.9360000000000004,0.03,0,0.0,0.0,0.0,0.0,0.0,0.0,0.0,0.0,419.5,421.7,420.7,417.1,413.0,410.7,411.8,415.4,426.9,424.8,421.2,417.9,415.0,412.8,410.8,410.0,410.5,412.5,416.3,421.4,416.6,415.0,414.6,415.5,417.4,419.0,419.4,418.5,401.2,404.5,406.1,405.0,401.9,398.7,397.1,398.1,401.1,402.2,402.5,402.3,402.3,402.7,402.3,399.1,396.6,395.6,396.3,398.5,400.8,400.4,401.0,402.4,403.6,404.0,403.4,402.0,236.7,231.4,227.8,228.1,232.2,238.0,241.1,240.8,243.6,237.6,232.4,229.0,229.0,231.4,235.7,237.7,239.0,240.6,242.3,243.6,237.8,238.0,236.4,234.0,232.2,232.0,233.6,236.0,222.7,219.3,218.0,219.4,222.8,226.2,227.6,226.6,228.1,223.5,219.9,218.0,219.4,222.5,227.0,227.7,227.7,227.7,227.9,228.5,224.8,225.4,224.8,223.4,222.0,221.4,222.0,223.4,70.2,71.6,70.3,67.2,64.0,62.4,63.8,67.0,76.1,74.5,71.5,68.5,65.8,63.7,61.9,61.7,62.6,64.6,67.8,71.9,67.5,66.1,65.6,66.2,67.6,69.0,69.6,69.0,69.0,71.8,72.8,71.3,68.3,65.6,64.6,66.1,69.6,70.4,70.3,69.6,69.0,68.8,68.2,65.6,63.9,63.4,64.5,66.9,68.2,67.6,68.0,69.1,70.3,70.9,70.5,69.4,-91.6,-95.3,-97.2,-96.2,-92.9,-89.0,-87.4,-88.3,-87.0,-91.3,-94.9,-96.7,-95.8,-93.3,-89.6,-88.8,-88.6,-88.1,-87.4,-86.8,-90.0,-89.6,-90.5,-92.1,-93.6,-94.0,-93.1,-91.5,-124.4,-127.2,-127.5,-125.3,-121.8,-119.1,-118.8,-120.6,-120.6,-124.5,-127.1,-127.8,-125.4,-121.8,-117.3,-117.2,-118.0,-118.9,-119.5,-119.7,-121.7,-120.8,-120.9,-122.0,-123.5,-124.4,-124.2,-123.1,467.4,465.9,462.4,458.9,457.4,458.4,462.3,465.9,469.9,469.2,467.4,464.2,459.9,456.3,453.4,456.4,460.4,464.0,467.0,469.0,463.5,461.9,460.4,459.7,460.4,462.0,463.5,464.2,570.1,568.5,564.5,560.4,558.6,560.1,564.1,568.5,575.2,573.5,570.6,566.0,561.0,557.1,554.5,557.1,560.8,564.9,568.9,572.6,566.0,564.3,562.7,562.0,562.8,564.5,566.1,566.7,59.1,-86.7,592.0,-2.208,0.959,2.264,470.4,459.6,448.4,435.9,420.7,403.2,383.6,364.5,355.1,357.3,369.6,380.9,390.8,400.2,410.3,420.6,432.1,442.8,436.8,426.8,414.1,402.3,398.7,402.6,407.4,410.3,411.9,393.6,380.9,367.5,354.4,368.9,364.0,359.7,359.6,360.9,426.1,421.6,416.4,409.5,411.0,415.9,400.2,403.0,402.3,402.2,396.3,396.9,369.2,360.0,355.4,352.7,352.8,354.0,358.9,351.3,348.4,349.0,351.3,357.6,365.2,354.4,352.1,351.9,357.3,352.9,353.1,355.4,278.3,295.2,311.6,326.1,336.8,342.1,342.0,338.5,333.6,330.5,326.1,319.6,309.6,297.0,283.6,270.0,256.4,238.2,223.1,212.8,207.0,206.3,202.8,198.7,198.9,203.8,215.3,220.0,227.4,234.1,241.2,264.9,263.9,262.9,261.1,259.1,243.1,232.9,229.8,235.2,238.9,242.3,228.3,219.7,219.1,226.3,228.0,228.8,299.3,287.3,279.9,280.5,278.1,283.1,291.2,291.3,292.0,293.4,294.5,296.7,296.3,287.7,286.8,285.8,290.3,283.1,284.4,285.5,148.5,137.0,124.9,111.5,95.1,76.6,56.4,37.3,27.7,28.9,38.6,47.1,54.2,61.0,68.5,76.3,85.0,120.5,113.1,101.1,86.8,73.9,68.0,69.9,72.1,72.6,72.3,64.3,52.6,40.1,27.8,42.1,37.0,32.6,32.2,33.0,101.1,95.7,89.2,81.3,83.9,90.1,67.8,69.4,67.5,66.2,62.1,63.8,42.7,33.5,28.7,26.0,25.9,26.5,30.4,24.0,21.7,22.5,24.9,31.1,38.7,27.8,25.4,25.0,29.2,25.9,26.4,28.8,-83.4,-65.9,-49.0,-34.0,-23.1,-17.5,-17.3,-20.4,-24.3,-26.3,-29.4,-34.0,-41.5,-51.2,-61.3,-71.8,-82.3,-124.5,-138.5,-146.2,-149.2,-147.0,-145.1,-145.2,-141.0,-132.8,-120.4,-131.2,-124.7,-118.9,-112.5,-91.3,-91.3,-91.3,-91.9,-92.7,-116.9,-125.9,-127.0,-120.2,-118.2,-116.7,-118.9,-124.8,-123.0,-114.8,-115.1,-116.5,-58.7,-69.6,-75.9,-74.7,-76.1,-70.2,-61.6,-62.7,-63.0,-62.4,-62.0,-60.5,-61.3,-68.3,-68.6,-68.8,-63.0,-71.3,-70.8,-70.4,642.2,640.3,636.5,631.9,625.5,616.2,605.4,594.5,579.6,562.1,544.8,529.0,517.6,510.5,505.3,501.7,499.4,642.9,636.1,624.9,613.2,601.8,580.6,566.1,550.2,534.6,523.2,589.8,591.7,593.7,595.5,603.4,597.5,591.4,584.3,577.8,629.0,622.9,613.5,605.7,613.7,623.3,567.6,559.5,549.0,539.7,548.0,558.4,607.6,601.8,595.5,590.3,584.4,574.8,563.5,574.0,582.6,588.9,594.6,601.1,604.4,594.4,589.2,583.0,568.7,583.3,589.5,594.6,1.0759999999999998,-2.176,1.045,2.056,387.8080000000001,267.328,23.331,7.593999999999999,-21.993,9.037,21.022,-2.479,3.762,0.609,4.702,8.56,4.585,3.4330000000000003,0.8859999999999999,2.003,1.985,-0.657,-1.224,1.656,1.727,-0.37,1.195,-0.8009999999999999,0.02,0.042,1.1740000000000002,-0.138,-0.251,-0.176,0.172,0.0,0.1689999999999999,-0.024,-0.011,0.067,0.0,0.0,0.0,0.0,0.0,0.0,0.0,0.0,0.0,0.0,0.0,0.0,0.0,0.0,0.0,0.0,0.0,0.0,0.0,0.0,0.0,0.0,0.0,0.0,0.0,0.0,0.0,0.0,0.0,0.0,0.0,0.0,0.0,0.0,0.0
90,0,2.97,0.03,0,0.0,0.0,0.0,0.0,0.0,0.0,0.0,0.0,422.4,425.1,423.7,419.3,414.3,411.3,412.9,417.4,426.8,425.8,422.9,419.6,416.1,413.1,410.3,409.8,410.8,413.3,417.2,422.1,418.5,416.6,416.0,417.1,419.2,421.1,421.7,420.6,402.2,405.1,405.6,403.4,399.9,397.0,396.5,398.7,401.1,402.3,402.6,402.0,401.5,401.5,400.7,397.8,395.9,395.3,396.3,398.5,400.5,399.5,399.8,401.1,402.8,403.8,403.5,402.2,234.7,230.4,227.7,228.2,231.5,236.1,238.4,238.0,240.0,234.6,230.3,227.8,228.7,231.6,235.8,236.7,236.7,237.4,238.5,239.8,235.9,236.1,235.0,233.2,231.8,231.6,232.7,234.5,226.0,222.9,221.7,223.1,226.3,229.4,230.6,229.6,230.8,226.3,223.0,221.6,223.6,227.5,232.5,232.7,232.1,231.6,231.3,231.4,228.2,228.9,228.3,226.8,225.4,224.7,225.3,226.7,75.5,77.1,75.5,71.6,67.7,65.9,67.7,71.5,79.3,78.2,75.6,72.4,69.2,66.5,64.2,64.3,65.6,68.1,71.5,75.5,71.9,70.3,69.6,70.3,71.9,73.5,74.2,73.5,69.1,71.4,71.4,69.0,65.8,63.5,63.5,65.9,68.5,69.4,69.2,68.2,67.1,66.7,65.8,63.6,62.3,62.2,63.5,65.9,67.2,66.1,66.1,67.2,68.7,69.8,69.8,68.7,-97.1,-99.8,-101.1,-100.1,-97.6,-94.5,-93.6,-94.5,-93.5,-97.3,-100.1,-101.2,-99.7,-96.9,-93.5,-93.5,-94.3,-94.6,-94.2,-93.5,-95.4,-95.1,-95.6,-96.8,-97.8,-98.2,-97.7,-96.5,-120.0,-122.3,-122.5,-120.4,-117.4,-115.1,-114.9,-116.6,-116.3,-120.0,-122.2,-122.5,-119.7,-115.5,-110.7,-111.1,-112.4,-113.7,-114.7,-115.3,-117.3,-116.3,-116.4,-117.5,-118.9,-119.9,-119.8,-118.7,487.1,484.5,480.6,477.6,477.3,479.6,483.9,486.9,489.8,488.0,485.5,481.6,477.5,474.8,473.5,476.9,481.1,484.9,487.6,489.3,483.8,482.5,480.9,479.8,479.9,481.1,482.8,483.9,563.2,561.0,556.9,553.2,552.2,554.4,558.5,562.4,566.4,564.3,561.1,556.4,551.8,548.2,546.3,549.0,552.7,556.6,560.6,564.0,559.7,558.0,556.0,555.0,555.5,557.2,559.2,560.2,58.7,-83.9,579.0,-2.182,0.959,2.309,476.4,464.6,452.3,438.1,421.7,403.7,383.8,364.7,356.1,358.6,370.9,381.4,389.9,398.3,408.5,419.8,432.4,445.6,440.7,430.9,417.8,405.3,400.6,404.6,408.8,410.5,411.2,395.3,381.9,367.9,354.2,369.7,364.5,359.5,359.5,360.9,426.7,422.3,417.0,409.8,411.5,416.5,400.1,402.8,401.5,401.1,395.5,396.5,373.5,362.8,356.5,353.7,353.7,355.4,361.9,351.8,347.5,347.9,350.4,358.7,369.9,355.4,353.1,352.9,359.9,352.5,352.4,355.1,272.9,291.3,309.0,324.7,336.1,342.6,343.7,341.3,338.3,336.5,332.8,325.9,314.5,300.6,287.0,273.7,260.5,234.1,218.6,207.9,202.0,201.5,199.8,197.9,200.6,207.9,221.4,219.3,226.5,233.0,240.1,263.9,263.3,262.8,261.6,260.2,239.9,230.5,228.3,234.0,237.2,239.7,230.7,223.2,223.5,231.3,232.2,232.3,298.9,287.5,280.3,281.3,279.5,285.3,294.5,294.6,294.4,295.1,295.6,297.5,296.8,287.7,287.4,286.7,293.3,286.2,286.9,287.5,151.3,139.4,126.6,112.0,94.9,76.0,55.8,37.0,28.2,29.6,39.2,46.7,52.6,58.6,66.0,74.2,83.4,120.2,114.0,102.4,88.0,74.7,67.7,69.3,70.9,70.4,69.6,64.1,52.1,39.5,27.0,42.0,36.7,31.8,31.4,32.2,99.4,94.0,87.6,79.7,82.5,88.6,66.0,67.3,65.0,63.6,59.8,61.9,46.3,35.6,29.3,26.4,26.2,27.2,32.3,24.0,20.5,21.1,23.6,31.7,42.5,28.3,25.9,25.4,30.9,25.0,25.3,28.0,-87.0,-68.6,-50.7,-35.0,-23.5,-16.8,-15.5,-17.4,-19.7,-20.7,-23.2,-28.2,-36.8,-47.4,-57.7,-67.5,-77.3,-125.6,-139.3,-147.1,-150.0,-147.5,-143.4,-141.2,-134.9,-125.2,-112.0,-128.3,-122.4,-117.0,-111.0,-90.4,-90.0,-89.5,-89.5,-89.7,-117.3,-125.2,-125.3,-118.5,-117.0,-116.5,-113.8,-118.4,-115.9,-107.5,-108.4,-110.5,-58.2,-68.3,-74.1,-72.6,-73.4,-66.9,-57.4,-58.6,-59.8,-59.9,-60.0,-58.9,-59.9,-67.2,-66.9,-66.7,-59.0,-67.2,-67.4,-67.4,628.5,628.0,625.9,622.7,617.0,607.9,597.3,586.6,571.2,553.5,536.0,520.4,509.3,502.2,496.7,492.1,488.7,627.1,619.7,608.4,596.7,585.4,563.0,548.0,532.2,517.7,508.2,573.8,576.6,579.5,582.0,591.8,585.6,579.4,572.0,565.2,614.5,607.8,598.4,591.1,599.3,609.1,553.2,544.1,533.7,525.0,533.6,544.0,599.4,592.2,585.0,579.7,573.3,563.2,551.4,563.3,573.2,580.0,585.9,592.9,596.2,584.6,579.1,572.5,556.5,572.8,579.4,584.8,1.099,-2.146,1.041,2.0980000000000003,388.767,268.139,17.634,14.554,-15.818,10.203,20.244,-3.438,-1.3259999999999998,-2.266,-0.649,7.84,-2.741,2.219,1.372,-0.153,-1.199,-1.086,-1.5419999999999998,1.148,0.831,-0.355,1.403,0.902,-0.417,0.62,0.294,-0.048,-0.346,-0.217,-0.037,0.317,0.013,0.046,-0.06,-0.006,0.0,0.0,0.0,0.0,0.0,0.0,0.0,0.0,0.0,0.0,0.0,0.0,0.0,0.0,0.0,0.0,0.0,0.0,0.0,0.0,0.0,0.0,0.0,0.0,0.0,0.0,0.0,0.0,0.0,0.0,0.0,0.0,0.0,0.0,0.0
91,0,3.003,0.03,0,0.0,0.0,0.0,0.0,0.0,0.0,0.0,0.0,409.8,412.4,411.4,407.4,402.7,399.9,401.1,405.1,414.8,413.6,410.7,407.5,404.3,401.5,398.7,398.3,399.1,401.3,405.1,409.8,406.3,404.4,403.9,405.1,407.4,409.3,409.8,408.6,388.2,390.2,390.9,390.1,388.2,386.3,385.5,386.4,389.5,389.1,388.3,387.7,388.0,388.9,389.9,387.3,385.4,384.7,385.4,387.3,388.0,387.7,388.0,388.8,389.6,390.0,389.7,388.8,226.0,222.5,221.3,223.0,226.6,230.7,231.4,229.7,232.1,227.1,223.3,221.6,223.4,227.0,231.9,231.9,231.1,231.0,231.4,232.0,228.8,229.6,229.0,227.3,225.5,224.7,225.3,227.0,232.3,229.4,228.9,231.0,234.6,237.4,237.9,236.1,235.4,232.4,230.5,230.3,232.4,235.5,239.4,239.8,239.3,238.4,237.5,236.8,234.8,235.7,235.5,234.3,232.8,231.9,232.1,233.3,64.6,66.2,64.8,61.4,57.9,56.1,57.6,61.0,69.1,67.8,65.2,62.2,59.3,56.9,54.7,54.9,55.9,58.0,61.3,65.1,61.6,59.9,59.3,60.0,61.7,63.4,64.0,63.3,69.1,71.0,71.4,70.1,67.9,66.1,65.7,67.1,71.1,70.3,69.1,68.0,67.8,68.5,69.4,66.9,65.2,64.9,66.0,68.5,68.5,68.0,68.2,69.0,69.9,70.4,70.2,69.5,-102.0,-104.0,-104.1,-102.1,-99.4,-97.0,-97.4,-99.2,-98.4,-101.7,-104.0,-104.4,-102.2,-99.0,-95.2,-95.9,-97.2,-98.1,-98.4,-98.2,-99.3,-98.4,-98.5,-99.4,-100.7,-101.7,-101.6,-100.7,-139.6,-142.2,-141.9,-138.8,-134.9,-132.3,-132.6,-135.4,-137.3,-140.0,-141.4,-140.7,-137.4,-133.4,-129.0,-129.1,-130.4,-132.1,-133.9,-135.4,-136.2,-134.9,-134.8,-135.8,-137.5,-138.8,-138.9,-137.8,479.0,476.0,471.7,468.7,468.8,471.7,476.2,479.1,483.7,481.4,478.3,474.3,470.4,468.1,467.2,470.6,474.4,478.1,481.0,482.9,476.2,474.8,472.7,471.3,471.2,472.6,474.7,476.2,687.3,684.9,680.6,677.0,676.2,678.7,682.9,686.8,693.0,690.3,686.6,681.8,677.3,674.1,672.4,675.4,679.2,683.2,687.2,690.8,683.8,682.3,680.5,679.5,679.9,681.4,683.2,684.2,57.5,-91.3,622.0,-2.252,1.074,2.549,465.0,457.0,448.2,438.0,424.8,409.2,390.6,370.8,361.5,363.2,374.3,383.4,390.1,395.9,402.9,410.6,419.3,430.5,422.7,411.7,399.3,388.3,383.2,386.3,390.1,392.9,395.5,381.4,370.7,359.4,348.4,365.7,360.6,356.1,355.9,356.8,414.6,409.2,404.3,398.9,400.7,405.4,388.7,389.5,388.5,388.9,384.5,385.4,375.3,362.8,355.9,353.3,353.0,355.2,362.2,352.4,348.3,349.0,351.6,360.2,371.6,355.7,353.2,352.9,360.5,352.0,352.3,355.0,250.2,268.0,285.7,302.2,316.3,327.1,333.7,336.7,338.1,338.8,336.7,331.2,321.1,307.3,292.9,278.6,264.1,219.5,208.3,203.3,202.7,206.4,208.5,208.0,211.4,218.9,231.5,222.6,229.8,236.5,243.8,261.8,263.0,264.3,264.2,263.9,230.1,223.8,224.1,230.9,232.0,232.0,235.0,229.7,231.8,239.5,239.8,238.1,291.9,283.4,279.2,281.2,280.7,287.1,296.8,296.4,295.3,294.8,294.1,293.7,291.0,285.7,286.5,287.1,295.1,287.5,287.1,286.5,149.2,141.2,132.0,121.0,106.5,88.8,68.3,46.8,36.4,37.0,46.2,53.2,57.9,62.0,67.2,73.0,79.7,111.6,101.8,88.6,74.5,62.4,55.5,57.0,58.9,60.0,61.2,54.9,44.8,33.9,23.2,41.1,35.7,30.8,30.3,30.8,93.1,86.4,80.3,74.0,76.8,82.8,60.0,59.8,57.8,57.4,54.3,56.0,51.9,38.4,31.1,28.2,27.6,29.3,35.4,26.6,23.0,24.0,26.9,36.0,47.8,30.8,28.1,27.5,34.1,26.6,27.2,30.2,-117.1,-98.4,-79.6,-61.9,-46.6,-34.7,-27.3,-23.8,-21.9,-20.5,-21.9,-26.2,-34.6,-46.0,-57.9,-69.4,-81.0,-148.6,-158.1,-160.2,-157.9,-151.6,-144.5,-141.3,-134.5,-124.6,-111.6,-133.7,-127.5,-121.7,-115.1,-99.3,-97.1,-94.9,-93.9,-93.1,-134.9,-139.8,-137.5,-129.3,-129.9,-131.9,-117.8,-120.6,-116.7,-108.2,-109.6,-113.1,-70.2,-78.0,-81.2,-78.5,-78.1,-70.7,-60.2,-61.8,-64.0,-65.2,-66.5,-67.7,-70.7,-74.7,-73.2,-71.9,-62.3,-71.5,-72.7,-73.9,670.6,672.9,673.8,673.8,670.8,663.7,654.2,643.5,627.7,609.3,590.0,572.6,559.2,549.9,542.7,536.4,531.2,665.1,655.3,642.9,631.1,620.5,599.6,584.6,569.3,555.2,546.3,612.0,615.8,619.5,623.1,635.7,629.7,623.6,616.2,609.2,653.5,645.6,636.3,629.8,638.6,648.1,592.4,582.5,572.5,564.9,573.7,583.6,648.6,640.0,631.7,626.4,619.4,610.0,599.1,611.7,621.8,629.0,635.1,642.3,645.1,632.4,626.8,619.8,604.1,620.2,627.3,632.9,1.02,-2.198,1.152,2.3280000000000003,383.107,267.137,19.278,12.386,-11.085,3.706,10.21,-3.425,-0.951,-2.741,2.734,2.545,-0.4,1.947,-4.189,-0.133,-0.563,-2.092,-1.332,0.188,-1.042,-0.56,0.151,0.08,-0.753,0.2269999999999999,-0.088,-0.62,0.221,-0.151,-0.158,0.069,0.133,0.146,-0.051,-0.019,0.0,0.0,0.0,0.0,0.0,0.0,0.0,0.0,0.0,0.0,0.0,0.0,0.0,0.0,0.0,0.0,0.0,0.0,0.0,0.0,0.0,0.0,0.0,0.0,0.0,0.0,0.0,0.0,0.0,0.0,0.0,0.0,0.0,0.0,0.0
92,0,3.036,0.03,0,0.0,0.0,0.0,0.0,0.0,0.0,0.0,0.0,407.9,409.9,408.8,405.2,401.1,398.8,400.2,403.8,411.5,410.4,407.8,405.0,402.3,400.2,398.1,397.7,398.4,400.3,403.4,407.4,404.7,403.0,402.5,403.5,405.3,407.0,407.5,406.5,388.7,390.4,391.2,390.5,388.7,386.9,386.2,387.0,389.8,389.4,388.7,388.1,388.5,389.4,390.4,387.9,386.0,385.3,386.0,387.8,388.5,388.2,388.5,389.3,390.0,390.3,390.0,389.2,225.5,222.3,221.0,222.3,225.5,229.2,230.0,228.7,230.4,226.0,222.8,221.4,223.1,226.6,230.9,230.5,229.5,229.2,229.5,230.2,227.7,228.3,227.7,226.2,224.8,224.1,224.7,226.2,231.9,229.2,228.8,230.9,234.3,236.9,237.3,235.5,234.7,232.0,230.2,230.1,232.1,235.1,238.8,239.3,238.9,238.1,237.1,236.2,234.3,235.2,235.0,233.9,232.5,231.6,231.8,232.9,73.3,74.7,73.1,69.6,66.1,64.4,66.1,69.7,77.0,75.7,73.0,69.9,67.1,65.0,63.1,63.1,64.1,66.3,69.4,73.2,70.1,68.5,67.8,68.4,70.0,71.7,72.4,71.7,73.7,75.4,75.9,74.7,72.6,70.8,70.4,71.7,75.6,74.8,73.6,72.5,72.4,73.2,74.1,71.6,69.9,69.4,70.6,73.0,73.1,72.6,72.8,73.6,74.5,75.0,74.8,74.0,-119.0,-121.1,-121.3,-119.5,-116.8,-114.2,-114.4,-116.2,-115.4,-118.8,-121.0,-121.3,-118.8,-115.3,-111.4,-112.4,-114.1,-115.2,-115.5,-115.4,-116.4,-115.6,-115.7,-116.7,-118.0,-118.8,-118.7,-117.7,-148.3,-150.8,-150.4,-147.2,-143.3,-140.8,-141.1,-144.0,-146.1,-148.7,-150.0,-149.2,-145.9,-141.9,-137.4,-137.4,-138.6,-140.3,-142.3,-143.9,-144.7,-143.4,-143.3,-144.3,-146.0,-147.3,-147.5,-146.4,556.1,553.1,548.9,546.0,546.1,548.9,553.4,556.2,560.0,557.6,554.4,550.1,546.0,543.6,542.5,545.8,549.8,553.7,556.8,559.0,553.2,551.9,549.9,548.5,548.5,549.8,551.7,553.1,727.7,725.2,721.0,717.4,716.7,719.2,723.4,727.3,733.4,730.6,726.9,722.2,717.8,714.6,713.1,716.0,719.8,723.8,727.7,731.3,724.3,722.8,721.0,720.0,720.3,721.8,723.6,724.6,59.1,-95.1,639.1,-2.228,1.099,2.539,460.9,453.6,445.7,436.3,423.8,408.8,390.4,370.7,362.0,364.3,376.0,385.5,392.7,398.6,405.0,411.8,420.0,428.1,420.5,410.1,398.3,387.7,383.3,386.4,390.3,393.2,396.0,381.3,370.6,359.4,348.4,365.7,360.7,356.3,356.5,357.7,411.9,407.0,402.7,398.0,399.3,403.5,389.0,389.7,388.8,389.3,385.2,386.0,375.1,362.9,356.4,353.9,353.7,356.2,363.4,353.4,349.1,349.7,352.1,360.3,371.6,356.3,354.0,353.8,361.6,352.8,352.9,355.5,247.2,264.6,281.9,298.2,312.3,323.3,330.2,333.8,335.8,337.1,335.2,329.8,320.0,306.4,291.9,277.5,262.9,219.4,208.2,203.3,203.0,206.7,209.2,208.9,212.4,219.9,232.4,222.4,229.5,236.2,243.6,260.4,261.8,263.2,263.2,263.0,228.6,223.0,223.3,229.8,230.6,230.4,234.4,229.7,231.8,239.1,239.2,237.4,289.0,281.3,277.7,279.8,279.4,285.4,294.6,294.5,293.3,292.9,292.0,291.2,288.4,283.9,284.9,285.5,293.1,285.9,285.4,284.7,148.6,141.2,132.7,122.4,108.3,90.9,70.0,48.1,38.0,39.2,49.2,56.8,62.1,66.4,71.3,76.5,83.0,111.7,102.0,89.2,75.4,63.5,57.1,58.6,60.8,62.0,63.6,56.2,45.8,34.7,23.8,42.2,36.7,31.8,31.6,32.5,92.5,86.2,80.6,74.9,77.3,82.8,62.0,61.6,59.8,59.5,56.6,58.2,53.0,39.5,32.4,29.6,29.0,31.0,37.6,28.3,24.4,25.3,28.1,37.0,49.0,32.3,29.6,29.1,36.1,28.1,28.5,31.5,-123.4,-104.7,-85.8,-67.9,-52.3,-39.8,-31.9,-27.6,-24.8,-22.9,-24.0,-28.3,-36.7,-48.3,-60.7,-72.8,-84.8,-152.3,-162.2,-164.3,-161.6,-155.1,-147.6,-144.3,-137.4,-127.4,-114.4,-137.4,-131.1,-125.1,-118.3,-103.3,-100.9,-98.5,-97.4,-96.5,-139.8,-144.1,-141.7,-133.7,-134.6,-136.7,-121.6,-124.1,-120.1,-111.9,-113.5,-117.0,-75.1,-82.2,-84.8,-81.9,-81.4,-74.2,-64.0,-65.4,-67.6,-68.9,-70.4,-72.1,-75.4,-78.5,-76.8,-75.3,-66.1,-75.0,-76.3,-77.7,687.9,690.3,691.4,691.7,689.1,682.3,672.9,661.9,645.7,626.8,607.3,589.9,576.5,567.3,560.3,554.3,549.3,681.4,671.9,659.4,647.3,636.5,615.5,600.6,585.5,571.9,563.6,628.0,631.7,635.4,639.0,651.8,645.9,639.8,632.3,625.2,669.4,661.5,652.3,645.8,654.4,663.8,608.9,599.1,589.5,582.2,590.7,600.3,665.3,656.5,648.0,642.6,635.4,626.1,615.6,627.9,637.8,645.2,651.5,658.9,661.8,648.8,643.0,635.8,620.5,636.2,643.5,649.2,0.993,-2.157,1.1740000000000002,2.301,383.114,265.807,20.051,11.707,-10.173,4.849,5.803999999999999,-1.4780000000000002,-0.258,-3.232,3.607,2.834,-1.534,0.75,-2.832,-0.466,0.53,-2.587,-1.571,-0.021,-1.545,-0.763,0.754,-0.369,-0.84,0.308,-0.1669999999999999,-0.589,0.191,-0.248,-0.01,0.158,0.2269999999999999,0.248,-0.064,-0.062,0.0,0.0,0.0,0.0,0.0,0.0,0.0,0.0,0.0,0.0,0.0,0.0,0.0,0.0,0.0,0.0,0.0,0.0,0.0,0.0,0.0,0.0,0.0,0.0,0.0,0.0,0.0,0.0,0.0,0.0,0.0,0.0,0.0,0.0,0.0
93,0,3.07,0.03,0,0.0,0.0,0.0,0.0,0.0,0.0,0.0,0.0,406.7,408.5,407.5,404.1,400.4,398.4,399.6,403.0,410.2,408.6,405.9,403.2,401.1,399.5,398.0,397.4,397.7,399.4,402.4,406.2,403.9,402.3,401.8,402.7,404.4,405.9,406.4,405.5,388.4,390.2,390.9,390.2,388.5,386.7,386.0,386.8,389.5,389.1,388.4,387.9,388.3,389.3,390.3,387.7,385.9,385.2,385.8,387.5,388.3,388.0,388.3,389.0,389.8,390.1,389.8,389.0,223.5,220.2,219.1,220.9,224.5,228.2,228.9,227.1,227.4,223.5,220.9,220.0,222.0,225.6,229.9,229.4,228.2,227.6,227.4,227.6,226.1,226.9,226.4,224.9,223.2,222.4,222.9,224.4,231.8,229.2,228.9,231.1,234.4,237.0,237.3,235.4,234.4,231.8,230.2,230.2,232.3,235.4,239.1,239.5,238.9,238.0,236.9,235.9,234.3,235.2,235.1,234.0,232.6,231.6,231.8,232.9,73.8,75.1,73.5,70.1,66.9,65.4,67.1,70.5,77.5,75.7,72.8,69.9,67.5,65.8,64.3,64.2,64.9,66.9,69.9,73.7,70.9,69.3,68.7,69.2,70.7,72.3,73.0,72.4,73.9,75.7,76.1,74.9,72.9,71.1,70.7,72.0,75.7,74.9,73.8,72.7,72.7,73.6,74.5,72.0,70.2,69.7,70.8,73.2,73.4,72.9,73.1,73.8,74.7,75.2,75.0,74.3,-123.3,-125.6,-125.6,-123.4,-120.2,-117.5,-117.9,-120.1,-120.7,-123.6,-125.3,-125.1,-122.4,-118.7,-114.7,-115.8,-117.6,-119.1,-119.9,-120.2,-120.4,-119.4,-119.4,-120.4,-121.9,-122.9,-122.9,-121.8,-149.4,-151.9,-151.3,-148.1,-144.1,-141.7,-142.2,-145.1,-147.5,-149.9,-151.1,-150.1,-146.7,-142.6,-138.1,-138.2,-139.6,-141.4,-143.4,-145.2,-145.8,-144.4,-144.2,-145.3,-147.0,-148.3,-148.6,-147.5,568.3,565.1,560.8,557.8,557.9,560.8,565.4,568.4,572.2,569.7,566.3,561.9,557.8,555.3,554.3,557.6,561.5,565.5,568.7,571.0,565.2,563.9,561.9,560.5,560.4,561.8,563.8,565.2,732.7,730.1,725.9,722.5,721.8,724.4,728.7,732.5,738.4,735.5,731.8,727.0,722.7,719.6,718.2,721.2,724.9,728.9,732.8,736.3,729.4,728.0,726.2,725.1,725.3,726.8,728.6,729.7,197.2,-323.7,2108.1,3.136,1.257,-2.947,459.8,452.6,444.8,435.6,423.4,408.7,390.6,370.8,362.3,364.8,376.8,386.5,393.8,399.5,405.7,412.3,420.5,426.3,418.7,408.6,397.2,387.0,382.8,386.0,390.0,393.1,395.8,380.8,370.2,359.1,348.3,365.5,360.5,356.2,356.5,357.9,410.5,405.7,401.6,397.1,398.4,402.3,388.8,389.3,388.5,389.2,385.2,385.8,375.3,362.9,356.3,353.8,353.7,356.4,363.9,353.5,348.9,349.4,351.8,360.1,371.9,356.2,353.9,353.8,362.0,352.6,352.6,355.3,244.1,261.6,279.0,295.4,309.8,321.3,328.8,333.0,335.6,337.2,335.6,330.2,320.3,306.6,291.9,277.4,263.0,216.9,206.1,201.7,202.0,206.2,209.3,209.1,212.8,220.4,232.8,221.9,229.0,235.7,243.1,259.2,260.8,262.5,262.6,262.6,226.5,221.2,221.9,228.5,229.0,228.5,234.1,229.7,232.0,239.3,239.2,237.2,287.4,279.6,276.3,278.6,278.3,284.6,294.2,294.2,293.0,292.3,291.3,290.1,286.9,282.5,283.6,284.5,292.6,285.5,284.8,284.0,147.5,140.2,131.9,121.9,108.1,91.1,70.3,48.3,38.3,39.8,50.1,57.7,63.1,67.3,71.9,77.0,83.4,109.6,99.9,87.4,74.1,62.6,56.4,58.1,60.4,61.8,63.3,55.6,45.3,34.4,23.6,41.9,36.4,31.7,31.6,32.7,90.9,84.7,79.3,73.9,76.2,81.4,61.7,61.1,59.4,59.3,56.4,57.9,53.2,39.5,32.2,29.4,28.9,31.2,38.0,28.4,24.2,25.0,27.8,36.8,49.3,32.2,29.5,29.1,36.5,27.9,28.3,31.3,-126.9,-108.1,-89.2,-71.2,-55.1,-42.1,-33.4,-28.5,-25.1,-22.8,-23.6,-28.0,-36.4,-48.2,-60.7,-72.8,-84.7,-154.8,-164.1,-165.5,-162.2,-155.2,-147.1,-143.7,-136.7,-126.7,-113.8,-137.6,-131.3,-125.2,-118.4,-104.4,-101.7,-99.1,-97.7,-96.7,-141.9,-145.7,-142.9,-134.8,-136.0,-138.5,-121.7,-123.9,-119.8,-111.6,-113.3,-117.0,-76.9,-83.9,-86.2,-83.1,-82.4,-74.9,-64.3,-65.6,-67.9,-69.4,-71.1,-73.3,-77.0,-79.9,-78.0,-76.3,-66.4,-75.3,-76.8,-78.5,688.2,691.0,692.5,693.1,690.6,683.9,674.4,663.2,646.8,627.7,608.0,590.5,577.1,567.8,560.7,554.5,549.2,680.3,670.4,657.7,645.5,634.7,613.6,598.9,584.1,570.7,562.7,626.4,630.1,633.8,637.4,651.0,645.0,638.8,631.2,624.1,668.2,660.0,650.9,644.5,653.1,662.4,607.7,597.8,588.4,581.3,589.6,599.1,665.5,656.3,647.5,641.9,634.4,625.2,615.0,627.2,637.3,645.0,651.3,659.0,661.9,648.4,642.5,635.1,619.9,635.6,643.1,649.0,0.994,-2.124,1.1909999999999998,2.29,382.88,264.95,18.713,12.005,-8.664,3.185,3.676,-2.069,-0.255,-3.808,3.094,2.132,-1.351,0.542,-3.048,-0.176,0.659,-2.838,-0.98,0.091,-1.339,-0.887,0.982,-0.437,-1.022,-0.045,0.088,-0.461,0.139,-0.25,0.086,0.281,0.208,0.162,-0.079,-0.069,0.0,0.0,0.0,0.0,0.0,0.0,0.0,0.0,0.0,0.0,0.0,0.0,0.0,0.0,0.0,0.0,0.0,0.0,0.0,0.0,0.0,0.0,0.0,0.0,0.0,0.0,0.0,0.0,0.0,0.0,0.0,0.0,0.0,0.0,0.0
